1 200 1 
-0.0202736 -0.122135 -0.943869 0.902966 -2.63671 -2.62985 -3.05525 0.760596 -0.134112 0.395472 -0.558117 -0.554695 -0.148037 -2.52139 0.557086 0.610258 0.943552 0.339254 0.191363 -2.65163 -2.57812 1.69738 0.0409216 0.946205 0.461692 -0.943716 0.113815 0.483667 0.707086 -0.557168 -2.74026 -0.555869 0.602414 1.6489 -0.556773 -0.295141 0.329422 -0.559625 0.962654 -0.0314563 1.76775 0.583565 -0.341785 0.175019 0.15139 -0.554272 0.0565763 0.579674 0.74842 0.726626 -0.554877 -2.70661 1.84223 -0.55519 0.214426 0.80063 0.637221 0.617979 0.481628 -0.559078 -2.51583 -2.83663 0.0265622 -2.68676 1.02316 -1.05984 0.375867 1.06006 0.046073 -0.561784 0.108323 0.902674 0.566884 -2.94599 -0.554466 0.282171 1.68534 0.732237 0.559397 1.86555 -0.554441 1.58338 -0.554793 0.839381 -0.553605 1.66963 0.359369 -0.554694 0.826872 -0.558406 -0.562233 0.694115 0.509912 -0.558326 1.09909 -0.55457 -2.7134 -2.75785 0.960551 0.491234 -2.4899 -0.553894 0.0329435 1.61918 0.217581 0.00946872 0.787256 1.85319 0.132479 0.380119 -2.77939 0.617862 0.986747 -2.57622 0.029057 -0.177485 -2.65348 -0.45225 0.481053 -2.88444 -2.95228 1.19536 0.343865 -0.561879 1.7704 -2.76611 1.1679 0.412287 1.43702 -0.554563 -0.554473 1.01472 -0.741864 0.956217 0.362227 0.0520896 0.904526 0.703466 -0.97535 -0.558395 1.75614 0.640936 -0.562424 1.77975 1.10792 0.480915 0.156483 -2.52394 0.309138 -0.558792 0.0203641 1.02819 -0.558969 -0.510068 0.31062 -1.06937 -0.553692 0.124764 -0.555297 -1.41495 0.0687355 1.00926 -0.554294 0.594596 1.35943 0.0805129 1.00479 -0.259319 0.0415511 0.45366 0.0283187 -0.561962 -2.53573 1.67052 -0.245982 -0.228132 -0.562297 1.26132 0.318875 0.741626 0.336094 1.74167 0.170229 -0.555313 -0.203869 1.74144 -2.69107 0.886172 -0.557831 1.41768 -0.560057 0.534461 -0.561616 0.580851 0.753727 -0.0444812 0.799627 0.12049 0.0258912 0.893647 
9.58668 
-0.0311232 
-79.5046 
4.39796 
-4.60064 
-4.58487 
-3.99458 
4.82582 
11.2859 
6.38282 
-25.8546 
-24.861 
11.4653 
-4.7174 
5.47383 
5.35662 
4.28018 
6.71293 
7.80004 
-4.49711 
-4.62746 
2.79836 
9.32939 
4.2189 
6.04313 
-79.4525 
8.49978 
5.93535 
4.98683 
-25.9848 
-4.68798 
-24.908 
5.39618 
2.9904 
-26.0411 
14.3822 
6.75567 
-25.9875 
4.2086 
10.0561 
2.74501 
5.49022 
-0.0353259 
7.92037 
8.14558 
-24.9795 
9.13371 
5.49976 
4.8601 
4.94039 
-26.3081 
-4.27285 
2.74245 
-24.9488 
7.53076 
4.70013 
5.25149 
5.34647 
5.90849 
-25.6839 
-4.94423 
-4.25176 
9.46584 
-4.82705 
4.07622 
-89.0567 
6.4794 
4.00507 
9.25615 
-25.8717 
8.57621 
4.40509 
5.53354 
-4.00161 
-24.9624 
7.08667 
2.85883 
4.91345 
5.51324 
2.68389 
-25.3473 
2.97893 
-24.8429 
4.5726 
-24.9179 
2.93362 
6.59019 
-25.3593 
4.62193 
-25.8512 
-25.8998 
5.04903 
5.78033 
-25.8382 
3.85008 
-24.9124 
-4.2899 
-4.16468 
4.19897 
5.8634 
-4.697 
-26.3116 
9.41236 
3.05077 
7.57697 
9.66327 
4.69329 
2.7209 
8.28451 
6.49021 
-4.57499 
5.33521 
4.1649 
-5.0404 
9.45183 
11.7921 
-4.76364 
-0.0476382 
5.92222 
-4.44249 
-4.07602 
3.71239 
6.70568 
-25.7044 
2.81126 
-4.18538 
3.77425 
6.22816 
3.15415 
-25.7591 
-24.9047 
4.11085 
0.10629 
4.25907 
6.59452 
9.09361 
4.39758 
5.01579 
-0.0306174 
-25.8094 
2.67418 
5.25254 
-25.8608 
2.79616 
3.89612 
5.8325 
7.98831 
-4.7232 
6.88823 
-25.9832 
9.54752 
4.08107 
-25.738 
-0.0526129 
6.86451 
-91.8706 
-24.9879 
8.40855 
-24.9336 
-0.0533198 
8.99517 
4.12412 
-24.9386 
5.41771 
3.39541 
8.8235 
4.12974 
13.6274 
9.30355 
6.04416 
9.45446 
-25.8135 
-4.83892 
2.83096 
-0.0598451 
12.8275 
-25.682 
3.58381 
6.73276 
4.88233 
6.71015 
2.8646 
7.97157 
-24.4035 
12.3582 
2.84129 
-4.56613 
4.44461 
-26.1466 
3.21953 
-25.8539 
5.70391 
-25.9429 
5.48778 
4.85595 
10.1377 
4.70223 
8.43058 
9.47792 
4.42615 
35.3297 -0.00230653 49.0219 35.1271 -0.000996503 -0.000993212 -0.00099252 35.2123 35.5546 35.259 13.6757 13.5895 35.5258 -0.00637147 35.1608 35.1476 35.2117 35.2605 35.2803 -0.00111601 -0.00266869 34.9655 35.5034 35.1534 35.2759 49.0141 35.3306 35.2786 35.2355 13.6511 -0.00097399 13.6185 35.261 34.8929 13.6441 35.5782 35.2178 13.7135 35.1852 35.4831 34.9954 35.292 -0.00251331 35.2653 35.3117 13.5796 35.4127 35.267 35.1351 35.2576 13.5938 -0.000915767 34.8818 13.6026 35.1581 35.2486 35.0901 35.2742 35.0834 13.6997 -0.00104436 -0.000820065 35.3611 -0.00880281 35.1932 55.0521 35.22 35.1779 35.4447 13.7693 35.3809 35.232 35.1611 -0.00107489 13.5845 35.263 35.0221 35.1437 35.2006 35.027 13.5833 35.019 13.5921 35.2308 13.5648 35.0462 35.2581 13.5896 35.2464 13.683 13.7807 35.1987 35.2428 13.68 35.1255 13.5888 -0.000683579 -0.000947322 35.1693 35.0988 -0.0109912 13.5703 35.501 34.8424 35.2734 35.4442 35.1968 34.9132 35.2238 35.2829 -0.0111975 35.2181 35.1993 -0.0109132 35.4146 35.4725 -0.00759089 -0.00326326 35.1934 -0.00130192 -0.00124179 35.1439 35.2807 13.7687 34.9699 -0.00106681 35.0395 35.2014 34.994 13.5863 13.5848 35.1488 -0.000803807 35.0789 35.2952 35.4502 35.2094 35.2545 -0.00288918 13.6826 34.892 35.2697 13.7821 34.9934 35.1305 35.1727 35.2493 -0.00181396 35.2257 13.6924 35.5182 35.2077 13.6968 -0.00371421 35.1901 55.5467 13.5637 35.3646 13.6043 -0.00282083 35.4594 35.1407 13.5798 35.1299 35.1294 35.4205 35.2046 35.5459 35.5484 35.1103 35.4855 13.771 -0.0101812 34.9677 -0.00338783 35.5667 13.7821 35.1004 35.1646 35.1365 35.205 34.8958 35.287 13.6055 35.5671 35.0212 -0.00637334 35.12 13.6677 35.0372 13.7249 35.2992 13.7651 35.2376 35.2601 35.5514 35.2115 35.3294 35.503 35.1918 
33.8895 
