1 20 1 1 
-0.39216608 -0.50542253 -0.46346393 -0.14146258 -1.0434445 -0.8573642 0.5113529 -0.008055683 -1.4562641 -0.008141332 -1.4539452 -0.010713143 0.20412263 0.29175538 -0.66727406 -0.12380944 -1.3587013 0.29290688 0.3650026 -1.0914392 
-0.09883182 
0.07529508 
0.25958133 
-0.2652489 
-0.15522909 
-0.05856361 
0.54753387 
-0.31756443 
0.23296526 
-0.005199433 
-0.00470371 
-0.2169337 
-5.858794 
1.7735437 
0.012924606 
2.0170357 
0.21087109 
1.7554026 
0.31320202 
0.19547732 
1000.0 
0.1 0.1 0.1 0.1 0.1 0.1 -5.1120114 3.9544566 0.1 -0.35661915 0.1 -0.0076246927 -10.350014 -7.3020835 0.1 4.9707766 0.1 -7.2695827 -3.6509697 0.1 
-5.1970444 
0.0 
