1 20 1 1 
0.025160223 -0.081927136 -0.13963428 -0.21164797 0.0040442185 0.3550309 0.021946631 0.9684622 -0.86405 -0.16529925 -0.15729256 -0.41221464 0.020900197 -0.8864734 -0.12188576 -0.09265695 0.25094026 0.17315753 -0.14918397 -0.065252766 
-0.019578712 
-0.04809031 
-2.499625 
-0.79246306 
-0.0145635875 
-0.107796595 
-0.55030555 
0.1452724 
0.05682532 
2.2460155 
0.6634846 
-0.29439458 
-1.6237442 
-0.040762592 
0.0053726532 
0.15604539 
4.037004 
-4.763283 
0.32224357 
0.285452 
1000.0 
-2.983828 0.1 6.478819 3.7280521 -2.5698068 -2.808466 -3.5858507 1.5499945 0.1 4.8572555 4.585305 0.1 -5.3884788 0.1 1.1549984 0.1 -7.5323215 -9.595951 0.1 6.5793962 
2.4058444 
0.0 
