1 20 1 1 
-1.4845387 0.58818674 -0.66629934 0.21358237 -0.23834737 -0.17231108 -0.35817865 -0.7413185 0.35096464 -1.2801968 -0.45721638 -0.05228492 -0.8387983 -0.9945975 -0.084240556 -1.1127628 -0.103744 -0.024980908 -0.45587084 -0.23846112 
0.15184508 
-1.1519364 
-0.16379884 
0.08406472 
0.22765155 
-7.3482766 
0.21874487 
0.08398896 
3.7451477 
0.22888322 
0.19817223 
0.184233 
-0.06445439 
0.10496305 
0.74416655 
-0.032000493 
4.883041 
-0.2733613 
-0.14757288 
-0.1280663 
1000.0 
0.1 -5.898269 0.1 3.646765 0.1 9.303692 0.1 0.1 -8.469566 0.1 0.1 3.9533048 0.1 0.1 6.6857834 0.1 10.419263 0.043548875 0.1 0.1 
4.625163 
0.0 
