1 20 1 1 
-1.145161 -0.71872354 0.4335676 -0.043970585 -0.179801 -0.58460855 0.43901733 -0.8891643 -0.44984412 0.00934211 -0.044913452 0.31862876 0.4276421 0.34478655 -0.8529986 0.3692398 -1.7105836 -0.15658225 -0.11023187 -0.6462713 
0.25356576 
0.17253703 
-0.90497357 
4.864079 
-7.444892 
-0.3034393 
-0.7901119 
0.14375754 
0.2975942 
0.21523236 
0.3577691 
4.335889 
0.35432234 
-0.4189056 
0.24200746 
-0.4895544 
-0.036011327 
0.44410804 
-0.22676171 
-0.09592114 
1000.0 
0.1 0.1 -4.3998513 8.65704 8.610404 0.1 -4.467682 0.1 0.1 3.9894187 4.146689 -8.892879 4.1414123 -3.61987 0.1 -3.834533 0.1 3.8566625 0.1 0.1 
4.7938023 
0.0 
