1 20 1 1 
1.2191762 -0.4245977 -1.2049338 -1.6623963 -1.6526214 0.8276714 -1.374756 -0.3933124 -0.03012907 -0.43212909 -1.6018844 0.602215 -0.43966788 -0.6180528 -0.11916774 -1.0807453 -0.010032508 -1.0390838 0.5584266 -0.2837515 
0.61082864 
-0.017334312 
-0.13593489 
0.03622113 
0.24036922 
0.5862332 
0.4002848 
0.09399309 
-0.3306943 
0.12675159 
-0.18485342 
-0.9323827 
-0.05274479 
0.09179004 
-4.373462 
-0.41390133 
-0.1793181 
-0.029474616 
-0.7233431 
-0.04361746 
1000.0 
5.101055 0.1 0.1 0.1 0.1 4.9475727 0.1 0.1 0.07597843 0.1 0.1 -5.996871 0.1 0.1 7.4320946 0.1 0.1 0.1 -5.5502715 0.1 
5.8529444 
0.0 
