1 20 1 1 
-0.60009307 -0.09518343 -0.3477137 0.7848721 -1.0577831 0.44896868 -0.11086334 -0.07542338 -0.14512302 -1.2546906 -0.26391378 0.010989848 0.01749379 1.157326 -1.3606079 -0.4705794 -0.04624278 -1.2936699 -0.84115416 0.24188823 
-0.34792754 
-2.1073306 
-0.101258926 
-0.08429141 
0.29926568 
2.7488136 
2.9227126 
0.07681163 
0.33785176 
0.041663114 
-0.07923545 
-0.00054108165 
-0.024144324 
0.16285273 
0.1971677 
-0.1445146 
-0.067723125 
0.24691379 
0.13831615 
-4.8233366 
1000.0 
0.1 6.8687315 3.4394422 -0.24394839 0.1 -10.9337435 5.0492764 0.1 0.1 0.1 0.1 -1.5075345 -2.560958 -1.2171792 0.1 0.1 0.1 0.1 0.1 -12.08411 
-0.21585752 
0.0 
