1 20 1 1 
-1.6147724 0.026925208 0.1317926 -0.8306477 -0.09987349 0.0017776949 0.23698112 -1.2492534 0.54483986 0.017760435 -0.28018028 -0.19794203 -0.14898628 -0.30757952 -0.8952609 -0.68107796 0.14005756 0.017569741 0.15513809 0.020484596 
-0.057977274 
0.032942284 
-3.1038017 
0.133157 
-3.0921009 
0.00185006 
4.7053366 
-0.18314347 
0.3060488 
0.020103574 
-0.056649905 
1.6076984 
0.9373399 
-0.058962595 
-0.19486643 
0.060261454 
0.1160383 
0.023701359 
-4.7315984 
0.067098945 
1000.0 
0.1 -2.8964632 -7.365936 0.1 4.935618 -0.22259174 -7.1448402 0.1 1.5169944 -2.4234338 0.1 6.2851415 4.9993463 0.1 0.1 0.1 1.2600508 -2.356468 -8.217261 -2.87468 
2.0796819 
0.0 
