1 20 1 1 
0.005891893 -0.16686006 -1.0120037 0.2826462 0.00591297 -0.883579 0.7922013 0.0016891657 0.5386501 -0.98286855 -0.5940134 0.18719582 -0.062933005 -0.13737166 0.0020655948 -0.09628164 0.0031449667 0.116594516 -0.3314761 0.007318489 
0.00062074966 
-0.0036593429 
0.01909691 
3.9974642 
-0.001385248 
0.026368162 
0.1629521 
0.0015059384 
-0.09420825 
0.08651452 
0.10874448 
-3.528745 
0.45426616 
0.79036665 
-0.00035786376 
-1.1785585 
0.00038591336 
-3.0767286 
-0.057232454 
0.0021452839 
1000.0 
-0.7096436 0.1 0.1 -8.003743 -0.78962433 0.1 -0.044075623 -0.30581737 -1.0837024 0.1 0.1 -9.578412 5.335316 3.1688492 -1.3265219 5.015167 -0.34654823 -8.154999 0.1 -1.1815494 
0.4790948 
0.0 
