1 20 1 1 
-1.0623299 -0.5904581 -0.45110005 -0.08239187 0.26363894 -0.3631668 0.15508892 -0.24452096 -0.024096943 -0.13738073 0.0039567705 -0.16560897 0.2986328 -0.1870047 -0.14481017 -0.13197462 -0.1709528 1.4178426 -0.70220995 0.017204367 
-0.26768792 
0.025924075 
-0.12766482 
0.055769 
3.2200527 
0.045352794 
-4.586544 
0.23716049 
-0.005050997 
0.0004136804 
-0.0018233617 
0.044262465 
-1.0798626 
-1.5078096 
-3.3401456 
3.913703 
0.085216016 
0.32287365 
-0.07017101 
0.0027099252 
1000.0 
0.1 0.1 0.1 0.1 -7.924143 0.1 -7.9571476 0.1 0.20383729 1.3700926 -0.48324057 0.1 -6.0850925 3.3036397 5.751213 3.8962867 0.1 1.489176 0.1 -3.136233 
2.0605175 
0.0 
