1 20 1 1 
-1.3309749 0.43299547 -1.2088293 -0.12700896 0.21865657 -1.2961693 -0.39300388 -0.36317375 -1.482503 0.42818016 0.5213543 0.42948458 -1.8791541 -0.03695541 -0.28113964 -0.66542363 0.1738166 -0.34376317 -1.0273517 -1.9155852 
-0.062928446 
0.40622196 
0.010107386 
-5.57052 
1.2901617 
0.10317352 
0.29159385 
-0.10716959 
-0.15345149 
-0.5659202 
0.3602022 
-0.58285296 
0.09469268 
0.028063033 
-0.24875759 
-0.049497247 
0.4353859 
0.15446043 
-0.15688325 
-0.08303135 
1000.0 
0.1 4.447253 0.1 7.296793 8.395597 0.1 0.1 0.1 0.1 -4.2709904 4.378315 -4.281334 0.1 3.2742686 0.1 0.1 4.4128118 0.1 0.1 0.1 
4.8699617 
0.0 
