1 20 1 1 
-0.7609694 -0.82251 0.7570117 -0.14539535 -0.1722019 0.01795775 -1.6944244 -0.09160139 -0.05009948 -0.43892667 -0.103386626 -1.1554435 0.075893044 -0.095437415 -0.02105082 -0.26032057 -0.41612366 -1.3049703 -0.0058507994 -1.3534042 
-0.015822401 
0.15808445 
0.28068706 
-6.857492 
-4.299833e-07 
2.414842 
-0.08715079 
-0.0075800237 
-0.1309851 
0.37575585 
-0.45312342 
-0.057247568 
-0.1055653 
-0.22767048 
-8.7444365e-05 
4.3198867 
-0.049035046 
0.035464205 
-0.006007391 
-0.30597025 
1000.0 
0.1 0.1 3.1569316 7.6703534 1.7220157 7.0479417 0.1 2.3460026 0.1 0.1 4.0754223 0.1 -4.272883 0.1 0.20609356 7.142465 0.1 0.1 -0.6228393 0.1 
3.900399 
0.0 
