1 20 1 1 
-0.11841015 -0.28404483 0.013526739 -1.7065061 0.0021400498 0.29474092 0.19943117 -0.008716199 -1.8407758 -0.48622563 -0.015047012 -1.0262523 0.12393693 -1.4501576 0.22709352 -0.077313274 0.00016531035 -0.5656201 0.14621663 -0.45961395 
-1.972502 
-0.288431 
0.004932172 
0.2615913 
-0.00013604705 
3.7304986 
-7.5111165 
0.0039825523 
-0.05779309 
-0.15263167 
0.013907622 
-0.10668112 
1.622459 
0.28372538 
0.20507886 
2.466381 
-5.7571877e-05 
-0.17847507 
2.6911561 
-0.37648684 
1000.0 
5.855927 0.1 -1.4346415 0.1 -0.75572085 -8.227675 -10.015509 0.086557806 0.1 0.1 0.014764969 0.1 -4.9838824 0.1 0.7803739 4.6769586 -0.020560356 0.1 -5.870899 0.1 
1.527641 
0.0 
