1 20 1 1 
-0.7524612 0.08305344 0.22131047 -0.023664901 -0.13900891 0.50079274 0.20151515 0.15626043 -0.43751556 -0.18452288 0.71502507 -0.512676 -0.0009628229 0.44336095 -1.1116948 -0.31211293 -0.44024152 0.11151125 -0.88929 0.39710453 
0.2569155 
0.612879 
0.2818649 
-0.14638509 
-6.186426 
-0.39396748 
0.82346904 
0.5037594 
-0.31863743 
0.39170253 
0.17931582 
-0.42010802 
-0.005500583 
-0.8512371 
0.2871069 
-0.22089677 
0.07685373 
0.57545525 
-0.09945317 
0.46683162 
1000.0 
0.1 6.1896744 5.301868 0.07417047 7.2332535 -4.978989 5.5599036 5.7253737 0.1 0.1 4.5162015 0.1 -0.16335365 -4.403651 0.1 0.1 0.1 5.9756203 0.1 5.2939825 
5.2744613 
0.0 
