1 20 1 1 
0.081619754 -0.01443057 -0.194228 -0.06551746 -0.6653 -0.6918512 1.1343741 -0.21318658 -0.17623614 -0.02509787 -0.57754946 0.03126199 -0.53394365 0.13532132 -0.008069763 -0.23288377 -1.3010167 -0.77298176 -0.3101208 -0.5666029 
-1.5098249 
2.364339 
0.15666537 
-0.3662543 
-0.21427484 
-0.0071157813 
0.33658952 
5.814932 
-6.5502167 
-0.31897843 
-0.33605975 
-0.01683522 
0.03222672 
-0.16711217 
1.7206097e-05 
-0.5800582 
0.3072014 
0.08291087 
0.11314398 
-0.09447503 
1000.0 
-5.9475837 6.07164 0.1 0.1 0.1 0.1 1.6659688 6.845692 8.728556 0.1 0.1 -3.264111 0.1 -4.1774883 0.08000788 4.303539 0.1 0.1 0.1 0.1 
2.2526689 
0.0 
