1 20 1 1 
-0.5488617 -0.03606912 -0.4416838 -0.4895202 -0.058269784 -0.023126176 -0.36851096 -0.6864163 -1.4174336 0.052144308 0.36488226 -0.011006503 1.3730562 0.08790735 0.4244282 -1.832242 -0.13036568 -0.3843173 -0.87858087 -0.5644033 
0.19023427 
0.13758944 
0.38860783 
0.19612855 
-0.016205108 
0.14901449 
0.4143896 
0.43539786 
-0.10670876 
0.42213255 
-0.35375807 
-0.012490656 
0.4108261 
1.0529444 
-0.67874265 
0.076079644 
-5.164785 
-0.0042663943 
-0.27421448 
0.029461212 
1000.0 
0.1 0.017309032 0.1 0.1 0.1 -0.0103719765 0.1 0.1 0.1 5.615043 -3.6385665 -1.0401003 4.957443 7.60341 -4.2289824 0.1 6.663375 0.1 0.1 0.1 
5.096039 
0.0 
