1 20 1 1 
-0.7693493 -0.05631469 -0.08262984 -0.06691906 -0.124683656 -1.7810982 0.5478734 -1.1712115 -1.2051123 -1.088276 -0.18061966 -0.39540413 -0.076525986 -0.24827588 -0.055650834 0.3332557 -0.06944595 -0.3477079 -0.22449395 0.29678747 
0.18984234 
0.67538965 
5.693006 
1.7488407 
-4.552744 
0.33423862 
-0.7606949 
-0.16557774 
0.11838013 
0.046699684 
-5.764784 
-0.0738002 
0.4489114 
-0.05560066 
0.55595106 
-0.5507882 
0.020783523 
-0.04049319 
0.5623371 
4.4571476 
1000.0 
0.1 4.3529816 8.607045 4.686823 4.937008 0.1 -4.5706463 0.1 0.1 0.1 9.6300955 0.1 3.8933666 0.1 4.166994 -3.3497958 3.3685405 0.1 3.7931511 -8.385126 
4.3439026 
0.0 
