1 20 1 1 
-1.8833728 1.3201187 0.020462746 -0.41956776 1.2397908 -0.6057724 -1.4688022 0.008690624 -0.112211935 -0.1576419 -0.30268356 -0.70814264 0.15585978 0.0035885018 -1.7034271 0.008030727 -1.3595663 -1.9797127 0.0028902171 0.019123636 
-0.37571096 
0.32839736 
0.0017517024 
-1.3230297e-07 
0.23643452 
0.13463442 
-0.012822517 
0.008840561 
0.06530201 
-5.770491 
4.9272056 
-0.019611001 
-3.6368463 
0.002806842 
-0.19137238 
0.012525269 
-0.11813927 
-0.0051412787 
0.0045718183 
0.010904834 
1000.0 
0.1 0.7582478 -1.6416798 4.195676 0.6522244 0.1 0.1 -1.8827122 0.1 7.3794117 8.047457 0.1 -7.8029475 -0.8064907 0.1 -3.3190439 0.1 0.1 -0.72790194 0.29545754 
1.0293239 
0.0 
