1 20 1 1 
-0.96195173 -1.2158585 -0.9070807 -0.93225193 0.09473523 -0.5822252 -0.8138466 -1.4914062 -0.9039406 -0.8588128 -0.4833397 -0.5469916 3.6828034 -0.8436703 3.1380568 -0.08525737 -0.63182884 -2.109782 -0.80160075 -0.05237006 
0.09414058 
0.067977995 
2.152111 
2.375206 
-0.119127624 
0.17552194 
0.15688573 
0.3060285 
-0.26157242 
1.8380803 
0.0055619786 
0.3877855 
-1.5115274 
0.086610235 
4.751246 
-0.09184883 
-0.1474318 
-5.839945 
1.590107 
-0.056106143 
100.0 
4.5 4.5 90.684746 93.197754 -9.480759 4.5 4.5 4.5 4.5 86.04873 2.511265 4.5 67.24156 4.5 -85.01845 0.25411463 4.5 107.6199 79.994255 -1.0975016 
39.529953 
0.0 
