1 20 1 1 
-1.359386 1.67796 -1.5032005 -0.5351553 1.4457047 -0.49982 -0.8428765 -0.53204745 -0.7389476 1.7139794 -0.5548138 -1.0197899 -0.8594931 -1.1388199 -0.6830975 -0.70895594 -0.8406215 -0.586377 -0.6314273 -0.76286256 
-3.341281 
2.1219144 
-3.2036598 
0.26123753 
-0.49531844 
0.2936926 
-0.16850328 
0.309294 
1.070677 
2.314047 
0.6687354 
-0.15590699 
0.044676956 
0.19822891 
0.36931947 
0.8980686 
1.8118165 
-0.26072967 
0.9528053 
0.03948864 
100.0 
69.60019 -48.362408 76.69875 53.33091 50.10104 49.78888 4.5 4.5 73.73994 -49.196724 55.320335 4.5 4.5 4.5 4.5 70.725494 83.934525 4.5 62.98689 4.5 
37.308174 
0.0 
