1 20 1 1 
-0.49622494 0.30983707 0.037685037 -0.68547136 -0.92237145 -0.1223362 -0.84390795 -0.13031527 0.39285454 -0.17033094 0.93699193 -0.17282291 0.14078641 -0.045659967 0.3918318 -0.3562209 -0.44777855 0.0018637173 -0.64837253 -1.0092093 
-0.06674289 
5.045691 
0.9844383 
0.059824765 
0.17502528 
-0.26122358 
-0.2668174 
0.23558974 
0.39612085 
-7.891692 
-1.7738268 
0.10435184 
0.62526506 
0.0865223 
0.1644874 
-0.010013694 
-0.029331611 
3.0901105 
0.21322964 
-0.20762305 
1000.0 
0.1 -9.941156 6.133235 0.1 0.1 0.1 0.1 0.1 5.92849 9.116274 -9.366618 0.1 7.4057 0.1 5.1732945 0.1 0.1 11.103095 0.1 0.1 
6.6302977 
0.0 
