1 20 1 1 
0.046903655 1.4410758 -0.7362679 1.0213856 -0.94366986 1.108648 -0.115622774 -1.7993969 -1.6423582 0.17536865 -1.2600546 -0.048912603 0.18797126 1.7765534 2.85865 -0.80118513 -1.1893059 0.7130701 1.7764682 -0.36617565 
-0.14703962 
-2.6306734 
-0.1885838 
-1.392279 
-2.5707183 
0.1782982 
0.7517587 
0.0035903838 
0.15886807 
0.27143538 
-0.016124193 
-0.22324125 
0.09390319 
-0.76882076 
3.5501134 
0.096511826 
-0.16161124 
0.43561283 
-0.8712381 
0.86518687 
100.0 
-5.8316307 -73.349365 4.5 -52.72841 67.682175 39.13825 47.79309 4.5 4.5 46.946445 4.5 -1.8558849 31.030138 -18.141647 -58.146793 4.5 4.5 43.57903 -18.135386 53.636215 
44.313927 
0.0 
