1 20 1 1 
-1.23275 -0.85813886 -1.176764 0.11619358 -0.77324235 0.974563 -1.2573346 0.3190789 -0.8259984 -1.3723009 -0.7441291 1.4077122 -1.3815694 -0.22176269 -1.575171 1.7577248 3.0248244 -0.33760336 0.27818295 2.2984338 
0.19627307 
1.5004249 
-3.064551 
0.2776657 
-0.024677334 
0.043154396 
-2.9159212 
0.24648304 
1.529185 
-0.25550112 
1.3254611 
0.18449868 
-0.31475258 
0.6925649 
-0.15173043 
-5.5624 
5.5810575 
-0.71148044 
0.40055543 
-2.2783294 
100.0 
4.5 59.749607 60.134712 35.835396 4.5 11.780319 64.94711 34.009304 57.580605 4.5 51.832047 29.635092 4.5 39.04259 4.5 -97.37894 -90.84343 30.068 35.739464 -45.957855 
37.675766 
0.0 
