1 20 1 1 
1.0492401 -1.5995914 -1.5293872 -0.4801445 -0.48856005 -0.0901594 -0.39788678 -0.6088608 -0.7682952 -0.46965688 -0.834273 -0.073151395 -1.6670443 1.6045394 -0.42629173 -0.05983484 1.926984 1.8965477 -0.09483601 -1.751631 
0.9785794 
-0.13240017 
0.1438229 
0.2693496 
0.1789091 
-0.17266984 
-0.03355054 
-0.09506574 
-0.041819345 
-0.35996053 
0.3717189 
-0.04214708 
-0.014304682 
1.1252236 
0.34302574 
-0.09972775 
0.76713526 
0.77278614 
-0.023293452 
-0.022038631 
100.0 
-3.3793433 4.5 4.5 2.5971286 4.5 0.33019775 2.325864 4.5 4.5 4.5 4.5 -0.34562206 4.5 -1.5254635 1.9254214 -1.2620444 -18.311682 -18.011215 0.80941015 4.5 
10.383218 
0.0 
