1 20 1 1 
-0.7537178 0.18122745 0.42595536 -1.0134624 -1.1842774 -0.10281763 -0.4759397 -0.037425824 0.24928702 -0.9442429 0.78215605 -1.8967974 0.49867237 0.32763824 -0.19572002 -1.5662252 -0.058119096 -0.30181974 0.28900865 -0.22622918 
-0.05362545 
-0.3157711 
0.04601746 
-0.039012674 
-0.11448406 
0.2615073 
-0.21325023 
-0.1309719 
-6.5654993 
-0.10961478 
0.21623911 
-0.0031961165 
-0.19971833 
2.7256417 
-0.20162438 
0.038882073 
-0.18867621 
-0.076836385 
2.772705 
-2.7671099 
1000.0 
0.1 -3.629099 1.3923583 0.1 0.1 0.1 0.1 0.03611704 -12.462566 0.1 2.6420789 0.1 -3.8465948 -9.839839 0.1 0.1 0.1 0.1 -8.685147 4.405265 
3.622387 
0.0 
