1 20 1 1 
-0.7285043 -0.4954782 -0.032140214 2.1826413 -0.5549382 -0.86690575 -0.25820282 -0.42043352 -1.034244 -1.0502322 0.14298639 2.6488054 -0.014590474 -1.4727198 -0.23018128 -0.1577271 -1.8866953 -0.11364552 -0.5345839 -1.7665924 
1.4258617 
0.61439866 
0.060943283 
-1.7255127 
0.17939755 
2.1082706 
0.24232887 
0.78002965 
-0.05271791 
0.23650324 
0.118293315 
3.596667 
0.011456756 
-0.007550364 
0.39987975 
0.24404944 
-5.2256546 
0.4782119 
0.09641723 
-0.29842967 
100.0 
72.4611 49.117744 35.908222 -21.44975 4.5 86.3137 47.67505 55.99877 4.5 4.5 42.99544 -73.551254 -0.8346632 4.5 52.1762 48.39067 106.39408 53.107826 4.5 4.5 
58.04884 
0.0 
