1 20 1 1 
-0.23981826 1.5600182 -0.46194202 2.0189574 1.5595528 1.6521169 2.3018022 2.421509 1.3512892 1.239042 1.1433806 0.024173561 -1.0900216 -0.637382 -1.501568 0.0093940655 -0.7192569 -0.39775118 1.718128 -0.4530194 
-0.090636946 
1.4463869 
0.00037633063 
-0.43582472 
1.3627285 
1.3456964 
1.267617 
-5.5546637 
1.1481102 
1.1862916 
1.6513482 
-0.048498154 
-0.009958411 
-0.27369386 
-0.12691002 
-0.0791103 
0.36914673 
0.1610933 
1.3561622 
-0.13046183 
100.0 
0.69683677 -39.28237 4.5 -17.957539 -38.478443 -37.99796 -54.593094 -122.68053 -49.980686 -47.81827 -45.824028 -4.6494365 4.5 4.5 4.5 -4.363568 4.5 2.4254088 -41.921356 3.1530416 
17.875322 
0.0 
