1 20 1 1 
-0.06406179 -0.14505193 -0.8769402 -1.3056017 -0.045157574 -1.8170317 -0.17086199 0.8606675 0.4600057 0.3535907 -0.05365252 -0.36990157 -0.24904779 -1.3690412 0.7810834 0.5821331 -0.24667576 0.44767445 -1.5522932 0.5513573 
1.972572 
-0.0504722 
-0.3372137 
-0.05181707 
1.0698566 
-0.020506352 
0.093199715 
0.26404744 
0.38376704 
2.8011236 
2.7096393 
0.059296254 
-7.7427635 
-0.37136316 
-1.8714021 
0.13356997 
-0.21101952 
3.2818525 
-0.014725906 
-0.6115469 
1000.0 
5.1804442 0.1 0.1 0.1 5.288853 0.1 0.1 4.0391793 4.1890497 -7.084048 8.944334 0.1 8.833758 0.1 -7.811776 3.5842721 0.1 -8.96585 0.1 -4.781924 
4.710542 
0.0 
