1 20 1 1 
0.319843 0.6678882 -1.3440807 -0.8483339 0.26671422 0.35727355 0.34736875 -0.027870927 0.34546566 -0.9520687 -0.87597924 -0.09317192 0.3752127 0.33611822 0.292195 -0.6045135 0.37416327 -1.1740755 0.35272685 0.35554814 
-4.0885997 
0.5930389 
0.1694589 
-0.008608737 
0.5270533 
0.53990495 
0.77408254 
-0.08302891 
0.7391508 
-0.14348392 
-0.09020682 
2.763028 
0.28661853 
0.9079347 
0.6235468 
0.17032497 
0.7207048 
0.1833777 
0.26139367 
0.7771782 
1000.0 
-10.619827 -7.1037617 0.1 0.1 -5.2175207 -7.1443105 -5.9656076 0.06926569 -6.0420456 0.1 0.1 7.2275515 -6.0373893 -5.35606 -5.311541 0.1 -6.740163 0.1 -6.1822233 -6.1323137 
-16.643051 
0.0 
