1 20 1 1 
-0.18610638 -0.43380165 -0.08447063 -0.477435 0.53846425 -1.2622713 0.5625919 -0.027428688 -0.42130232 0.8903086 -0.467232 -0.081372336 -0.18082716 -0.69412416 -0.24686639 -1.1906468 -0.34427172 0.31340805 0.09791249 -1.2850125 
-0.20088547 
-0.14473833 
4.3154926 
0.16440271 
-0.5287332 
0.39347795 
2.9952924 
0.39421478 
0.055492155 
-0.38578522 
-0.3534503 
4.1543884 
0.13562867 
0.08754246 
-6.9936094 
0.014976204 
0.20860924 
1.450662 
0.233596 
-0.08375689 
1000.0 
0.1 0.1 7.3423805 0.1 1.1084607 0.1 -11.344451 0.07635041 0.1 1.2696044 0.1 7.0555286 0.1 0.1 8.753464 0.1 0.1 -6.509008 -3.9104903 0.1 
-2.0302258 
0.0 
