1 20 1 1 
-0.44656426 -0.79453546 0.19952738 -1.7128379 -1.3366398 -0.0010297413 0.8044076 -0.23213458 0.08198142 -1.1599817 -0.6775022 0.06034044 0.1874913 -1.7955631 0.8214822 -0.2710436 -0.34555283 1.0676105 -0.32721618 -0.38446096 
0.03271069 
0.20194899 
-2.3100955 
-0.3579242 
-0.30711192 
-0.0017760474 
0.51528704 
-4.5970654 
0.21471383 
-0.20914894 
0.2682117 
-3.5347593 
0.22141927 
-0.15443628 
0.23680079 
0.011055632 
6.0684767 
0.6189481 
0.0443345 
-0.39739734 
1000.0 
0.1 0.1 -7.9545646 0.1 0.1 -0.12967724 -2.1828382 7.883605 -4.0542564 0.1 0.1 -5.246846 -4.0584345 0.1 -3.2526958 0.1 6.799069 -2.063517 0.1 0.1 
-1.4835035 
0.0 
