1 20 1 1 
0.42820826 0.40846086 -1.1430203 0.4851902 0.12439491 -1.4256945 -0.010583642 0.33576298 0.8876188 1.0396682 0.4230523 -0.7078295 -0.04852943 -0.32943127 -0.107109934 -0.792546 -1.293822 -0.38808635 -0.17053667 -0.033918224 
1.2616376 
1.3422278 
0.02854009 
1.4580042 
-1.9836771 
0.04744507 
-0.002629079 
-4.6794863 
0.12853894 
0.1593897 
1.4237436 
0.32335743 
-0.12641267 
-0.04911723 
-0.33371434 
0.16161151 
0.120436996 
0.093303844 
0.45161211 
-0.03218765 
1000.0 
-8.564064 -8.168336 0.1 -9.505981 -7.542201 0.1 0.1053538 -10.959466 -5.3333783 -4.717026 -8.283164 0.1 0.1 0.1 0.1 0.1 0.1 0.1 2.9883397 0.034963697 
-1.9519398 
0.0 
