1 20 1 1 
0.8685615 -1.2828561 -0.19974898 -0.5597518 -0.82557845 -1.9309955 -0.06863211 -1.6929744 0.53031135 -0.27412656 0.7309536 -0.061738104 -0.66930914 -0.1613733 -0.5571708 -0.96328706 0.33865175 0.0075814347 0.6036072 0.055772875 
0.17149845 
0.20052871 
-4.891684 
-0.13144934 
-0.15628514 
-0.08453391 
-0.09924295 
-0.025281714 
3.60168 
-0.38232523 
-1.119575 
4.197216 
0.36121163 
-2.576649 
-0.12423761 
0.09581966 
-0.5111065 
0.1031663 
0.21579376 
0.8359393 
1000.0 
3.1946805 0.1 7.1971574 0.1 0.1 0.1 0.1 0.1 -10.616482 0.1 -7.308014 5.217136 0.1 5.127663 0.1 0.1 -3.3861156 3.2533512 3.3245556 7.2517242 
4.055834 
0.0 
