1 20 1 1 
-1.4964154 0.11067995 -0.5658475 -0.29001695 -1.0857329 -0.43124008 0.37674868 -0.5345848 1.1802858 0.48065078 0.4918815 -1.5563376 -0.36994278 0.48962474 -1.5979042 0.4046306 -0.034895428 -0.06955694 -0.02369111 0.692921 
-0.21855485 
0.7723244 
-0.39391676 
-0.06424203 
0.07889418 
0.23229796 
-4.37991 
-0.22523463 
0.21967825 
1.3760322 
0.9957235 
-0.08080915 
3.3818612 
0.7429037 
-0.03489991 
0.98520666 
-0.17363344 
-3.471415 
0.12403596 
0.33809775 
1000.0 
0.1 -5.5779567 0.1 0.1 0.1 0.1 -12.816425 0.1 -3.1037552 -7.241662 -7.777051 0.1 7.6911983 -8.088649 0.1 -6.03386 0.1 5.718117 0.1 -1.3378862 
0.17384265 
0.0 
