1 20 1 1 
-0.07319518 -0.87148434 -1.7038295 0.023003167 0.16480139 0.51816696 0.1956994 -1.6361885 0.57429373 -1.2402891 0.4297823 -1.0149244 -0.6120779 -1.0090151 0.18307114 0.41231394 0.17471217 0.030255865 0.33252177 0.40951255 
2.0943005 
-0.26848665 
0.040418256 
0.031683955 
-0.35879612 
2.1773624 
-0.2766371 
0.13562946 
-0.22112924 
0.2944766 
2.0699434 
0.25479242 
-0.04821184 
0.20502819 
0.12315288 
1.8693771 
0.05550548 
0.021098368 
-4.7303057 
0.4227315 
1000.0 
5.798814 0.1 0.1 -2.803451 4.188645 -9.583872 3.7704504 0.1 2.9418035 0.1 -7.8504887 0.1 0.1 0.1 -3.6552856 -7.5934544 -3.905059 -3.9970472 -11.331292 -5.00091 
-4.9597344 
0.0 
