1 20 1 1 
-0.33358794 -1.2932229 1.0901951 -0.16695519 -0.32131076 -1.6024806 0.3700135 -0.24695069 -0.42915636 -0.50019294 -0.06608951 -0.07108381 -1.0282289 -0.023437232 0.07627068 0.010225896 0.0015371293 -0.10020518 -0.3155665 0.52116686 
-0.14974396 
-0.056321852 
-0.5445469 
0.43224266 
0.004820846 
-0.281634 
-0.3803374 
-6.177437 
0.12223504 
-0.00052397244 
2.8312652 
3.5892897 
-0.15152349 
-0.115370594 
-0.02743905 
-0.017174454 
-0.00715514 
0.034964837 
0.18139723 
4.155105 
1000.0 
0.1 0.1 -1.8553597 0.1 0.1 0.1 -3.6970508 8.30445 0.1 0.1 6.8259883 7.1482086 0.1 0.070804365 -1.4577188 -1.2581377 -0.82305855 0.96872234 0.1 -10.441176 
1.6873645 
0.0 
