1 20 1 1 
0.15532479 -0.2587256 0.6698515 -1.5523248 -0.39351347 -0.055506464 0.06957557 0.784214 -1.2128221 -1.2127274 -0.010617922 -1.3812234 -0.45287186 -0.18131767 -0.25160214 -0.51879686 0.27926004 0.08678291 0.0013692597 -0.7449639 
0.9781948 
-6.578889 
0.41820627 
0.07868709 
6.283087 
-0.028618917 
0.2532337 
0.3083727 
0.15365036 
-0.094988056 
0.14343046 
0.22356401 
-0.16003098 
0.001299339 
-7.154126e-05 
0.0906067 
0.77647704 
-0.7616472 
0.00047143223 
0.27159992 
1000.0 
7.180534 8.804341 1.8099053 0.1 7.744784 0.5320337 6.031179 1.5694313 0.1 0.1 0.1 0.1 0.1 0.1 2.5149717 0.1 -4.1793056 -5.1988134 -0.17251149 0.1 
2.3872797 
0.0 
