1 20 1 1 
-1.7284951 -0.64915353 -1.5957658 0.3470243 -0.5817541 -0.5217863 -0.44731468 -0.3193232 -0.3431072 -1.0290911 -0.69313204 -1.0309033 -0.5490996 0.45235375 0.3170949 0.46966764 0.48442933 -1.3670492 -0.8271145 -0.7707992 
0.04840667 
-0.029393597 
0.046774387 
0.5877713 
-0.010680743 
-0.11782175 
0.1437205 
-0.204877 
0.27598414 
0.39965847 
-0.25089532 
0.34242022 
-0.16910449 
2.41045 
-5.039944 
2.2405534 
0.33268535 
-0.031973157 
0.049998187 
0.018593246 
1000.0 
0.1 0.1 0.1 -2.2074318 0.1 0.1 0.1 0.1 0.1 0.1 0.1 0.1 0.1 -8.746216 -10.837102 -9.402004 -2.9967477 0.1 0.1 0.1 
-1.1914662 
0.0 
