1 20 1 1 
-0.21462812 -0.023948897 -0.38793746 0.0674047 0.13853823 0.15318774 0.9336779 -0.6161714 0.15408233 -0.1678739 -0.103698745 0.07035993 -1.6735607 -0.4812633 -0.24779166 -0.77227056 -0.94365424 0.72557896 0.08006266 -0.21128273 
-0.10029679 
-0.15966626 
6.5396595 
0.18899427 
0.2616599 
0.2751201 
0.46703643 
-0.0014413937 
0.221603 
-0.122065865 
-2.6064532 
1.5949103 
0.034119233 
-0.32311016 
-1.02945235e-08 
-0.110485725 
-0.20812073 
0.20792529 
1.1317025 
-7.3346105 
1000.0 
0.1 0.1 7.5069804 3.4597087 3.6420312 3.6677139 3.8808265 0.1 3.5220358 0.1 5.740234 4.625221 0.1 0.1 2.4779165 0.1 0.1 3.2985868 -5.556595 7.1618757 
4.2004066 
0.0 
