1 20 1 1 
0.15558125 -0.18701065 -0.3286767 -0.1408656 0.19258337 -0.7988909 -0.0011687756 -0.7802976 -0.16063428 -1.4597927 0.25252464 0.60857785 0.9190076 -0.44312105 -0.33499572 -1.0274146 -0.32354638 -0.18902211 -0.40769574 -0.15970175 
1.0466636 
-3.6971073e-08 
0.15237424 
-4.2689524 
0.13858733 
-0.28332344 
-0.0013711719 
0.04237646 
-2.8664381e-08 
0.07246143 
0.3703492 
0.44153157 
0.39968535 
0.28208143 
7.0984035 
-0.16151497 
0.13371709 
-5.309168 
-0.31145433 
-4.0206064e-06 
1000.0 
6.1216598 1.8701065 0.1 6.538519 1.9348514 0.1 -0.22446331 0.1 1.606342 0.1 -4.963342 2.4605074 2.3750474 0.1 6.518059 0.1 0.1 5.6138363 0.1 1.5969646 
2.950633 
0.0 
