1 20 1 1 
-0.093937084 0.0007657547 -0.41583285 -0.06549542 -0.169234 -0.6464859 -0.1971679 -1.1023788 1.1086751 -0.9674994 -0.43741953 -1.4427878 -0.50470567 -1.812638 0.5174452 -0.056325577 -0.24006686 -0.97196925 -0.1323646 -0.98680127 
3.6906106 
-0.00013108242 
-0.05392102 
1.1878648 
0.66265035 
0.34030324 
0.06043932 
-0.08464539 
-0.5950576 
-0.081226416 
-0.015710283 
0.17981894 
0.011780951 
-0.11738183 
3.905805 
0.73020935 
-6.687932 
0.2399082 
-0.08643546 
-0.011586998 
1000.0 
9.414418 -0.101037964 0.1 5.3564973 3.5420341 0.1 0.1 0.1 3.203152 0.1 0.1 0.1 0.1 0.1 -10.360412 5.640908 8.210338 0.1 0.1 0.1 
5.8329315 
0.0 
