1 20 1 1 
-0.033348273 -0.2514345 -0.19386443 -0.50744545 0.20937857 0.0009307664 0.60522187 -0.35858062 0.3640743 -0.30989578 -0.34035224 0.044756174 -0.7559717 0.51504076 -0.31543458 -0.021031452 0.30320635 -0.8812181 -0.41392666 -1.0137655 
-0.21476059 
0.050472207 
-0.71999246 
0.14166601 
-2.9953089 
-5.583675e-05 
3.7066221 
-0.1873432 
0.2123797 
0.07503696 
-0.0535057 
-0.022154909 
0.13384072 
0.3668474 
0.0020066984 
-0.20629437 
-3.3968148 
0.1670413 
0.25903293 
-0.06846726 
1000.0 
0.05856966 0.1 5.7317 0.1 -8.774913 -0.13839181 -12.055804 0.1 -0.6458293 0.1 0.1 -2.8032334 0.1 -0.39831856 0.1 0.1 -9.667145 0.1 0.1 0.1 
0.32631645 
0.0 
