1 20 1 1 
-0.08943135 0.34747964 -0.025420483 0.44862807 -1.6422204 -1.817717 -0.029602943 0.52373695 -0.03793948 0.08014765 0.33750653 -0.308017 0.0012672377 0.43708724 -1.5586776 -0.029905275 -1.3826659 -0.24321721 -0.25940654 -1.3323007 
-6.4754357 
1.5520251 
-0.07282824 
2.229623 
-0.0034191022 
-0.17290063 
0.19230627 
0.035230845 
6.2286243 
1.6333908 
-4.8640466 
-0.039840367 
0.0026217913 
1.6223326 
-0.34879005 
-0.2770244 
0.05099872 
0.2710146 
-0.15706797 
0.019603426 
1000.0 
7.6550756 -6.9473658 0.1 -8.970098 0.1 0.1 0.1 -1.0724677 7.3223705 -4.3069105 -11.123536 0.1 -0.30820897 -8.739481 0.1 -0.044730473 0.1 0.1 0.1 0.1 
2.0509737 
0.0 
