1 20 1 1 
-0.8800093 -0.08223628 0.6636958 -0.3706826 0.7318027 -0.10077081 0.4679707 0.0060127215 -0.10811194 -1.1235135 -0.00064717734 -1.0311497 -0.03591589 -1.4553126 -0.22435479 -1.1642054 -0.28606588 -0.34040108 0.71072054 0.08302819 
0.034201607 
6.0007157 
0.4261734 
-0.12093881 
0.4031663 
0.14123297 
0.29998192 
0.010495273 
-4.1653366 
0.05980196 
0.0055316207 
-0.22312263 
-0.047065113 
0.015270974 
-0.15630823 
0.04639148 
-5.011443 
5.675286 
0.48450524 
0.32148048 
1000.0 
0.1 6.1026373 -1.977777 0.1 -2.0514727 0.1 -2.3285494 -1.1527141 6.426848 0.1 -0.412277 0.1 0.043463875 0.1 0.1 0.1 9.58791 6.6038027 -1.8765631 -4.013069 
-1.2690867 
0.0 
