1 20 1 1 
-1.8269368 -0.46173427 -0.9920641 0.3187837 -0.037652873 -0.1548955 0.46359712 0.051443834 1.185013 0.032613747 -0.065871 0.518545 -0.032181375 -1.1874632 -0.8360821 -0.4478844 0.061026044 0.38221407 -0.3921962 -0.089871876 
-0.036811683 
0.18112695 
-0.21141912 
-4.083689 
-0.09451969 
-0.35963628 
2.4673007 
-1.3033382 
0.26773325 
-0.0027914061 
-0.11872199 
-0.054187763 
-0.14899394 
0.28152627 
-0.021049112 
-0.2624067 
-0.6347667 
2.3447084 
-0.37065592 
0.2057429 
1000.0 
0.1 0.1 0.1 -10.891419 0.0302292 4.5661173 -9.256461 -3.6486526 -0.11252504 -2.334958 0.1 -3.1266563 0.07776451 0.1 0.1 0.1 -4.3295226 -7.6292043 0.1 0.1 
1.2411066 
0.0 
