1 20 1 1 
-0.00055562763 -0.98931986 -0.46876624 -0.072423905 -0.21180996 0.06230481 -0.22700502 -1.760606 -0.03318491 -0.22887965 0.5921785 -0.6467734 -0.49780697 -1.9392776 -0.07118948 0.8542247 -0.3680315 -0.06238662 0.4012632 0.48383582 
-0.0012582185 
0.22276987 
-0.09632951 
2.0746963 
-6.198957 
-0.052913837 
-0.07399603 
0.21195488 
0.024037994 
0.42971084 
-0.68121535 
-0.25372908 
-0.2610781 
0.085584745 
2.9823287 
0.092595644 
0.013593778 
0.88649046 
-0.43799374 
3.77896 
1000.0 
-0.118974656 0.1 0.1 7.423899 8.819638 -1.8543426 0.1 0.1 0.1 0.1 -5.928374 0.1 0.1 0.1 7.31715 0.963871 0.1 6.400148 -4.021078 -9.653277 
1.9351082 
0.0 
