1 20 1 1 
0.26939157 -0.29357648 -0.29133093 0.3312931 -0.22696367 -0.42469117 0.4554426 -1.1651471 -0.42724612 -0.011867503 -0.7088154 -1.7342776 -0.019672394 -1.2988243 -1.2391527 0.45664054 0.3278029 -1.4491627 0.56627655 0.44721654 
0.2743063 
0.090574935 
0.8553094 
-4.919526 
-0.2055606 
-0.29444748 
1.3456556 
0.12404477 
-0.122125015 
-0.2582336 
0.13259396 
-0.19841088 
-0.00876057 
-0.11799064 
-0.21965925 
1.303076 
0.3353042 
-0.05962025 
0.5522708 
1.914998 
1000.0 
-4.456035 0.1 5.048215 -10.872082 0.1 0.1 -8.611058 0.1 0.1 -0.07399685 0.1 0.1 0.1 0.1 0.1 -8.6666 -4.213741 0.1 -3.7314982 -8.148057 
-2.9042015 
0.0 
