1 20 1 1 
-0.08039613 -0.8014308 -0.7264954 0.2327235 0.5047453 0.1448336 -0.35787156 -0.90210223 0.36411992 -1.009308 -0.17149344 -0.075859115 -1.6042545 0.018833388 0.36736947 -0.9590008 0.40178218 -0.07083914 -0.435047 -0.1956445 
3.907702 
0.12095095 
-0.24879187 
-0.16926596 
2.35242 
-3.1366153 
-0.063442215 
0.22471619 
0.77010745 
-0.010292192 
0.2251166 
0.3110851 
0.38053632 
-0.0028287985 
0.5620809 
0.3082793 
-0.38639697 
0.023265246 
-0.082925834 
-5.869042 
1000.0 
7.6514053 0.1 0.1 -2.3659008 -10.067901 -8.921733 0.1 0.1 -7.268138 0.1 0.1 0.1 0.1 -1.2463869 -7.3377023 0.1 -3.3619812 0.1 0.1 6.557227 
0.3024564 
0.0 
