1 20 1 1 
-1.2942624 1.740334 1.7002023 -0.7979136 1.0890261 2.120372 1.1787663 -0.3383617 2.4330776 1.123765 1.6220889 1.2717754 -0.72561365 -0.4592486 2.2292016 2.674273 2.811525 0.058670174 -0.7293043 1.8263133 
0.16754863 
1.2699146 
1.3230432 
-0.3549451 
0.8473872 
1.1343485 
1.3010305 
0.104763925 
1.1841068 
1.3825873 
1.209652 
1.2839874 
-0.025262473 
-0.10946355 
1.1548837 
1.1566582 
-5.574193 
-0.082792975 
-0.13328551 
1.3179681 
100.0 
4.5 -34.799908 -33.99305 4.5 -21.795517 -42.404655 -23.599644 1.5098636 -16.281012 -22.534077 -32.432674 -25.433365 4.5 4.5 -44.643368 -53.52894 -98.877304 -6.903356 4.5 -36.546936 
-4.5781517 
0.0 
