1 20 1 1 
1.2092054 0.81159765 0.029102193 -0.019127836 -0.44683498 0.71594423 -0.35514462 1.3401965 -1.2694408 2.1070576 -1.0740625 1.4967035 0.001833464 2.510174 0.7209272 1.5478263 0.96419257 -0.5558471 1.2590721 1.0431026 
0.659736 
0.7318267 
-0.06872892 
-0.06629446 
-0.2789649 
0.8204828 
0.023495387 
0.8872396 
0.22142567 
0.72138023 
-0.21263576 
0.7258251 
-0.21664062 
0.5810872 
0.7300413 
0.47565064 
0.80562836 
-0.34750468 
0.68117076 
0.6989563 
100.0 
-9.969385 -5.3262577 -5.298801 -3.175086 3.1484075 -2.3823063 2.1453023 -2.0558827 4.5 -7.9645486 4.5 -7.036589 -5.1805277 -24.126698 -5.977064 -14.64679 -3.3832867 4.5 -8.756733 -9.396936 
10.024392 
0.0 
