1 20 1 1 
-2.331352 0.33010572 -0.49309126 -1.3833053 0.3881794 1.0238295 -0.05502402 -0.089143865 -0.6852213 -0.7501656 -0.95763826 -0.5733734 -0.101406716 -0.33430704 0.6913863 3.0299027 -1.4601995 -0.9899975 0.42077765 -1.3828801 
-4.0833206 
-1.1284825 
-0.14713153 
-0.29251844 
0.4968735 
-0.79918945 
-0.09872643 
1.0884004 
-0.30756405 
0.40175948 
-0.047409154 
0.24338657 
1.0920142 
0.09830657 
0.36277014 
3.5670636 
0.31034702 
-0.03439212 
0.7883365 
-0.05886416 
100.0 
88.736565 41.772663 4.5 4.5 63.098175 -9.85703 -1.5063097 63.55386 4.5 4.5 4.5 4.5 64.47338 1.4096509 62.812347 -60.79804 4.5 4.5 59.563667 4.5 
59.312714 
0.0 
