1 20 1 1 
0.4692581 1.0384504 -0.5108374 -0.058793124 -0.0790532 -0.9983614 0.031976983 0.4333307 -0.17284644 -1.1718403 -0.48528358 -0.57015115 -0.17332543 -1.0260128 -1.6062465 0.5360591 -0.044618655 0.4999981 0.22207549 -0.9891088 
-0.33909282 
0.27866343 
0.026471948 
1.430036 
2.9718056 
0.09059548 
0.3250531 
3.1563103 
-2.120042 
0.12400302 
-0.32576585 
-0.16825247 
-5.8377376 
-0.05612056 
0.20042108 
-0.3136422 
0.53286356 
-0.49601233 
0.15847097 
0.2687059 
1000.0 
-4.687434 4.2428303 0.1 5.850467 7.8961835 0.1 4.3092203 -8.64594 5.2171154 0.1 0.1 0.1 7.823407 0.1 0.1 -5.3562236 4.405088 -4.991198 4.0016055 0.1 
4.7432456 
0.0 
