1 20 1 1 
0.093112044 -0.13943787 -0.22614276 -1.7570374 -0.3909902 1.393432 -0.5881413 -1.0786895 -0.6533617 -0.12818967 0.10900614 -0.4937471 0.66679394 0.19538857 0.2862983 0.12344399 -0.12175127 0.13796584 -0.5158043 -1.9209108 
-0.8881686 
-0.05860538 
1.2061286 
0.029495144 
-0.19446713 
0.23734759 
-0.3383039 
-0.1437388 
0.26253453 
-0.8981544 
-0.40489796 
-0.18863784 
3.0012941 
0.038729202 
-4.6907425 
0.06314519 
-3.666561e-05 
0.0751943 
-0.101543985 
0.34205598 
1000.0 
-5.650551 1.3724933 4.3576546 0.1 0.1 -3.3644648 0.1 0.1 0.1 3.8079786 -6.573531 0.1 -12.751009 -5.0106454 -10.103641 -5.406964 1.2169993 -5.7713265 0.1 0.1 
-1.942099 
0.0 
