1 20 1 1 
-0.8439842 -1.1209505 -0.32267633 -0.057078037 -1.3421156 0.40093645 -0.08860521 -0.6756969 -1.3265743 -0.674346 -0.22873402 0.47406158 -0.5522109 -0.044233922 -1.3380604 -0.08508129 0.3439635 1.2245274 -0.043704145 -0.06795624 
-0.11106603 
-0.013626255 
0.11833861 
-0.009549153 
-0.0773556 
2.011534 
4.9269485 
0.19516289 
0.30910376 
-0.017031614 
-6.738992 
2.8021603 
0.22268307 
0.16069245 
0.24847248 
0.74777937 
0.24345423 
-0.6892254 
0.38064426 
-2.1497722 
1000.0 
0.1 0.1 0.1 0.1 0.1 -8.004675 9.021999 0.1 0.1 0.1 7.8929358 -9.467718 0.1 4.5534506 0.1 4.2098103 4.994232 -6.1297626 4.555524 5.8334813 
5.775541 
0.0 
