1 20 1 1 
1.6116996 1.3257117 1.4415687 -1.2983882 -0.598019 -0.96788216 1.3603258 -0.4835193 -0.79789835 1.9549094 -0.07455935 -0.59803444 1.6327641 1.5674299 -1.2927887 -0.9299543 -0.8140822 -0.03309081 -0.578793 1.3822025 
0.7491079 
1.0207319 
0.90327346 
0.02402359 
0.0066862972 
-0.08752904 
0.7059457 
0.08817523 
-0.16011666 
1.0640578 
-0.17016722 
-0.35361913 
0.9552824 
1.0250183 
-0.033054274 
-0.35427725 
0.07143857 
-0.06593363 
-0.089209944 
1.1792495 
100.0 
-15.477052 -12.459738 -13.707108 4.5 4.5 4.5 -13.012304 4.5 4.5 -11.391997 -0.40059474 4.5 -14.771125 -12.650733 4.5 4.5 4.5 -2.5280285 4.5 -8.910033 
6.508752 
0.0 
