1 20 1 1 
0.53281623 -0.08508756 0.83221483 -0.16730858 -0.12976666 -0.044308003 -0.16772832 0.4731006 0.0019457018 -1.4791658 -0.062193815 -1.565982 -0.2353162 -0.77125156 -1.1840453 0.8467371 -0.47604215 -1.2168031 -0.29358605 -0.74475414 
4.041542 
3.61776 
-2.011184 
0.28098458 
0.10310425 
0.10535067 
-0.12825063 
0.6179863 
0.00054438267 
-0.36256248 
0.057726253 
-0.21552913 
-7.506031 
-0.031096565 
0.24266744 
0.50734437 
-0.03594391 
0.2823834 
0.109561265 
0.011792528 
1000.0 
-10.637499 6.8421454 -8.332251 0.1 0.1 4.559768 0.1 6.288135 -0.36380377 0.1 4.9805627 0.1 8.129244 0.1 0.1 6.290305 0.1 0.1 0.1 0.1 
6.661698 
0.0 
