1 20 1 1 
-1.5775843 -1.4465464 -1.5156822 -1.0943553 1.190882 1.078928 1.3983492 -1.1935546 -0.69823956 1.0552796 -1.3822007 -0.5375624 -0.035768017 -1.3966476 -0.45690697 -0.5753457 0.99610037 -1.1648229 1.5244168 -0.036395818 
-0.06741916 
-2.7498071 
-2.596263 
0.1852966 
0.76962185 
1.3321488 
0.8837044 
0.18051259 
-0.04699002 
1.2578663 
0.14799364 
0.33533162 
-0.20039767 
-0.114893444 
0.17175488 
-1.9856026 
0.76664454 
-0.034390733 
1.113088 
-0.019092418 
100.0 
4.5 63.651917 65.653915 4.5 23.89498 42.958157 33.344788 4.5 4.5 47.550945 4.5 4.5 -3.2623496 4.5 4.5 57.870365 19.132246 4.5 43.53356 -1.7574035 
35.14819 
0.0 
