1 20 1 1 
1.700922 -1.1354069 1.2992154 1.1582104 1.2462077 1.7531843 1.0487294 0.012506112 2.3540154 1.1482135 1.6585684 -0.07007693 1.153719 -1.2744545 1.5976726 1.5227854 -0.7674923 -0.72155464 1.9226416 -1.0259894 
0.7920891 
-0.07276726 
1.0726016 
1.1088728 
1.0850261 
0.9406935 
1.1473892 
-0.122477084 
0.6965293 
0.76296407 
1.0005738 
-0.24286282 
1.1110215 
0.15931143 
0.64328593 
0.7724139 
0.23599061 
0.31381932 
-4.662978 
-0.15575996 
100.0 
-6.254047 4.5 -25.300636 -22.419561 -24.203753 -34.36859 -20.229599 -5.047657 -10.061326 -6.36938 -32.492344 -0.83939606 -22.328568 4.5 -11.915019 -6.6222997 4.5 4.5 -99.63965 4.5 
6.8472476 
0.0 
