1 20 1 1 
2.0763407 0.4980601 1.905668 1.7000002 2.1830554 -0.92421633 -1.636601 1.3075039 1.3819832 2.9689271 1.5738342 2.775962 1.8409007 2.5766718 2.094803 0.07251771 -0.566208 -0.759612 1.8498318 -1.5510415 
1.0365331 
-0.010604351 
1.5442761 
1.1692914 
1.7584686 
0.20501937 
-0.112657964 
2.0299075 
0.9965927 
-5.344674 
1.7731357 
1.5246956 
-0.36753994 
1.6001284 
-0.4851943 
-0.11442804 
-0.32642654 
0.029477952 
1.6251534 
0.1201284 
100.0 
-41.606144 -1.1993024 -38.17436 -34.07186 -43.731262 4.5 4.5 -26.205061 -27.709188 -95.7917 -31.54521 -55.580387 -18.322012 -51.592415 -20.850676 -8.307034 4.5 4.5 -37.059013 4.5 
31.030132 
0.0 
