1 20 1 1 
1.6396526 -1.0603294 -0.77281684 -1.3396554 -0.8481089 2.056105 -0.60221654 -1.4644855 1.1429259 0.9535781 -1.8789015 1.5872446 -0.3930363 -1.0118903 0.09076886 -1.2187127 1.4564892 1.6909841 1.0427446 1.6386294 
0.813351 
0.11676657 
0.13472384 
-0.15805402 
-0.017456902 
0.7783548 
-0.2609746 
-0.37292475 
1.0167592 
0.9595182 
-0.3596088 
0.9061069 
-0.18941534 
0.10302791 
-0.044032253 
-0.28347692 
0.9278786 
0.836181 
1.0699992 
0.8924064 
100.0 
-14.682262 4.5 4.5 4.5 4.5 -19.64489 4.5 4.5 -7.6298466 -8.51488 4.5 -14.909804 2.4199698 4.5 -9.199266 4.5 -13.592612 -15.968133 -6.4411197 -15.408101 
7.201664 
0.0 
