1 20 1 1 
-0.08678625 -0.2543812 -0.053166382 -0.51832587 -1.1778028 0.0032785784 -0.054194186 -0.0020434745 -0.3567647 -0.30912438 0.14661227 0.4307102 -0.47424 -0.09414861 -0.062279433 -0.21279821 -0.10010665 7.402995e-05 0.1769066 0.0009922988 
-0.3442629 
-6.1885853 
1.4117043 
0.3358096 
0.21764483 
-0.0042351587 
-0.16734836 
-0.008298788 
-0.18042685 
-0.2360362 
-0.19204909 
2.8020937 
0.33900973 
2.682864 
2.2329032 
3.1741157 
-4.633569e-07 
1.4109081e-05 
0.551722 
-0.0008010724 
1000.0 
0.1 8.70974 5.220929 0.1 0.1 -0.379503 0.1 -0.8557751 0.1 0.1 -2.6946507 -8.654556 0.1 5.6345854 6.131722 4.1177716 1.0010625 -0.008983381 -3.5819793 -0.20669633 
2.1201527 
0.0 
