1 20 1 1 
-0.25881273 1.0461682 0.894263 -0.36715552 -1.3133829 -0.48253083 0.23901492 -0.33802316 -0.8222759 0.6075314 -0.8311627 -0.11973837 0.77321553 0.63338864 -0.5645212 0.30206746 0.5755 0.98618156 1.0439452 -0.961042 
0.13296345 
0.9123443 
-1.2145033 
0.100103915 
0.41461262 
-0.16088602 
-5.26806 
0.09182995 
0.09420528 
1.8776146 
-0.24809292 
11.586559 
1.1494341 
1.3865807 
0.379244 
-2.8871293 
2.1275113 
-0.97119176 
0.93326443 
0.32727927 
1000.0 
0.1 -10.566364 11.783554 0.1 0.1 0.1 -10.788606 0.1 0.1 -8.852298 0.1 10.00343 -8.55057 -9.291097 0.1 12.081236 -8.030603 11.314511 -10.519148 0.1 
-12.226902 
0.0 
