1 20 1 1 
0.11542843 -0.8029422 0.18211052 -1.4399376 -0.13932048 -0.4619499 0.023357145 0.010305894 -1.0137695 -0.009721529 -0.23852776 -1.5032871 -0.12472126 -0.13597946 1.3162079 -0.03658475 -1.0328484 0.28918287 -0.60434514 -0.13925768 
-0.14697324 
-0.22942181 
-9.992064 
-0.21569277 
-1.276039 
-0.9153854 
-0.016304769 
-0.0018779911 
-0.053014416 
-4.0479327e-09 
0.17465651 
0.33342597 
0.024003284 
-0.3558008 
0.6073485 
-0.27242208 
0.04301108 
0.32459852 
0.004111052 
0.35954788 
1000.0 
-5.8825088 0.1 -13.512091 0.1 6.987843 8.788219 -3.0831485 -1.2554693 0.1 0.09721526 0.1 0.1 1.2341855 0.1 2.2274873 0.1 0.1 2.2187486 0.1 0.1 
2.6119912 
0.0 
