1 20 1 1 
-0.5480486 -1.1944448 0.51106524 -1.2591118 -0.020797925 0.569831 -1.0284742 -1.0025324 -1.9274629 -0.41214266 -0.23215061 0.017098302 -1.4126357 -0.8435987 0.23620579 -0.6278213 -0.0008709735 1.0727139 -0.2743698 0.20409475 
-0.10880986 
0.22757076 
0.294878 
0.12957819 
-0.08657222 
0.49942547 
-0.050748155 
-0.16052675 
0.22592072 
-0.25872675 
0.05511868 
0.051005192 
-0.12400601 
0.12422092 
2.2564433 
0.26950684 
-0.00057895825 
0.36171558 
-0.24867746 
-3.0148811 
1000.0 
0.1 0.1 -1.8861202 0.1 -0.020579016 -1.4978989 0.1 0.1 0.1 0.1 0.1 -2.3809817 0.1 0.1 -7.106835 0.1 -0.15318468 -2.126019 0.1 -8.472621 
-0.98279816 
0.0 
