1 20 1 1 
0.6865685 0.9099228 -0.020229835 -1.3962034 0.9150003 -0.17617081 -1.3306847 -0.1937829 -0.7080658 -0.09023238 -0.41237435 -0.9799305 -1.0881214 -1.2122993 1.394798 0.24050617 -0.48748353 0.52908105 0.54919004 0.7003843 
0.80748415 
0.594913 
0.038757283 
-0.035003807 
0.7510432 
-0.10732135 
0.13696669 
-0.028631408 
0.2848505 
5.1220126 
-0.14511657 
0.1084541 
0.2817046 
-0.43095112 
-0.83163494 
-3.9505317 
-0.112288885 
0.5264612 
0.66262907 
0.58570194 
1000.0 
-6.854855 -9.089114 0.1 0.1 -9.13913 0.1 0.1 0.1 0.1 6.9586353 0.1 0.1 0.1 0.1 10.1578045 -11.392394 0.1 -5.2810254 -5.481707 -6.9937344 
-10.453719 
0.0 
