1 20 1 1 
-0.029058654 -0.13257276 1.2401158 -0.0018465689 -1.9878674 -0.20090626 -1.0303323 -1.4101255 -1.3505868 -0.8098285 -0.02368964 -0.39217097 -1.2040765 -0.4951434 0.021305664 -0.7117258 -0.59771943 0.09428587 -0.47021878 -0.11878271 
0.61055934 
-1.3568959 
0.43935525 
-0.02142614 
-0.13522358 
-0.35062122 
-0.14877184 
0.2593764 
0.2749482 
0.38883704 
-0.08669207 
-0.02482453 
0.0689455 
-0.32321072 
-0.014145295 
0.31900817 
-0.030189645 
-15.897411 
-3.3136742 
1.1275593 
1000.0 
5.7790284 6.45154 5.4602046 -1.5658227 0.1 0.1 0.1 0.1 0.1 0.1 0.1 0.1 0.1 0.1 -2.727627 0.1 0.1 -11.34306 8.745103 6.817151 
5.845581 
0.0 
