1 20 1 1 
-1.0159593 -1.0143688 -0.76566684 0.37885907 -0.60795635 0.38118827 -0.4520237 -0.6778161 -0.34625322 -1.4301511 -0.17710616 -0.17414548 0.94985235 -0.529385 0.17060311 0.29299358 -0.13939 -0.95046115 -0.123338155 -0.094765894 
0.28961834 
-0.19403374 
-0.10741296 
2.161185 
-0.104975425 
2.0896852 
-0.15745427 
0.0021496022 
0.2265437 
0.054945372 
-0.15802631 
0.0019681687 
0.19419388 
-0.18589614 
-6.473249 
-4.136628 
-1.1697756 
-0.066000596 
-0.17458001 
0.22751446 
1000.0 
0.1 0.1 0.1 -7.5690403 0.1 -7.6023026 0.1 0.1 0.1 0.1 0.1 0.1 0.8044502 0.1 -13.08443 -9.976635 5.164663 0.1 0.1 0.1 
1.2786981 
0.0 
