1 20 1 1 
0.58853126 0.81555176 -0.012912913 0.05740544 -0.8088505 -1.2456183 -0.23685402 0.41903582 -0.79189575 1.2192836 1.6773107 -1.6095233 -1.022863 -1.4721491 -1.4599864 -1.110652 0.3613082 0.6480373 -1.3547724 -1.3888507 
-0.7315803 
-0.32038248 
-0.2221577 
1.2804753 
0.31490257 
0.055080894 
-5.3853674 
0.7620305 
-0.3903415 
-0.43374714 
0.5960296 
0.103766285 
0.16368525 
0.24138086 
-0.10383505 
0.0106961895 
0.6652402 
-0.48794523 
0.085248366 
0.027297301 
1000.0 
-5.889371 -7.926241 0.1 9.396398 0.1 0.1 11.240526 7.284195 0.1 -7.417251 6.862508 0.1 0.1 0.1 0.1 0.1 7.4470434 -6.486814 0.1 0.1 
6.941217 
0.0 
