1 20 1 1 
0.6026987 -1.0690976 -0.9691373 0.69558895 0.3866036 -0.118876874 0.22218439 0.20042542 -0.09264907 0.19844556 0.24873583 -0.17186883 0.11268076 -0.3682968 0.13919288 -1.5311316 -0.3653473 0.119665645 -0.7071353 -0.18780077 
0.512645 
0.15718003 
-0.3146711 
0.40100208 
0.2919306 
0.20957468 
0.21513034 
0.2322401 
-0.09863179 
0.15001054 
0.38234743 
-0.98503864 
-1.2872111 
0.03142764 
0.10414281 
-0.4197365 
-0.4102809 
0.07305105 
-0.41654637 
-0.0113639515 
1000.0 
-1.4741769 0.1 0.1 -2.136246 -1.8243641 0.1 -4.5011396 -4.055673 0.1 -4.2186465 -4.9946947 6.844898 -6.746684 0.1 -3.6663802 0.1 0.1 -3.5683644 0.1 0.1 
-0.6141758 
0.0 
