1 20 1 1 
-0.4011334 0.017776875 0.09849353 -0.37760207 -1.7451841 -1.2900827 -0.3886826 0.008981561 1.1459768 0.2169732 0.023476778 -0.39548084 -0.083600745 0.5284777 0.28238326 -0.30660352 -0.48246256 -0.5968985 -0.6368604 -0.1817787 
-0.3483822 
0.025619438 
3.8159618 
-0.30214006 
0.0031008567 
0.102452084 
0.16340747 
0.0074447063 
0.41262805 
-5.2316356 
0.04498552 
0.1938252 
-2.0939653 
0.48860955 
0.5648387 
1.4345853 
-0.02850975 
0.070721924 
0.054454233 
-0.98433495 
1000.0 
0.1 -3.0894227 -6.953832 0.1 0.1 0.1 6.999484 -1.1978276 4.565527 -11.05554 -3.0583696 0.1 7.2629914 4.6339912 4.691107 7.249554 0.1 0.1 0.1 8.24253 
4.8582907 
0.0 
