1 20 1 1 
0.22277202 -0.09788799 -0.052730646 -1.2680116 -1.8142265 1.3142709 -0.33337954 0.3240452 1.4295082 -0.07389443 -0.12925227 0.9236561 -1.0662463 -1.3845329 0.0006484172 0.61555815 -0.11528379 -0.0027691282 -0.08084356 0.2421976 
-0.8111984 
3.5039442 
-0.13340229 
0.17643215 
-0.26277512 
0.5244638 
-0.15716052 
-1.6619344 
0.34922388 
0.32415196 
2.4187171 
0.5550168 
-0.06837144 
-0.13855708 
-0.0008081047 
0.2972505 
-5.264253 
1.2928129e-05 
0.42636114 
-4.977513 
1000.0 
-4.43545 6.304225 0.1 0.1 0.1 -0.6550527 0.1 -6.4612465 -1.0789044 0.1 3.847045 -0.56555253 0.1 0.1 -0.12833202 -0.85770375 9.145675 0.022465868 0.1 -10.773055 
-0.18317133 
0.0 
