1 20 1 1 
-0.1655003 -0.17628516 1.3205633 -0.29839194 -1.8450326 -0.52962554 -0.09176256 -1.0553383 1.7396665 -0.38049302 -0.6327036 0.16332795 0.38712612 -0.0059343246 -1.399295 0.71889335 -0.23421007 -1.1908638 0.05704926 -0.61813784 
-3.3757465 
-0.27480116 
0.35333124 
0.07339053 
-0.16776551 
0.15680516 
-0.14456688 
0.13288394 
0.44859147 
0.064581245 
0.37956995 
-2.6448977 
-2.1123328 
-0.011525074 
0.05263803 
0.24964656 
0.22996606 
-0.21898863 
0.17080812 
0.17934391 
1000.0 
7.8749013 0.1 3.2349894 0.1 0.1 0.1 0.1 0.1 3.1031013 0.1 0.1 -10.711033 -7.702656 -0.5450721 0.1 2.3626835 0.1 0.1 3.39606 0.1 
2.9600415 
0.0 
