1 20 1 1 
-0.9584777 0.39583606 -0.8141283 1.2087317 -0.15762036 0.49800667 -0.4883571 0.012325544 -0.017913572 -0.07079227 -1.5390345 -1.3954816 0.010610039 -1.3567426 0.0057230885 -1.6094211 -0.14233877 -0.65215766 0.18006295 -0.19220264 
0.06529665 
0.36895925 
-0.08200615 
0.40192217 
-0.7393513 
0.50810456 
0.0063017244 
-0.0790133 
-0.11676083 
-0.19635801 
-0.16760372 
-0.17847387 
-0.03255076 
-0.0014376999 
-0.04719328 
0.042635098 
1.1507535 
-0.009554227 
-3.846103 
-1.4349796 
1000.0 
0.1 1.9070456 0.1 1.8702183 3.0730984 1.9063662 0.1 -2.7249155 0.1 0.1 0.1 0.1 -2.7305226 0.1 -1.4286135 0.1 4.170958 0.1 -10.360851 8.228595 
1.9679734 
0.0 
