1 20 1 1 
-0.7313382 -0.9459801 -0.79167587 0.2990785 -0.41585493 0.31445816 -0.9097634 0.06529878 -0.77855587 -0.32118747 -0.29282445 -0.15501095 -1.0210923 -0.73517823 0.21518928 0.0029465775 -1.1737874 0.25664836 0.8119023 0.23876503 
-0.10014561 
-0.3640535 
-0.32462558 
0.2405383 
-0.10719676 
0.1565279 
0.06291799 
0.3336166 
-0.29340532 
-0.12705909 
-0.26111495 
-4.5312233 
0.024808586 
-0.15698238 
-0.32072127 
1.9496276 
-0.13538277 
-0.6486261 
0.5074604 
1.4395401 
1000.0 
0.1 0.1 0.1 4.7949624 0.1 4.335958 0.1 5.1921644 0.1 0.1 0.1 7.518668 0.1 0.1 -4.273477 6.2908974 0.1 -5.0965986 5.1209764 -7.206938 
5.445009 
0.0 
