1 20 1 1 
0.9758661 -0.40996853 0.29658613 -0.32494557 -0.017730968 -1.508118 0.15782323 0.013885194 -0.022388877 -0.04474939 -0.23614347 -0.5178812 -0.110996924 1.1516677 -1.0697194 -0.5162771 -0.06710384 -1.1600175 0.31983158 0.655404 
0.51811403 
-0.20034267 
-3.4055808 
8.012795 
0.044580437 
-0.1599607 
-2.0920455 
2.8027513 
-0.2297671 
-0.13842712 
-0.055714063 
-0.08163905 
-9.800559 
0.61565423 
0.12191615 
0.16058086 
0.38834077 
-0.0058502154 
-3.8995962 
0.8283156 
1000.0 
5.7888775 0.1 -9.647281 7.762008 0.1 0.1 -9.423101 6.0855513 0.1 0.1 0.1 0.1 9.797109 5.767818 0.1 0.1 2.2289667 0.1 -10.188331 5.850388 
5.996947 
0.0 
