1 20 1 1 
0.32945818 -0.18714538 3.5157867e-05 2.5066081e-05 -0.27426437 -0.09491008 0.0022642787 0.2509056 -0.73578686 -0.08964047 0.2170134 0.7820707 -0.35692063 0.72174805 0.19966576 0.105768815 -0.107444875 0.973745 -1.7891973 -0.0057474244 
0.45408398 
4.352796 
-0.0068642595 
-0.00029214608 
-3.23915 
2.405982 
-0.019552555 
-4.4346457 
-0.10221618 
-0.021286491 
0.18751849 
0.5242191 
0.12722926 
0.36992896 
-0.52639776 
-0.32253388 
-5.842217 
0.45624807 
0.35599315 
-0.01333793 
1000.0 
2.1742587 5.416377 -0.6464414 -0.014359642 5.080762 5.185606 -0.95471185 -10.011326 0.1 0.7895721 2.062788 2.222568 0.1 2.257899 -5.4572864 -4.2099085 7.5176325 2.2440922 0.1 -1.3998199 
2.4271743 
0.0 
