1 20 1 1 
-0.6337414 0.5533072 -0.016690293 0.21142206 -0.24360192 1.3155632 -0.82133156 -1.2923852 -0.9480348 0.5607788 0.799114 -0.86247903 -0.27526042 -0.6314212 0.22755454 -0.11555463 0.7017829 -1.5179443 0.7752786 -1.3689966 
0.3278056 
0.66821 
0.029875286 
-3.432375 
0.12916876 
0.683668 
-0.15013577 
-0.19508868 
-0.15123242 
1.0416228 
0.69123703 
0.42071715 
-0.004597732 
-0.0025606665 
0.23349616 
5.3449774 
-1.5015811 
0.28986406 
0.7016613 
0.2767456 
1000.0 
0.1 -5.5604053 0.0020935996 -9.309049 0.1 -13.183306 0.1 0.1 0.1 -5.633178 -8.018396 0.1 0.1 0.1 -3.6247656 9.286904 12.655895 0.1 -7.7802773 0.1 
-13.244793 
0.0 
