1 20 1 1 
-0.22795334 -1.0208831 0.5935804 -0.47323066 0.12720518 -1.3882459 -0.95477325 -0.63321376 -0.29712465 0.382554 -0.8060776 -0.3418536 -0.31301853 -8.3798615e-05 0.2373617 0.3356199 0.21955013 -0.18100832 0.23053014 -0.2585347 
0.03172257 
-0.054242287 
0.17914255 
-0.39704198 
4.7911525 
0.027892098 
-0.041458163 
-0.1946641 
0.39322135 
2.2681053 
0.1330869 
0.15867913 
-0.29756287 
0.00092796306 
0.26506045 
0.89236766 
0.3972517 
-0.1606216 
-3.9724638 
0.04459515 
1000.0 
0.1 0.1 0.45797104 0.1 -9.200012 0.1 0.1 0.1 0.1 -7.687131 0.1 0.1 0.1 -0.078789204 -5.544641 -6.759953 -4.483909 0.1 -9.5057745 0.1 
1.7893769 
0.0 
