1 20 1 1 
-0.53098357 0.38201615 -0.27105314 -0.4508771 0.6498858 0.16165969 0.4781235 0.008342947 -1.111712 -0.20454808 0.21749963 -0.16284488 0.6328804 -0.15968837 -0.0109849395 -0.84337586 0.02947025 0.11403839 -0.069559306 0.66577387 
-0.018035425 
0.21132027 
-2.9004521 
-0.21767879 
0.44157803 
-2.3836715 
0.37418276 
0.010041314 
-0.06212744 
0.1178489 
0.21566159 
1.3919832 
0.34803417 
1.3356632 
0.25160295 
0.19055356 
0.0682779 
0.117290355 
-0.32811508 
0.5858947 
1000.0 
0.1 -5.469395 5.2657666 0.1 -4.28668 -8.075064 -4.3656015 -0.88517904 0.1 0.1 -3.5403395 4.4808545 -4.512225 4.364513 0.052859567 0.1 -3.6006405 -3.0602775 0.1 -4.12224 
-3.7440264 
0.0 
