1 20 1 1 
-0.40882164 -0.09581504 0.037835285 0.19488838 0.026041888 -0.16786277 -0.42364395 -0.27266723 0.6817962 -0.16028087 -0.296221 -0.23051715 -0.034328006 -0.98807526 -0.23168573 -1.1268312 -0.053233176 -1.4866962 -0.375754 -0.9820228 
-0.3470423 
0.577696 
-0.015867045 
-17.630547 
-0.023356933 
-0.20859195 
0.21465015 
0.009689639 
0.35379305 
1.4376765e-06 
-5.7080647e-06 
1.2165118 
3.6486688 
-0.26058823 
-7.0753574 
-0.12260889 
2.6687748 
-0.11206921 
-0.15325111 
0.1967937 
1000.0 
0.1 4.7684793 -4.650979 -16.944597 -2.949078 0.1 0.1 2.711022 4.216917 1.6027721 2.9621494 6.5301595 8.335682 0.1 11.492803 0.1 7.901098 0.1 0.1 0.1 
4.922211 
0.0 
