1 20 1 1 
1.586442 -1.7791454 -0.8024141 -0.78197986 -1.1089666 -1.5280384 -0.57281446 0.4282256 -0.59291154 -0.62385213 -0.54751307 -1.2773226 -0.44346341 -1.1923239 -0.03700584 -0.4269479 -0.3028363 0.7510294 0.25832012 -1.9898019 
0.47496176 
0.06784233 
-0.38357398 
0.09653165 
-0.31001982 
0.17285714 
-0.4027338 
0.9874116 
-0.10506197 
-0.033407707 
0.1553834 
0.13468637 
-0.18884562 
-0.028994005 
-0.044810545 
-0.06047353 
0.20132089 
0.48304728 
-4.954689 
0.017800985 
1000.0 
-6.2878737 0.1 0.1 0.1 0.1 0.1 0.1 -8.595287 0.1 0.1 0.1 0.1 0.1 0.1 0.02431733 0.1 0.1 -5.8808975 -11.547487 0.1 
-5.4507923 
0.0 
