1 20 1 1 
-0.470649 2.680341 -0.819778 0.72593445 0.8986749 0.88696766 0.849776 0.720152 -0.8008964 -0.0643251 1.372223 1.7714084 -1.0245678 -0.5387966 1.2152798 1.2707287 -0.69608086 1.5986876 2.0097363 -0.60375696 
-0.14796142 
1.120386 
-0.027186597 
0.87260896 
0.8366425 
0.65955853 
0.5513348 
0.7912463 
0.41890335 
-0.18982553 
0.6658879 
0.7670697 
-0.2483754 
-1.705838 
0.7512518 
1.1432914 
0.0034852903 
0.6613485 
-3.416875 
-2.0400348 
100.0 
4.5 10.731565 4.5 11.479188 9.846862 0.61877555 -8.153898 10.1818495 4.5 -0.9490787 6.972512 9.2765045 4.5 55.009506 9.296129 -25.260445 4.5 4.0910764 -80.077965 60.86341 
15.295431 
0.0 
