1 20 1 1 
0.30218324 -0.044492785 -0.30795944 -0.37404376 0.26800776 -0.3462086 0.0015147218 0.4361987 0.20172422 -0.4159537 0.26645246 0.17741275 -0.053620573 -0.29690886 -0.4633163 -0.49871507 1.1926267 -0.8279548 -0.1576078 -0.82622325 
-0.9839326 
0.40257448 
-0.008614902 
-0.39653262 
-0.5605091 
-5.3947024 
-0.002683117 
0.27077708 
0.28131738 
-0.08921239 
3.1245089 
-2.8245685 
0.12879209 
0.01252354 
0.004047701 
0.17589886 
0.44652164 
-0.2565823 
-0.09668891 
0.24602097 
1000.0 
-6.0208397 4.65709 0.1 0.1 -5.338935 6.792924 -0.48673934 4.4340687 4.3710556 0.1 -7.986632 -8.400652 0.1 0.1 0.1 0.1 4.386457 0.1 0.1 0.1 
4.6381483 
0.0 
