1 20 1 1 
-0.03171728 -0.061890773 0.32899955 0.39702815 0.65758324 1.8434211 0.23814653 0.9015467 0.4112327 -1.3754547 0.45873782 -0.43449298 -1.4853338 0.4380724 0.6620303 -0.7618826 1.3769344 -0.61548734 0.042429265 1.9686104 
-0.070697114 
-0.24590337 
0.5088403 
0.510342 
0.584959 
0.4653663 
0.6401535 
0.66412157 
0.53147185 
-2.430893 
0.8007259 
0.32312483 
-2.189314 
0.6296654 
0.5836237 
-0.24283987 
0.5073428 
0.10478777 
0.01207569 
0.32687265 
100.0 
-2.24972 -1.1621048 41.347744 39.378067 -13.057255 35.213047 40.091408 36.06289 38.71579 76.19299 36.96083 3.1488872 80.42987 37.521057 -13.09767 4.5 35.55725 4.5 -4.4862385 35.443413 
37.43099 
0.0 
