1 20 1 1 
-0.21620518 -0.97448105 -0.055974077 -0.35240012 0.41769436 -0.49707937 1.3227813 -0.88277537 -1.9313475 -0.15320584 -0.1112914 -0.24040784 -1.5212619 0.4771595 1.2308738 -1.9814253 -0.0953467 -2.1017683 0.36976084 -0.6586816 
0.8356313 
2.766834 
0.038667865 
0.222764 
0.31007326 
1.1577027 
2.5241892 
2.0840733 
-0.37564376 
0.5626199 
0.6148172 
1.0774704 
-6.167187 
0.28184828 
-0.6631648 
0.082710095 
0.5743908 
-5.240337 
0.5577309 
1.7143507 
100.0 
73.58159 97.72696 0.31095737 35.50179 63.53376 82.90071 -39.43243 88.47412 4.5 76.26586 76.73958 70.27327 128.05838 62.417793 -12.083633 4.5 78.45985 88.78249 64.45577 79.97766 
64.647285 
0.0 
