1 20 1 1 
-1.6037974 -1.6742709 -0.924563 -0.12970394 -0.07625351 1.1874436 -1.4522133 0.23792176 -1.0454503 -0.7157265 0.5974663 0.24511494 -0.61124736 -0.68791574 -0.9869035 -1.2889293 -1.3757037 0.27643892 0.6368762 -0.9910283 
-0.29908302 
-0.42984417 
-0.04886478 
0.013717646 
-0.05056876 
0.60845304 
-2.5193384 
1.2886645 
-0.28281742 
0.021889854 
0.88400024 
1.0603238 
0.29658926 
0.07264551 
0.2717902 
-2.4953637 
-2.6506908 
1.0537142 
0.44847617 
-0.20978087 
100.0 
4.5 4.5 4.5 0.9546663 -0.067589544 57.734875 68.73674 58.597748 4.5 4.5 56.82182 67.14435 4.5 4.5 4.5 59.00422 71.179634 63.79689 -13.080327 4.5 
49.06684 
0.0 
