1 20 1 1 
-0.7324607 0.7137418 -0.33679694 -0.48719302 1.7210793 -0.46140385 1.1320109 -0.18048476 -1.362858 -1.9466517 1.3804371 0.53621554 -0.4634801 -1.665086 0.4814596 -0.88498396 0.54857886 -0.19887723 0.050532836 -1.2281915 
0.3276728 
0.7316067 
-0.03259612 
-0.015575626 
0.38209078 
0.13094828 
0.776663 
1.6309701 
-0.012770149 
0.096365705 
-9.4812 
0.71126133 
-0.015203394 
-4.712265 
0.86811197 
0.09708888 
0.7349763 
-0.111803584 
-0.048925973 
0.36504352 
100.0 
4.5 64.01536 2.4021423 2.8193448 59.408203 1.8896979 59.497925 85.289604 4.5 4.5 -124.88919 68.69009 4.5 115.99294 65.637375 4.5 67.41172 1.5875137 -5.9528303 4.5 
55.94587 
0.0 
