1 20 1 1 
-1.2752595 -0.6963324 -0.52496123 2.1956334 0.53893965 -1.3338568 1.0300342 0.47115102 0.6543467 -1.472061 -0.4566099 -0.83045065 -0.6803154 1.4358178 0.5698147 -1.9167871 1.9470284 1.6298859 -1.0476468 -0.06577662 
0.10129519 
-0.043115247 
-0.16351764 
0.5509635 
0.85857934 
-0.20237574 
0.17057651 
0.8580052 
0.15655927 
0.068609916 
-0.2897581 
0.41670072 
-0.44271588 
0.685576 
0.8690906 
-4.2799845 
0.65375406 
0.33685404 
0.29867285 
-0.035278074 
100.0 
4.5 4.5 4.5 33.18008 34.186115 4.5 -7.233531 35.585514 -3.0949352 4.5 4.5 4.5 4.5 32.71699 33.857773 87.5378 32.639744 8.671142 4.5 -0.60342956 
34.003994 
0.0 
