1 20 1 1 
-1.1217631 1.2530496 1.8899553 -0.67672795 0.8928874 1.7881321 1.2558665 2.636394 -1.19673 1.6207789 0.9887291 0.5761411 -0.47407645 -1.7636029 2.5041776 -0.18520515 -0.52749336 -0.7522858 1.4548787 -0.5659411 
0.03365548 
0.7478317 
-5.2398357 
-0.14608333 
0.62304026 
0.6486357 
0.61807084 
0.8723025 
-0.24233957 
0.65479946 
0.5847988 
0.6398613 
0.15942441 
-0.077207044 
0.79806304 
0.0149553185 
-0.040433835 
-0.25600547 
0.7634339 
0.22712083 
100.0 
4.5 -11.921684 -104.95606 4.5 -8.662895 -17.617268 -12.291543 -11.157943 4.5 -14.906589 -9.630098 -5.4992557 4.5 4.5 -12.457297 1.4536884 4.5 4.5 -12.056149 4.5 
-0.32781532 
0.0 
