1 20 1 1 
-0.8848387 -0.5996833 -0.65907246 1.39247 -0.6110518 0.8749571 -0.3604413 0.7101599 -0.035381015 -0.034072056 1.5789058 0.54706186 0.6698012 0.739343 0.7663144 0.7309302 0.53341216 1.6805671 -0.37787434 0.53159297 
0.03890394 
0.2605972 
-0.0770046 
0.5574326 
-1.6167883 
0.44467252 
0.08271018 
0.5058919 
-0.23768455 
0.02860708 
0.8054096 
0.69289726 
0.6084559 
0.60223836 
0.4561795 
0.6885193 
0.641152 
0.5268755 
-0.8535714 
0.77926373 
100.0 
4.5 4.5 4.5 9.9107895 61.91623 -1.5843701 1.7254307 8.599651 -2.9207826 -0.39149737 12.574041 12.355688 11.037753 10.877613 -0.59567636 11.823989 12.053472 4.420118 38.562836 13.389808 
18.90664 
0.0 
