1 20 1 1 
-1.314085 1.1814917 -0.7167344 2.0038867 1.9335183 -1.963374 2.1785135 1.1316141 -1.5726068 -0.57017297 1.5079328 1.3198241 1.64741 0.46259692 0.48511773 1.8505855 -0.46209583 0.60923934 0.8487093 -1.7098633 
-0.03476324 
1.1406393 
-0.07896537 
1.3285109 
-3.323624 
0.059277527 
0.75426286 
0.44954348 
0.15401939 
-1.6347585 
0.73347795 
1.2001445 
0.6915405 
0.5853217 
0.37715107 
0.61761904 
-0.010575507 
0.38640508 
0.5879992 
-0.34555405 
100.0 
4.5 -23.88178 4.5 -40.324993 -77.38303 4.5 2.141244 -3.3805895 4.5 59.342167 2.1320398 -26.64582 1.4744458 1.6732442 -2.6683598 0.079475865 4.5 -3.3438814 0.6405106 4.5 
10.933706 
0.0 
