1 20 1 1 
-0.70658576 -0.8929173 -1.5088207 -0.24442337 -1.5719749 -0.033997614 -1.9983844 -0.44716424 -0.20256428 0.41152474 -0.34978455 -0.9773888 0.140302 0.35026193 0.18353732 -0.52151734 -1.3916817 0.8986719 0.012133423 0.23305926 
-0.16093242 
0.059786126 
-0.30340388 
0.38863242 
-0.09431872 
-0.22324502 
0.12501481 
-0.005874945 
-5.89083 
0.20246798 
4.858995 
-0.09226579 
-1.6914829 
0.6483571 
0.29800546 
-0.25459442 
0.30097166 
0.46294296 
0.024736423 
0.25447994 
1000.0 
0.1 0.1 0.1 0.1 0.1 0.044409532 0.1 0.1 8.004101 3.0430543 7.4625473 0.1 -9.080957 -3.9404433 4.055054 0.1 0.1 4.418771 -2.5589929 3.7905395 
5.206937 
0.0 
