1 20 1 1 
-1.317636 1.2528952 1.0576377 0.07318043 0.41249794 -0.4509839 -1.351269 -0.6716359 0.5647836 -0.4450546 -0.9552779 0.8005972 -0.38152927 -0.17719752 0.52822685 -0.080503434 -0.0302454 -0.4737187 0.343036 -1.0903094 
0.033127125 
-0.45656338 
0.4396721 
-0.4053042 
0.40687123 
0.08933081 
-0.16988797 
0.19278193 
1.0288332 
-0.23964633 
0.11763488 
0.29309687 
0.032675467 
-0.29959837 
0.35767207 
3.981016 
-1.3420411 
-0.026800886 
0.35988358 
-0.018095532 
1000.0 
0.1 5.661461 -6.442187 5.4900203 -4.583259 0.1 0.1 0.1 -5.833157 0.1 0.1 -6.779232 0.1 0.1 -5.947797 6.7726574 6.155182 0.1 -4.031928 0.1 
-5.928327 
0.0 
