1 20 1 1 
-0.48176768 -0.16705528 0.34746385 -0.83470476 -0.04577452 -0.16463588 0.06058858 0.002317752 -0.6582466 -0.052562863 -0.0006107127 -0.1009073 -0.2692806 0.0011191578 0.3493513 0.23617059 1.3382242 -1.1671164 -0.5153031 0.0056259558 
0.13350669 
-1.4245092 
1.066014 
-0.19568114 
-0.18361874 
-0.86890906 
0.047303826 
0.0038066746 
-0.016436605 
-0.1107438 
0.00462023 
-0.32572612 
0.11068054 
0.013414572 
1.0963627 
-2.3483126 
0.385771 
-0.13909383 
-0.12368141 
0.026967254 
1000.0 
0.1 4.951492 -6.9575586 0.1 0.1 4.876028 0.57238734 -0.59368354 0.1 0.1 -0.28245616 0.1 0.1 -0.88322157 -6.9892583 -8.053737 1.0190952 0.1 0.1 -1.1007711 
1.7882807 
0.0 
