1 20 1 1 
-0.80923235 -0.605761 0.40887567 -0.6394569 -0.038281385 -0.06959178 -1.4369512 0.24930556 -0.4041507 1.0230534 0.35558814 -0.17083944 0.11423151 -0.27709737 -0.9272813 0.35850134 0.14902964 -0.05557818 -0.914468 -0.440619 
-0.041521624 
-0.31226918 
0.9762184 
-0.047393743 
-0.16306296 
-0.0052567767 
-0.16075884 
-2.8655176 
-0.015674027 
0.41155455 
1.002625 
-1.6442116 
-1.3610799 
2.1625023 
-0.006553746 
0.8275349 
0.051966704 
-0.12502226 
-0.23202103 
-0.122169614 
1000.0 
0.1 0.1 -7.2419434 0.1 0.1 0.1 0.1 -8.347233 0.1 -3.3448305 -6.097491 5.008015 -6.8065968 5.3701625 0.1 -6.4948273 -4.334702 0.1 0.1 0.1 
-2.5550132 
0.0 
