1 20 1 1 
0.9732697 -0.7933888 0.79278564 0.74807775 -0.9095497 0.23000449 -0.3256428 -0.43207547 -0.705783 -1.6765743 -1.0197221 -1.341284 -0.82371825 -0.18786475 -0.010355595 -0.778429 -0.78903055 -0.2150903 0.4340201 0.5521222 
0.26570192 
0.0029397646 
0.36822018 
0.24850819 
-0.29422283 
0.56097156 
0.23166063 
0.032055836 
-0.021348618 
0.1069629 
0.14872079 
-0.1519497 
0.33412683 
-4.506499 
0.07559939 
0.19699405 
-0.13312127 
0.21343105 
-0.42758155 
-0.29386693 
1000.0 
4.9515557 0.1 5.238258 4.9311333 0.1 5.6462975 0.1 0.1 0.1 0.1 0.1 0.1 0.1 7.5495415 0.1 0.1 0.1 0.1 -4.3193846 -5.501111 
5.702238 
0.0 
