1 20 1 1 
0.27500367 -1.7964463 0.8127953 -0.23371033 -0.18952952 -0.160052 -0.7255331 -0.14778438 -0.9605431 0.91602665 -1.1051222 0.38174874 -0.2783617 -0.8401508 0.981036 -0.7473449 0.5058622 1.2497916 0.5843673 -0.08319153 
-7.9815784 
0.2596456 
-0.57258826 
-0.30519402 
-0.015187495 
-0.068471424 
-0.12990223 
11.836892 
-0.120411664 
0.7520748 
-0.026606677 
2.3320518 
-0.023465449 
0.321089 
0.90866494 
-0.03782198 
-0.80860096 
0.7228094 
1.1317925 
-7.788129 
1000.0 
-11.038393 0.1 8.820844 0.1 0.1 0.1 0.1 9.955953 0.1 -9.781189 0.1 -8.37227 0.1 0.1 -9.392254 0.1 8.961044 -9.4656315 -10.46861 10.074787 
-8.938339 
0.0 
