1 20 1 1 
0.10129736 0.10941873 -0.15449156 1.0868092 -0.46388504 0.14631456 -0.25192076 -0.91751534 -0.34119213 0.0010604274 -0.016515924 -0.3679765 0.68474674 -1.6639192 0.004057615 -0.4502614 0.0052810386 -0.2229533 -1.2718284 -0.4246984 
0.05657116 
0.09084083 
0.31430712 
0.33541766 
-0.047745965 
0.9517979 
0.012454119 
0.08945636 
4.049711 
-0.0023829776 
-0.011668227 
-0.023930395 
0.4022795 
-0.26085684 
-0.0039733876 
0.040807784 
-0.010126491 
-5.2800117 
-0.2640112 
-0.19483666 
1000.0 
-3.991215 -4.287635 0.1 2.234913 0.1 -5.7473025 0.1 0.1 6.4532437 -0.15710822 0.016165767 0.1 2.4657235 0.1 -0.53057915 0.1 -0.82905316 6.5878935 0.1 0.1 
3.1474342 
0.0 
