1 20 1 1 
0.34473127 0.2810196 -0.14938805 -0.17088413 -1.6902283 0.7773528 -0.5437607 -0.78507495 -0.20190763 0.5640924 -1.9857866 -1.0034196 0.34430325 0.34011796 -1.6763952 -1.0683774 -0.10432984 0.18324792 0.3302313 -0.47237322 
0.805001 
-6.3724585 
0.51817185 
-0.13775839 
0.06275502 
0.35332614 
-0.030394498 
-0.045459826 
-0.09727415 
0.2007041 
-0.4301248 
0.17210664 
1.2322192 
1.2470207 
0.12593836 
-0.19903108 
-0.28517213 
4.9500494 
1.2038714 
-0.2181039 
1000.0 
-6.906864 -11.26628 2.818601 0.1 0.1 -3.3623714 0.1 0.1 0.1 -3.899001 0.1 0.1 -6.712456 -6.6222982 0.1 0.1 0.1 -9.347242 -6.4413123 0.1 
-2.5844173 
0.0 
