1 20 1 1 
0.37445244 -1.0407157 0.63105243 -0.199389 -0.66626555 -1.9695176 0.8603545 -0.29171404 -0.7697706 0.242801 0.20444807 -0.15815116 0.20253792 -0.33166108 0.021876257 -0.37736613 -0.53083366 -0.30345225 0.37809345 0.94784975 
0.40055698 
0.10035558 
-0.53895366 
-3.7743185 
-0.09925529 
-0.11327693 
0.35333675 
-0.011024318 
-0.010991528 
0.23026404 
0.44633442 
-0.2504129 
-0.09615643 
-0.39851016 
0.24098624 
0.06350494 
-0.21100862 
0.15234731 
-0.17090927 
0.37795246 
1000.0 
5.5295577 0.1 -6.280623 8.950619 0.1 0.1 5.4422145 0.1 0.1 4.9608 -4.039053 0.1 -2.0068955 0.1 4.933873 0.1 0.1 0.1 -3.757542 5.4945445 
6.0754085 
0.0 
