1 20 1 1 
-1.7556636 0.5872496 0.4976939 -0.2977644 -1.0561177 -0.91604716 -0.18522555 0.50460815 -0.48323524 -0.033018284 1.4993345 0.5341211 -0.13779362 0.7427391 0.33398488 -0.692569 -0.3794662 -0.21785255 -0.90673023 1.623332 
0.05404449 
-0.47744069 
2.5150864 
-0.17062107 
-0.017711526 
0.043056544 
-4.8755555 
-0.47696012 
-0.093381524 
0.011879583 
0.40861365 
-0.83907783 
0.2281248 
-1.1279757 
0.5474267 
0.1398527 
-0.27305287 
0.2041283 
0.08639219 
0.339125 
1000.0 
0.1 -5.8870215 -9.931216 0.1 0.1 0.1 7.3414803 -5.060546 0.1 0.05355323 5.699235 -5.3531623 0.1 -7.4389095 5.698434 0.1 0.1 0.1 0.1 5.405145 
6.6922636 
0.0 
