1 20 1 1 
0.25036365 0.999818 -0.39717466 0.34426787 0.45151648 0.88366914 0.40289372 -0.57622087 -1.4402642 -0.18327847 -0.5278807 -1.779354 0.6532266 -1.3798876 0.060539447 -0.109512806 0.3373345 0.46383822 -0.03566012 -1.3482301 
-6.27702 
0.42081517 
0.035606377 
-0.65208703 
1.457908 
0.35924542 
1.4271269 
0.049515914 
0.30749473 
-0.17466268 
0.062430426 
-0.11935146 
0.5135721 
-0.106352136 
-1.8826393 
6.514449 
-0.71384126 
1.515919 
-0.13861263 
-0.20275581 
1000.0 
-10.302385 -8.970024 0.1 7.0046086 -7.5424414 -9.5185995 -6.584538 0.1 0.1 0.1 0.1 0.1 -7.861952 0.1 7.1487484 6.830297 7.212193 -7.740766 0.04092186 0.1 
-8.05143 
0.0 
