1 20 1 1 
-0.050014205 1.5024096 0.23802684 -0.1969125 -0.10417828 0.001022858 -0.19377077 5.6815392e-05 -0.8967913 -0.28467295 0.013276223 -0.1545825 -0.3572213 -0.0008559863 0.048797708 0.005716349 -1.1072501 -1.4867122 -0.21757698 -0.27316344 
1.9309077e-08 
0.41693375 
0.28264004 
-0.2508231 
-0.07894449 
-0.001047048 
2.0704022e-08 
-0.0007715298 
0.30285525 
0.02478893 
-0.055639632 
-0.12925941 
3.4118996 
-0.0025967401 
0.6556074 
-0.023745982 
-0.0914966 
0.14441563 
-4.5441685 
0.20311314 
1000.0 
0.500142 2.5252683 2.5522523 0.1 0.1 -0.19418703 1.9377077 -0.07872638 0.1 0.1 -1.7936934 0.1 6.9672227 -0.64005727 6.4636974 -1.116131 0.1 0.1 8.162075 0.1 
3.2264497 
0.0 
