1 20 1 1 
-0.12873974 -0.15735015 -1.2391856 -0.09018727 0.3418305 -1.9868258 -0.5937794 0.34721434 -0.042060655 0.18736438 -0.61456627 0.5817003 -0.92394847 -0.26315883 -0.32754904 -0.76973593 -0.76093096 -1.2464688 -1.1196077 1.1252373 
-0.3798958 
0.24809802 
0.14047575 
0.06541293 
0.15793206 
-0.3841974 
-0.11645006 
0.21899731 
-0.23611192 
0.04307749 
-0.11433509 
0.42476225 
-0.4011026 
0.16268781 
0.07047402 
-0.22959131 
0.08471798 
-0.11709323 
0.27375636 
0.59962535 
1000.0 
0.1 0.1 0.1 0.1 -3.4253566 0.1 0.1 -3.4747622 0.1 -1.9268736 0.1 -4.1570864 0.1 0.1 0.1 0.1 0.1 0.1 0.1 -3.9270425 
-3.4889343 
0.0 
