1 20 1 1 
-0.102682196 0.5961468 -0.15353599 -0.49310684 -0.41696054 -0.17394733 -0.0353163 0.5151668 -0.38865075 -1.388166 0.33943102 0.3408322 0.3498011 -0.15547839 1.0195054 -0.10501537 -1.1366792 -0.0073300838 0.42037433 -1.6206449 
-3.4740913 
0.5075807 
-3.8452487 
-0.21711498 
0.083979174 
0.06691463 
3.2018878 
-0.48826355 
-0.07020388 
0.28116012 
-0.19515419 
-0.25011313 
-0.28596523 
-2.2799628 
0.48314583 
0.036524247 
-0.3905087 
0.5982271 
0.19402699 
-0.31974024 
1000.0 
7.2190456 5.169377 6.2605963 0.1 0.1 0.1 7.699354 -5.1206613 0.1 0.1 -3.3678682 -3.3796034 -3.4728932 6.3341794 5.121315 0.1 0.1 5.5015326 4.660013 0.1 
5.41047 
0.0 
