1 20 1 1 
0.6194301 -0.29260865 -0.09343249 0.15270357 -1.1583327 -0.1988028 0.0015842634 1.1445287 -0.33020115 -0.03608886 -0.9115713 0.30622393 -0.49908805 -0.36128104 -1.3168062 -0.29832762 0.04546247 0.0031342204 -0.7547566 -0.11013637 
0.57789207 
0.33306658 
-7.1740313 
-0.5687067 
0.069271944 
0.1975907 
-0.01145625 
0.63339037 
-0.08335938 
0.044297427 
-0.071893305 
-3.351169 
-0.12856165 
5.6287208 
0.28679267 
-2.05809 
1.518055 
-0.008036839 
0.30828267 
-0.23081149 
1000.0 
6.98444 0.1 7.8329906 -4.5385413 0.1 0.1 -0.8134081 7.1311183 0.1 0.022308037 0.1 -9.149522 0.1 6.8534102 0.1 6.6594305 7.1214724 -0.5972986 0.1 0.1 
7.5167923 
0.0 
