1 20 1 1 
-0.35683435 0.43913698 -0.4476364 0.4386737 -0.22406238 0.14413166 -0.066428095 1.0959818 -0.66309464 -1.8223512 -0.44534215 -0.07880239 -0.6152363 0.26403755 -0.2457717 -1.31304 0.42458293 -1.9959341 -0.4831252 -1.2905813 
0.06358691 
0.95468426 
-0.22898646 
1.543809 
-0.02335197 
-7.424143 
-0.32419676 
0.4056991 
-0.2981752 
-0.15394033 
0.008282846 
0.1877662 
0.11558256 
-5.9386683 
0.2376624 
-0.26086253 
1.699416 
-0.17880827 
0.09031879 
-0.07347728 
1000.0 
0.1 -8.775873 0.1 -8.764886 0.1 -11.576007 0.1 -3.5338113 0.1 0.1 0.1 0.1 0.1 -10.495897 0.1 0.1 -8.482163 0.1 0.1 0.1 
-2.8197021 
0.0 
