1 20 1 1 
0.56818974 -0.35020137 0.14083648 -1.1389835 -0.09785966 -1.3809737 -0.16039242 0.51327026 -1.4914081 0.43549326 0.83626604 -0.55705726 -0.24025725 -0.80110115 -1.0359334 -0.786725 0.5723244 -0.3064122 -0.14402057 0.878795 
0.70039314 
0.39910734 
-1.7136984 
0.36265445 
4.77338 
-0.16956636 
0.23982804 
0.6196502 
0.17144354 
0.79254496 
0.44087052 
0.030538747 
0.039869685 
0.061454047 
-0.018326174 
0.14252134 
-0.5095828 
-0.17949902 
-0.06256568 
0.40522403 
1000.0 
-5.6722317 0.1 8.093093 0.1 7.9054847 0.1 0.1 -5.1243105 0.1 -4.344441 -8.355495 0.1 0.1 0.1 0.1 0.1 6.9872384 0.1 0.1 -8.781387 
-8.271127 
0.0 
