1 20 1 1 
-0.1291272 0.89799035 -0.14184937 -0.7662591 -1.1277138 0.13480198 0.13002117 0.09441173 -1.148912 0.09974561 0.008353039 -1.6505164 0.51818264 -0.20198163 0.020585148 0.21985064 -0.49278286 0.69942796 -0.59732544 -0.35644913 
5.114474 
0.2784975 
-0.23256354 
-0.11797542 
0.025296314 
-0.06264921 
-0.796783 
-1.921213 
-0.27116215 
0.06705785 
-0.0048016864 
0.19042145 
0.35964403 
-10.712774 
-0.002678825 
0.31688553 
0.13344018 
0.23255362 
-0.3902743 
5.1879187 
1000.0 
6.329704 3.110056 0.1 0.1 0.1 -6.0621343 -5.2416434 -6.7523603 0.1 2.8383381 -2.2585852 0.1 3.6873202 8.08993 -2.6249468 3.8679304 0.1 2.8663273 0.1 8.142366 
4.2599597 
0.0 
