1 20 1 1 
0.33977646 0.0032816492 -1.0364507 0.002566641 -0.116271816 -0.17528008 -1.0618244 -0.24852885 0.30757493 -0.7167572 -0.2534696 -1.8696507 0.0002311244 0.002362117 0.57411605 -0.8766493 -0.09015697 -1.7638482 -0.3106157 0.3359166 
1.2176908 
-0.0022079884 
0.09556354 
-0.0009266834 
-0.10610917 
0.06298452 
0.38445687 
-5.0824766 
1.3314676 
-0.1390734 
-0.39115193 
-0.122745834 
0.00023112973 
-0.0028358663 
-0.40416434 
0.20867597 
5.404562 
0.11430584 
0.095156506 
1.5847877 
1000.0 
-6.8177977 -0.7055565 0.1 -0.44124812 0.1 0.1 0.1 8.930057 -6.1733227 0.1 0.1 0.1 -0.03052944 -0.5567842 -0.12279326 0.1 7.4540505 0.1 0.1 -6.7398434 
-0.52060354 
0.0 
