1 20 1 1 
-0.13644847 0.023838764 -0.5470494 0.3429501 -0.3775139 0.29853868 -0.28275827 0.35331905 -0.67837816 -0.29951164 -0.22471936 0.0033817878 -0.96039784 -0.8755882 -1.9362395 -0.6920551 -0.037555862 -0.036307856 -0.059517883 -1.1233977 
-0.10547245 
2.614656 
-0.11552197 
0.77325606 
0.20903102 
0.4900154 
-0.22121665 
0.67709935 
-0.14883956 
2.8136656 
-3.159614 
-0.03515386 
0.40451273 
0.12686697 
-0.29715556 
0.14013748 
0.13555709 
0.06260161 
-3.2013304 
-0.23895775 
1000.0 
0.1 5.52631 0.1 -5.8150673 0.1 -5.3034825 0.1 -6.1288004 0.1 5.763645 6.7100377 -1.4075124 0.1 0.1 0.1 0.1 3.5676577 3.4182327 4.861862 0.1 
4.3437157 
0.0 
