1 20 1 1 
-0.9605419 0.14973833 0.07998129 -1.5963162 0.47122526 -0.3831843 0.10123473 -0.022008387 -0.64248717 -0.41069564 0.245378 -0.043104652 -0.012863985 -0.393328 0.5308612 -0.10397416 -0.2503842 -0.17457014 -0.09295477 -0.19775888 
-0.3885201 
-7.36345 
-0.9096436 
0.24583326 
-0.27886334 
-0.42528695 
-0.37457633 
-0.0050480077 
0.17203428 
0.30267563 
-0.12030525 
0.20311004 
-0.0059343935 
0.24202152 
2.899284 
0.3798306 
-4.9879465 
-0.2033919 
6.1241527 
0.070785016 
1000.0 
0.1 -10.4573965 5.718001 0.1 -1.5936345 0.1 4.6127234 0.086611256 0.1 0.1 -1.1675054 0.1 -0.37380424 0.1 -11.223893 4.9497538 9.15434 0.1 7.457186 3.3336396 
1.2636738 
0.0 
