1 20 1 1 
1.6369005 1.8365813 0.73736584 -0.682562 1.550331 1.7432563 -0.7450797 1.6289161 0.7439063 -0.5653478 0.7131107 1.2744747 -1.782596 2.252266 1.095647 1.7338438 1.1243745 -1.4524921 0.97888273 1.3863147 
0.62481296 
-3.6487598 
0.64693594 
-0.015331829 
0.76247805 
0.796688 
0.2934303 
0.7823781 
0.5988554 
-0.24529278 
0.4107315 
0.7811358 
-0.053747065 
0.6420161 
0.6773378 
0.8540353 
0.64769226 
0.0027344436 
0.6467313 
0.5465288 
100.0 
-32.962406 -73.24159 -14.954617 4.5 -14.380612 -35.0784 4.5 -32.79154 -15.09051 4.5 -14.496834 -25.702726 4.5 -19.266817 -22.133932 -12.815143 -22.709394 4.5 -19.798946 -27.950592 
-2.2052686 
0.0 
