1 20 1 1 
0.24128704 0.28770286 0.25186306 -0.42652464 0.5160535 -0.2636429 -1.0851736 -0.10398206 -0.27906358 -1.5383544 -0.3057859 -0.96981025 0.59509003 -0.87839603 0.35861674 -0.35325766 0.36873683 -0.6906168 0.25774845 -1.6171327 
-3.132507 
0.20417581 
0.12702942 
0.116517164 
2.7267902 
0.15982033 
0.17207366 
1.9670781 
-0.4202941 
0.13325703 
0.089814305 
0.21373707 
0.34994626 
-0.2053906 
0.9928482 
0.23643358 
0.3602802 
-0.09209068 
-3.0337312 
-0.030630652 
1000.0 
-8.515013 -5.7470226 -5.0459175 0.1 -9.0797 2.5920427 0.1 6.384615 0.1 0.1 0.1 0.1 -7.1344237 0.1 -6.932766 0.1 -5.3483915 0.1 -9.274122 0.1 
-9.834415 
0.0 
