1 20 1 1 
-0.5343436 -0.1771893 -1.6737847 -1.7719291 -0.37595606 -0.06820772 0.5212141 0.7080989 -1.2049205 0.858958 -0.089516394 -1.0137503 -0.15993492 0.44581944 -0.18863438 -0.7401841 -0.9791983 0.25411955 -0.7089813 -0.105862305 
0.1891557 
0.29839885 
0.19727795 
0.25018367 
-0.20995404 
-2.4633598 
-0.46414572 
0.5217676 
0.22006258 
0.35714635 
0.08452133 
0.38430834 
-0.22078978 
0.17261896 
-3.3585718 
0.059014548 
0.12598966 
0.7016823 
-0.010889281 
0.061165296 
1000.0 
0.1 0.1 0.1 0.1 0.1 5.63687 -5.223062 6.836311 0.1 6.35176 0.1 0.1 0.1 4.516291 7.6456857 0.1 0.1 6.806997 0.1 0.1 
7.614447 
0.0 
