1 20 1 1 
-0.9215 1.6790591 1.2966856 1.3095406 0.8914856 0.44115624 -1.1694915 1.5009863 -0.9103034 0.44021344 -0.6871136 -0.6574605 -1.1314441 0.8083177 0.019592682 -0.674031 -0.59643996 -1.8128864 0.97661936 -1.8145905 
-0.109428585 
1.5715618 
0.4479254 
0.5563416 
0.4673992 
0.24389729 
-2.4506903 
0.19653279 
-2.1346934 
0.5452823 
0.048591115 
0.07231286 
-0.1830861 
0.6974159 
-0.0173703 
0.0004712633 
0.18144828 
0.36511555 
0.5062638 
0.0305086 
100.0 
4.5 -33.7128 44.310783 44.828323 44.766125 -8.972561 69.64634 32.53046 54.064384 46.221264 4.5 4.5 4.5 45.536785 -3.8346379 4.5 4.5 4.5 44.768448 4.5 
48.89055 
0.0 
