1 20 1 1 
-0.1037505 -1.4088533 -1.3577513 -0.17793648 1.6098268 1.4080034 -0.028871806 0.089450896 0.5357485 -0.8928554 0.055123854 1.7157516 -1.5123839 1.5337758 1.4050127 -1.2822765 -0.16253933 -0.42955264 0.2310236 0.2744784 
1.3648636 
0.1358191 
-0.23630166 
1.1937124 
5.3082485 
-1.5434057 
-0.15379174 
1.379503 
0.89969647 
0.34962264 
-0.14049742 
-1.8277475 
-6.417445 
0.29693973 
0.26224568 
0.36035597 
0.7386812 
0.09390798 
0.94905484 
0.39806598 
100.0 
95.53107 4.5 4.5 75.01118 -99.381775 -56.01989 -2.8542202 95.58831 93.34991 4.5 -7.6473627 -68.318275 135.84618 85.19175 80.156204 4.5 64.75414 1.9801096 93.32505 65.54787 
99.21494 
0.0 
