1 20 1 1 
1.2275285 -1.2059783 -0.38904315 -0.0022455915 0.7880082 -1.082538 -1.1695728 -0.24840651 0.24136502 -1.881757 -0.4138897 1.1506354 -0.4043554 -0.29694209 0.67279065 0.86571085 -0.3537708 -1.7717154 2.7590206 -1.8306819 
-0.14282334 
0.08180416 
0.6848273 
0.33437052 
0.012732086 
0.099099614 
2.6222074 
0.51764184 
0.43729714 
-0.07857176 
0.73583156 
0.18634738 
0.10175748 
0.6413027 
0.08403735 
0.16833669 
0.53790873 
-3.628832 
2.7054596 
-3.5271878 
100.0 
15.810739 4.5 39.355244 35.511078 27.587933 4.5 85.70473 37.44602 33.768055 4.5 42.13394 31.433615 2.6612558 37.125477 31.417133 31.521173 38.293835 71.14411 -55.0906 73.555374 
36.405357 
0.0 
