1 20 1 1 
-0.8855565 -1.5904038 -0.8518347 0.7906431 -1.6292497 -2.0491486 -1.3913505 2.552122 -0.39822593 0.2603963 -0.99006826 -0.5584671 2.632871 1.3496255 1.2537801 -1.9759237 1.0300827 -0.12042815 1.6387883 0.3939792 
0.25944683 
-0.26015705 
0.07047111 
-0.08851428 
5.3346004 
-4.4644856 
-0.31710866 
2.6143267 
-0.033080116 
-0.0625205 
-0.018186789 
0.043280475 
2.347608 
-0.34946868 
-0.24405082 
-4.651089 
-0.28307173 
0.37509874 
-0.351364 
-0.035729192 
100.0 
4.5 4.5 4.5 -0.12675735 131.13643 85.81971 4.5 -51.72624 2.4474478 1.1113111 4.5 4.5 -53.366726 10.069127 11.715806 82.80268 10.71534 10.098908 9.290027 -1.2529626 
-19.74261 
0.0 
