1 20 1 1 
1.1601009 2.1990302 -0.6526409 1.2350599 1.0307876 0.7737873 -0.25885224 1.0101339 0.9897869 0.79377174 -0.94609195 -1.234675 -1.7590435 -0.71131426 -0.48248246 -1.5076523 1.3121103 -1.9802734 1.2532516 1.9833028 
0.883456 
0.63143075 
-0.2211457 
0.5301626 
0.515764 
0.5603241 
0.26037017 
0.4921403 
0.54404545 
0.54578066 
-0.11719447 
0.14657198 
0.12846771 
-2.200518 
0.21323736 
0.06347978 
0.7747366 
0.061652258 
0.6174006 
0.6740639 
100.0 
11.278332 8.011358 4.5 6.2413034 5.8523107 -14.80261 0.5624469 -2.871346 6.6717067 6.6712284 4.5 4.5 4.5 71.64302 4.5 4.5 10.24934 4.5 8.056848 8.780362 
17.56238 
0.0 
