1 20 1 1 
-0.3482881 -0.059194576 -0.049267743 -0.34714094 -0.9826597 -0.053922918 -0.55408853 -0.44872177 1.2898762 -0.8101303 -0.9487384 -0.51347816 -1.6020727 -0.73028183 0.26040316 0.3981412 0.97607404 -1.2678574 -0.05821706 -0.23595601 
4.0317087 
0.054731905 
-0.57147634 
-0.08064905 
-0.17482412 
-2.227439 
0.19220981 
-0.22217797 
0.7476774 
-0.067035526 
0.08614946 
0.06488676 
-0.07399595 
0.29222268 
-4.46419 
0.4727903 
0.55188644 
-0.07493293 
0.08366079 
-0.052393716 
1000.0 
6.744743 0.1 5.6088343 0.1 0.1 6.136939 0.1 0.1 -5.495108 0.1 0.1 0.1 0.1 0.1 -8.521903 -6.012038 -5.7269816 0.1 0.1 0.1 
-5.1025124 
0.0 
