1 20 1 1 
0.5925931 -0.03687434 0.038129915 0.29255357 1.1852733 -0.29705536 0.71863806 1.2728065 0.56095016 -0.30455145 1.0654497 0.0083754705 1.3100928 -1.3316996 -0.8680373 -0.6729419 -0.41501027 -0.5960679 -1.6776856 0.8550738 
0.7254752 
-0.10950393 
-0.06394935 
0.76470673 
-0.74525994 
0.11641767 
0.23321013 
0.37175515 
0.57086176 
1.7763838 
0.51061124 
1.0824646 
-0.96725494 
0.10843869 
0.1795029 
-0.04343729 
-0.008893463 
0.42446738 
-4.9832897 
0.8348455 
100.0 
74.563194 -2.383502 -5.092799 75.23163 -40.631516 1.1234801 51.500263 70.59947 71.22453 79.34522 72.500725 77.726006 -43.477814 4.5 4.5 4.5 2.248902 4.5 144.63535 74.41991 
77.05562 
0.0 
