1 20 1 1 
0.24660465 2.0395405 -0.83828974 0.5721345 -0.8994151 1.8965607 -1.4143585 1.1228831 0.31474507 0.5977634 -1.4392391 0.30744833 -0.54612195 1.8951533 0.3212617 0.3178359 -1.4959618 -0.5022729 -0.5563661 1.4598953 
0.49639428 
0.6425016 
-0.20606379 
0.1832573 
-0.24958512 
0.42516533 
-0.043226134 
0.49891955 
0.80023015 
0.43142456 
-2.8125656 
0.64084274 
-0.13934472 
0.5789963 
0.79969907 
0.7959371 
-2.5991995 
-0.018013675 
-0.14512523 
0.3558689 
100.0 
27.14898 25.782337 4.5 4.721294 4.5 23.952961 4.5 25.832304 28.798964 26.686714 66.88756 28.432045 4.5 25.74392 28.287788 28.375395 69.559 4.5 4.5 16.99122 
28.18738 
0.0 
