1 20 1 1 
0.8947257 0.8358437 -1.6874444 -1.4819213 0.74069744 1.2863522 -0.72174364 0.69447374 0.6128133 1.6105063 -0.01691377 1.9723225 0.27091825 1.2908893 -0.6909788 -1.2841249 -0.429971 1.7707213 1.0021166 0.03004408 
0.26282874 
0.558682 
-0.062602386 
0.0059345067 
0.60401106 
0.60187507 
-0.08189094 
0.58296204 
0.76407516 
0.50373995 
-0.21076633 
0.6021643 
0.08823341 
0.88728714 
0.1898164 
-0.12195331 
0.0053279055 
0.63099676 
0.5639293 
-0.075948186 
100.0 
-7.9722 -7.3134394 4.5 4.5 -6.324744 -11.79694 4.5 -5.897511 -2.5984333 -15.028319 -3.9195087 -18.635187 -2.2069705 -2.810366 4.5 4.5 2.8523626 -12.4972925 -8.978419 -5.431137 
9.608524 
0.0 
