1 20 1 1 
1.0106419 -1.6335504 1.3323008 1.0498937 -0.88453406 0.7374897 -1.087637 -0.84634113 -0.95965546 -0.027535396 1.0241755 0.96601623 -0.5682095 -0.4921337 -1.6661465 -1.7788895 1.2138042 1.733637 -0.062333625 0.90110457 
0.9619097 
-2.7566936 
0.7738021 
0.6661848 
0.049647335 
0.35138378 
0.020790532 
0.07687709 
-0.0408539 
-0.21237911 
0.63672423 
0.72175586 
-0.116080076 
-0.13853207 
-2.712192 
0.0235855 
0.33056527 
0.8428568 
-0.1266107 
0.21159765 
100.0 
27.21551 65.73039 27.670574 29.21689 4.5 7.5067515 4.5 4.5 4.5 -3.2151682 30.080883 28.484816 4.5 4.5 67.03455 4.5 1.760689 27.348066 -1.1733156 -7.270249 
27.943018 
0.0 
