1 20 1 1 
-0.34692836 -0.11950403 -0.9158389 -0.89443356 -0.13355376 0.1391646 0.026271239 0.4105741 0.14801782 -0.5936139 0.028927913 -0.035197616 -0.38787192 -0.014615886 0.9780987 -0.0937669 -0.27079993 -0.45168227 -0.17794265 0.5589482 
-0.111533515 
-0.111816235 
0.063790075 
-0.052501168 
1.0831902 
2.331336 
-0.022077024 
1.9272102 
2.279871 
0.21381949 
-0.038320117 
0.0072122286 
0.23170939 
0.021570727 
0.28652725 
0.0070440057 
1.2525238 
-0.3791438 
-2.31788 
0.28573188 
1000.0 
0.1 0.1 0.1 0.1 5.0857277 -7.2844515 -3.784378 -8.19547 -7.894926 0.1 -3.2815795 1.4182961 0.1 0.042464465 -3.1673386 0.1 5.3858676 0.1 4.936643 -3.1098413 
-2.4179173 
0.0 
