1 20 1 1 
0.015461896 -0.029123954 -0.17455015 0.14388873 -1.1702762 -0.4296773 -0.13715076 0.5499661 0.0127249565 -0.9178815 -0.75285214 -1.6526438 -0.83261144 -0.61000764 -0.19750462 -0.29452428 0.40451905 -0.031635914 0.18143865 0.017469846 
-0.009087352 
0.653571 
-0.07977689 
0.08607858 
-0.30680424 
-0.109901585 
-1.6961807 
2.4798775 
-0.025781766 
0.061842 
-0.046713345 
-0.042347368 
0.042254347 
-0.11331719 
-0.064399794 
-0.117084526 
0.09228901 
-0.23460867 
0.12038532 
-0.019837461 
1000.0 
-2.3458343 5.131836 0.1 -4.277516 0.1 0.1 5.4211836 -11.223636 -1.9917989 0.1 0.1 0.1 0.1 0.1 0.1 0.1 -1.1247822 0.06052946 0.45224738 -2.73389 
2.3670049 
0.0 
