1 20 1 1 
-0.9954322 -1.6629436 -0.36147773 -1.4495045 0.3515844 0.0050459346 0.005457423 0.0061080097 -0.9230286 -1.5806807 0.00913453 0.77564806 -1.6967839 -0.074475095 -0.22379434 -0.03289299 0.15520108 0.4132896 0.434574 0.020744732 
-0.022625951 
0.19039506 
2.4697 
-0.3287473 
0.62124825 
-0.035420723 
-0.0036868195 
-0.015657885 
0.09875458 
-0.10614694 
-0.043864135 
0.38529631 
-0.114411436 
0.06305023 
-3.1448038 
0.01233423 
1.6692814 
0.24650572 
0.15908429 
-0.07831251 
1000.0 
0.1 0.1 6.650465 0.1 -6.4628506 -3.0657852 -0.8981663 -0.98757404 0.1 0.1 -2.5168264 0.01767406 0.1 0.1 11.007215 0.039935835 6.718362 -0.21035637 -1.1111432 -3.1015785 
1.0188088 
0.0 
