1 20 1 1 
0.35687396 -0.4475838 -0.029073372 -0.7037464 -0.33579695 0.57423186 0.58292127 -1.2962261 1.097227 -0.4143921 0.46199095 -1.5042806 -0.0015685529 0.023995912 0.3026639 0.52559996 0.43918562 -0.11764136 0.18554902 -0.21643451 
0.4032626 
0.33129835 
-0.18899061 
0.15118487 
0.051533762 
1.8112478 
1.4688989 
-0.37561923 
-0.5753509 
0.2104495 
0.7124322 
0.19805127 
0.012764388 
0.04614268 
0.3015938 
-0.7004477 
0.8581828 
4.149304 
-1.8215231 
0.0030463878 
1000.0 
-7.1513968 0.1 0.06549117 0.1 0.1 -7.237471 -7.888188 0.1 7.081317 0.1 -5.6904273 0.1 -1.7810366 -2.6613877 -6.061664 7.1976433 -5.224861 7.8494263 -6.9344783 0.1 
-8.555749 
0.0 
