1 20 1 1 
1.0831999 0.30733734 0.4080039 -0.70695955 -0.11503005 0.41729015 0.42869923 -1.4689642 0.774368 -0.5803047 0.35183555 0.29547697 0.34437203 -0.6235329 -0.30132607 0.36984804 -1.0221012 -0.14132088 -1.430874 0.4620436 
0.3106184 
-3.5137496 
0.806892 
-0.17750524 
4.2608523 
1.1492968 
0.36453825 
-0.24244662 
-0.48226735 
-0.10728749 
0.9312809 
-0.6709288 
0.7436576 
-0.23007928 
-0.0021367222 
0.96691364 
-0.37041858 
0.29964653 
0.21008085 
1.6728565 
1000.0 
-8.072544 -10.239813 -7.7073984 0.1 5.8267093 -6.620139 -6.3853183 0.1 6.43811 0.1 -5.7981505 6.671854 -6.5352716 0.1 0.1 -6.0868826 0.1 0.1 0.1 -6.7424016 
-7.220836 
0.0 
