1 20 1 1 
0.6494628 0.63416874 0.43263906 -0.008924581 -0.85140556 1.0397503 0.6953701 -0.08698415 0.6823281 -0.00040315487 -0.1351558 0.23053685 -0.64409864 -0.8616426 -0.60545367 -0.008023619 0.657233 -0.9816282 -0.111076444 -0.9026017 
2.273058 
-1.8570127 
0.96466714 
0.0036626554 
-0.07978695 
0.39024833 
0.70075756 
0.1669802 
0.660198 
0.0017367238 
0.008688561 
-4.412209 
0.42928216 
0.10130403 
-0.31271118 
0.014914252 
0.68113697 
-0.09099323 
7.65669 
0.11557528 
1000.0 
-9.211486 10.983574 -6.887019 -0.8386529 0.1 -11.013544 -8.346032 0.1 -7.8731217 -0.28909916 0.1 -9.194975 0.1 0.1 0.1 -0.90249515 -7.671527 0.1 7.374356 0.1 
-10.892013 
0.0 
