1 20 1 1 
-1.9687688 -0.32394603 -0.2112681 0.18461858 0.48196927 0.25557992 1.1070244 -0.32820725 0.5763013 -0.7440963 -0.5988803 -0.2367248 -1.1951998 -0.8443933 -1.1435238 0.08701478 -1.3769027 -0.13282277 0.8245759 -1.3418689 
-0.12561044 
-0.11751597 
-0.07257474 
9.328585 
1.2135037 
-2.8249867 
0.3847625 
0.12589186 
0.18813524 
-0.04559315 
0.14558388 
0.8615359 
-0.06819142 
0.16435039 
-0.09808581 
6.0654974 
-0.04958696 
-0.120947234 
0.40397036 
-0.28456885 
1000.0 
0.1 0.1 1.9455795 -14.238666 -8.5512 -9.147061 -5.5587893 0.1 -6.541516 0.1 0.1 4.2881403 0.1 0.1 0.1 -13.011143 0.1 0.1 -5.34435 0.1 
-3.657409 
0.0 
