1 20 1 1 
-0.07372846 -0.43757176 -0.14624572 -0.0776563 0.10553522 0.0048934803 0.34437048 0.0019074773 0.34985867 -1.3446156 -0.18387873 -1.2498381 -0.07057649 -0.18665169 -0.0069752517 -0.30894378 -0.018156793 0.0144611085 0.08818619 0.10306233 
4.3655133 
0.06698531 
0.23291312 
0.01994303 
1.1028707 
-0.005403408 
1.951156 
-0.00034168042 
1.4508644 
-0.021956079 
0.18650584 
-0.010260772 
2.5614487e-05 
-5.5643187 
-0.0013402201 
1.7726349 
-0.016912237 
-0.0076390915 
0.21554956 
1.2997969 
1000.0 
6.6290407 0.1 0.1 0.76956767 -5.2778807 -1.0404038 -7.322419 -0.31733114 -7.717851 0.1 0.1 0.1 0.1 7.160406 0.13518636 5.941352 0.69923556 -2.182566 -4.404597 -5.194052 
1.6751854 
0.0 
