1 20 1 1 
-1.5477903 -0.89897734 -0.47404012 -0.0016189532 -1.9168993 -1.4057972 0.37379548 -0.047045775 0.20797823 -0.6834798 -0.033848368 0.49899417 0.4727201 -1.674222 -0.41047797 0.09148663 -0.3159669 0.20385532 -0.33188254 0.09391733 
-0.13156831 
-0.35545376 
-0.13980238 
-0.0066229394 
-0.43611193 
0.3625136 
1.0799727 
-0.09285333 
-2.9952433 
0.07428479 
-0.09192208 
2.6952293 
0.27248967 
0.097602226 
-0.26249033 
1.0646864 
0.15299192 
-1.7591566 
0.015614776 
1.499937 
1000.0 
0.1 0.1 0.1 -1.4946051 0.1 0.1 -8.265052 0.1 -8.191573 0.1 0.004691102 -10.168177 1.9391863 0.1 0.1 -5.493111 0.1 -8.0262785 0.1 -5.6377115 
3.068045 
0.0 
