1 20 1 1 
-0.2745531 -0.2168072 0.24573107 -0.7261707 0.3155601 -0.3664122 0.6391505 0.03818792 -1.4893569 -1.4864439 0.42461994 0.39848292 0.15350026 -1.2683227 -0.7075457 -0.13878064 0.78228366 0.020250238 -0.5228389 0.46850047 
-0.40045682 
-0.15681656 
0.57773346 
-0.034072742 
0.53400594 
0.22918683 
0.38862386 
0.08178142 
0.10406225 
-0.043173783 
0.3258478 
0.36920464 
-5.6255527 
-0.116011545 
-0.1228099 
0.25863177 
0.4996061 
0.01934346 
0.18802306 
0.33932018 
1000.0 
0.1 0.1 -5.2459097 0.1 -7.1541133 0.1 -4.607776 -4.5304766 0.1 0.1 -4.915295 -4.388023 -10.156485 0.1 0.1 3.964191 -4.1073747 -2.3569689 0.1 -4.8705106 
-3.1767151 
0.0 
