1 20 1 1 
-0.040253613 -0.2542023 -0.3689218 -0.63244617 0.99805135 -0.103249766 -0.45909286 -0.018286375 -0.08595264 -1.445255 -1.4813365 -0.21598342 0.026663464 -1.3511524 -1.056192 -0.93411386 1.2551656 -0.26811442 0.000668588 -0.07364928 
-3.4228456 
0.0067201816 
0.34665123 
0.0778374 
0.5831303 
0.2449745 
3.6377506 
-1.3194638e-08 
3.7357442 
0.14719391 
-0.10613763 
-5.322443 
0.046519518 
-0.12715258 
0.024113603 
-0.25908428 
0.34115028 
0.22575684 
0.0007109747 
1.561394e-08 
1000.0 
4.821032 0.1 0.1 0.1 -2.993528 0.1 9.701804 0.18286343 7.9650435 0.1 0.1 8.664468 -3.2186973 0.1 0.1 0.1 -3.6116805 0.1 -0.07663049 0.7364927 
-2.496239 
0.0 
