1 20 1 1 
-0.3911408 -0.38784412 -0.5840062 0.23359846 -0.9811274 0.22768211 -1.9035337 0.007403004 -1.335137 -0.77237535 1.1558852 -0.35064986 0.6782375 -0.92221886 0.0009144663 0.28276783 -0.58688176 0.007593928 -0.09927605 -0.5207882 
3.9241295 
-0.29464582 
0.32836595 
-0.6870137 
0.00018245494 
-0.6991134 
0.03220449 
-0.06379524 
-0.12391754 
-0.28495672 
0.37271357 
-0.15824014 
0.25451267 
-0.006469137 
-0.008005794 
0.8787275 
-0.2830421 
4.8858933 
-8.043309 
-0.21206705 
1000.0 
7.5898285 0.1 0.1 -5.085468 0.1 -4.6274257 0.1 -2.03126 0.1 0.1 4.832016 0.1 4.407408 0.1 -0.96346176 -2.8373418 0.1 7.4874263 8.731981 0.1 
5.5213265 
0.0 
