1 20 1 1 
-0.7039139 -1.3548076 -0.14802077 0.6191132 0.00038238714 -0.81686294 -0.30249494 -0.060581412 -0.103497274 0.26871228 -0.20113738 -0.06787934 -1.8419433 0.7288786 -1.2041839 -0.22685508 -0.9379141 -0.497468 -0.6175218 -0.09481713 
-0.11590898 
0.20889655 
-1.582117 
3.827366 
-0.22920632 
-0.39960876 
0.0720001 
0.56551796 
-0.08468225 
-5.168827 
0.0005016993 
0.405947 
0.17651562 
-0.17170182 
-0.04985402 
1.2419468 
0.08714861 
0.41776323 
-0.11827732 
-0.12965293 
1000.0 
0.1 0.1 5.7679725 -13.296346 -0.048336934 0.1 0.1 6.0382314 0.1 -11.31734 0.1 0.1 0.1 0.19226375 0.1 6.3301983 0.1 0.1 0.1 0.1 
3.8676934 
0.0 
