1 20 1 1 
-0.33117625 -0.044228632 -0.052783478 0.37920257 -0.10039995 -0.3168027 -0.1591602 -0.50791895 -0.91182417 0.18817627 -0.38122228 -0.028881617 0.38851738 -1.3281257 -1.6358724 -1.0609745 -1.0237553 -1.2158089 -0.8893857 -0.074719876 
0.29913145 
1.3154331 
-0.057872154 
0.87831855 
0.0053563416 
-0.023495674 
-3.2858436 
-0.36716333 
-0.083975725 
3.4246736 
0.11552711 
0.27988946 
1.7199 
0.045442715 
-0.1792812 
-0.026481556 
0.3526592 
-0.12850201 
-0.2028866 
0.6155255 
1000.0 
0.1 4.39811 2.032689 -7.612562 0.1 0.1 5.3864098 0.1 0.1 -9.486898 0.1 0.07597826 -7.796493 0.1 0.1 0.1 0.1 0.1 0.1 3.523418 
4.189718 
0.0 
