1 20 1 1 
-0.8218207 0.46863484 -0.67646146 0.5162407 0.9052676 -0.651622 -0.5875197 -1.3681091 -0.3835123 0.63640094 0.6559179 0.5579115 -0.11901306 -0.40868646 0.7901114 0.31385082 -1.7039343 -1.5256448 -1.5000732 -1.1586854 
0.082994945 
0.80686855 
0.35268593 
0.56213933 
-1.0726721 
0.3014534 
0.23680256 
0.23249814 
0.015114844 
0.75171596 
0.5638675 
0.6030467 
10.847522 
-0.22366253 
3.2724867 
-4.114712 
-0.09110049 
0.0063577164 
0.08751097 
-0.30209658 
1000.0 
0.1 -6.064196 0.1 -6.124114 9.068573 0.1 0.1 0.1 0.1 -6.4757843 -7.3323 -6.2175584 9.567046 0.1 -8.384605 10.302941 0.1 0.1 0.1 0.1 
-8.984315 
0.0 
