1 20 1 1 
-1.7851048 0.5343143 0.4580342 0.49594864 -1.1703833 -1.5233285 0.53091604 -1.1336538 -0.07246796 0.5270091 -0.81014425 -1.0566907 -0.37790313 -0.2832898 -0.02770507 -1.7794334 -0.098432384 0.5310512 -0.012006899 -0.11339925 
0.2640579 
0.39715058 
0.43772858 
0.20412895 
0.0038139045 
0.17289527 
0.73087525 
-0.087522306 
-1.2727407 
0.3017952 
0.10585589 
0.05425539 
-0.05551622 
-0.113845676 
0.3885567 
-0.13528185 
-3.9236047 
0.41389608 
0.15795371 
5.4624996 
1000.0 
0.1 -5.289145 -4.5075603 -5.2423887 0.1 0.1 -6.19015 0.1 5.683119 -5.2412114 0.1 0.1 0.1 0.1 0.1 0.1 7.6328683 -5.252613 0.1 8.07301 
-4.753296 
0.0 
