1 20 1 1 
0.019832263 -0.8872442 -0.7482257 0.20806877 0.009985164 0.025150374 -0.30708453 0.012513328 -0.309676 0.32081544 -1.0150754 0.38050562 -0.6255001 0.0081019085 -1.9095081 0.55661935 0.16327477 0.21904519 -0.03477172 0.019841528 
0.0032741167 
0.033855647 
0.0019419395 
-3.9177997 
0.0080890525 
0.0049308534 
-0.2557583 
0.0039109564 
0.16428584 
0.14341836 
0.17738529 
0.23226477 
0.1847732 
0.0027864594 
0.13903145 
2.7700112 
0.13647532 
1.0265208 
-0.11138858 
0.0071695847 
1000.0 
-2.3619058 0.1 0.1 -8.972656 -1.4728795 -3.1334465 0.1 -1.644835 0.1 -0.10985216 0.1 0.2981345 0.1 -1.1341488 0.1 -11.654043 -4.9367113 -6.1370034 0.040197153 -2.5548313 
1.2964758 
0.0 
