1 20 1 1 
-1.0379635 -0.6356526 0.15351969 -1.3497841 -0.7307639 -1.1702371 -0.34476388 0.19062611 0.39046893 0.4030666 0.00413034 -0.664769 -1.9115226 0.4596121 -0.100094154 -0.21747668 -0.74140126 -0.0012696786 0.82743317 -0.058581803 
-0.020829977 
0.0021349424 
-9.052427 
-0.0323781 
0.27506956 
0.32505807 
-0.35373294 
-1.8640468 
1.1075524 
0.84480625 
-0.0029509508 
0.05219742 
-0.18990603 
1.1219478 
1.920189 
0.118355125 
-0.045974247 
-0.060198996 
0.6394464 
0.018779816 
1000.0 
0.1 0.1 -12.105199 0.1 0.1 0.1 0.1 -6.4297457 -6.779284 -7.8845177 -0.65858036 0.1 0.1 -7.5606737 5.07025 0.1 0.1 -0.106296405 -8.47326 0.1 
-7.5960217 
0.0 
