1 20 1 1 
-1.1494504 -0.5228161 -0.010814241 -0.14064012 -0.6851511 0.4573265 -0.77842426 0.376107 -0.24667159 -1.6692728 -0.38462642 0.5531376 -0.31248814 -0.93495464 -0.13792019 -0.5986632 1.2943351 2.6890898 -0.47961265 -1.1355009 
-0.18839481 
2.1836996 
-0.011230286 
-0.03985652 
0.22295809 
0.53595865 
-0.119233824 
0.27141282 
-0.11536233 
-4.2367883 
-0.1165086 
0.8052432 
-0.08182318 
-0.35338876 
0.018851988 
-0.01193344 
0.3018257 
3.2938275 
0.11834646 
-0.30577058 
100.0 
4.5 100.53425 -2.6918528 1.1446385 4.5 84.0807 4.5 64.68068 0.8086673 120.06007 2.2720182 89.87415 1.6006628 4.5 1.1635183 4.5 84.25546 -102.70214 4.5 4.5 
91.21473 
0.0 
