1 20 1 1 
-1.7363514 1.7163069 -0.26806432 0.54049873 1.4148927 0.6056021 0.17040388 2.681737 1.850516 -0.44838816 -1.1486557 -1.1405574 0.094695866 -0.26865688 2.2579768 -0.5243379 -0.91076505 -1.6232736 1.8393997 0.46908972 
0.23264995 
0.29418075 
0.021421866 
0.44253707 
0.17238326 
0.51689065 
0.3511182 
1.6980131 
0.4481156 
-0.40845895 
0.044816643 
0.015615522 
-0.08562617 
-0.09463179 
0.6345679 
-0.7504351 
0.052526712 
-0.3637959 
1.9178929 
0.50475764 
100.0 
4.5 6.2253776 0.91349006 12.914293 -12.827196 14.459583 11.791632 -84.92577 -36.769928 3.1506276 4.5 4.5 -6.29974 1.0639852 15.997974 53.695602 4.5 4.5 -36.52419 14.381523 
26.107 
0.0 
