1 20 1 1 
0.35601234 0.17508292 -0.17928217 -0.14204249 -0.4055126 -0.02713739 -0.9467394 -1.1735024 -1.3517851 -1.40001 -0.076491736 -0.71180296 0.0007480981 -1.3004452 -0.15317085 -0.081962965 -0.22093193 -1.0593289 -0.25487316 0.3521328 
1.8012761 
-0.21796702 
-0.23755252 
-0.019097611 
0.120657496 
0.19488241 
0.037516423 
-0.32383978 
0.060067285 
-0.1297937 
3.2460022 
-0.26304048 
-0.00021042344 
0.017446913 
0.67784953 
0.008891531 
-5.093121 
-0.14632747 
2.6859787 
1.8224441 
1000.0 
-6.968228 -4.765702 0.1 0.1 0.1 0.1 0.1 0.1 0.1 0.1 7.784613 0.1 -0.10092956 0.1 2.8155363 0.7750758 8.483294 0.1 6.258978 -6.985855 
2.838849 
0.0 
