1 20 1 1 
-1.5042447 2.7896109 -1.0290879 -0.17915115 -1.1623129 1.8625066 -0.06649119 1.1884271 1.1883494 1.6360486 0.08942652 -1.1374738 1.4633181 -0.8990707 1.9114542 -0.9329103 0.97926354 1.1035709 0.33064285 1.1042753 
-0.17039073 
0.66467357 
-0.23925635 
0.016082596 
-0.27254188 
0.70991135 
-0.09425568 
0.8505172 
0.8050636 
0.73643786 
-0.112469934 
-0.21374567 
0.79507375 
-0.25372764 
0.93701965 
0.33856314 
0.81860113 
0.8173785 
0.08933368 
0.8614083 
100.0 
4.5 -22.668844 4.5 1.5798619 4.5 -18.285685 -0.8665998 -1.5673543 -3.3081262 -16.03464 -9.487582 4.5 -3.1950839 4.5 0.87286305 4.5 -5.178155 -3.1089306 -3.335749 -1.3799007 
13.496404 
0.0 
