1 20 1 1 
-1.5779364 -0.64150107 -0.9315254 -0.68874437 0.110469416 -1.0261917 -0.4712146 -0.2826234 -0.30538476 -0.2925011 -1.6098188 0.8257654 -0.67749476 3.1676314 -0.64253944 -1.3238047 -0.43871152 -0.79253674 -1.4237311 -0.45482016 
-0.19199154 
1.7352744 
-0.35246688 
0.06119223 
0.4983663 
0.13518862 
1.2158291 
0.24911661 
0.17795192 
1.1822627 
-0.060346574 
-0.11883789 
-0.078984804 
3.2796433 
-0.038387164 
0.16496062 
1.3548595 
0.0051705707 
-4.7835274 
0.32862002 
100.0 
4.5 75.46393 4.5 4.5 68.45351 4.5 71.58287 0.97562647 1.0949323 73.55552 4.5 -0.24403141 4.5 -63.431095 4.5 4.5 74.10125 4.5 118.57263 2.7384784 
78.35468 
0.0 
