1 20 1 1 
1.5484587 -1.2768553 1.8912387 1.3288846 -0.80130947 -1.0879703 0.81480515 2.1142015 1.8145206 -1.1538639 1.4830593 1.7805338 2.036186 -0.7583291 1.221281 -0.67146784 1.2765502 1.901713 2.263198 0.9613803 
0.93251485 
0.28715864 
-3.1192741 
0.88145566 
0.06885995 
0.06465244 
0.9622993 
0.9011515 
0.84698004 
-0.00037117314 
0.8511013 
1.1251692 
0.8123795 
-0.10750661 
0.9434504 
-0.08239158 
0.9116598 
0.8365705 
0.8088583 
0.89951974 
100.0 
-31.086891 4.5 -56.22784 -26.696436 4.5 4.5 -16.410707 -34.690628 -36.40617 4.5 -29.781183 -16.410654 -40.84123 4.5 -24.541086 4.5 -25.64149 -38.14308 -41.021996 -19.344929 
-2.6077616 
0.0 
