1 20 1 1 
0.2913264 -0.5364968 -0.60614645 -0.44037732 0.97576565 1.5931079 0.1977394 -0.9154983 1.7041901 0.25221044 -0.90555525 1.8574885 -1.8668692 1.6324093 0.73858154 -0.5680963 0.675672 0.18386142 0.53012294 1.5017695 
0.9545633 
-0.047825992 
-0.30786806 
0.0919055 
0.09153588 
0.45318773 
0.83687186 
-2.8564763 
0.5560043 
0.7707318 
-2.8013654 
1.4151638 
-0.056892324 
0.32105002 
0.34887537 
0.0013250358 
0.517386 
0.885519 
0.70009446 
0.556789 
100.0 
46.20114 4.5 4.5 3.170085 12.855199 43.293404 47.15419 81.57095 44.18119 46.596077 80.66105 -36.81012 4.5 39.775455 34.46139 4.5 44.382862 47.10428 45.084488 44.16843 
49.684723 
0.0 
