1 20 1 1 
-0.6254574 -1.6878133 0.7582752 1.1340467 1.0531014 -0.7980854 -0.95626193 -0.07746864 1.1201211 1.1278766 2.1346405 2.0092144 0.98158467 2.5968475 1.7171974 -0.27164534 1.1600041 -1.5671011 -0.5373973 -0.046826728 
0.24088477 
0.2505127 
0.8084761 
0.73510844 
0.26218843 
0.38465202 
-0.1345727 
-0.093124345 
0.7133243 
0.682279 
0.5455772 
0.88942057 
0.71548575 
1.0372295 
0.4013425 
-0.110718004 
0.27665523 
-0.30429214 
0.05570288 
0.032088865 
100.0 
4.5 4.5 -7.394466 -11.175034 -19.619379 4.5 4.5 0.17917849 -11.045378 -11.150695 -33.81644 -13.17578 -9.657822 -9.944985 -31.657375 1.7444407 -21.76504 4.5 4.5 0.20190695 
3.7103944 
0.0 
