1 20 1 1 
-0.68872845 -0.092982374 0.94061726 0.90093005 -0.75668865 -0.91074735 -0.14376196 3.1397033 -0.81568366 -0.783949 1.309322 2.0560422 -0.015377594 -0.7288301 1.9564168 0.88660365 0.87005216 1.09781 1.0013037 -0.7688424 
-0.30229118 
-0.10847857 
1.0327253 
1.0483898 
-0.098261476 
0.25461006 
-0.24228247 
0.8067437 
0.016614787 
0.1856306 
0.89443284 
0.814902 
-0.016591275 
-0.35632434 
0.5655953 
1.1174363 
1.2064509 
0.9479472 
1.0077097 
-0.15077096 
100.0 
4.5 0.6446394 -7.7028947 -9.534604 4.5 4.5 1.2252542 -12.442732 4.5 4.5 -10.6573715 -27.261288 -2.8230307 4.5 -37.580467 -10.287071 -3.8383987 -8.610552 -8.087746 4.5 
11.008718 
0.0 
