1 20 1 1 
1.9503318 0.6195146 0.77182037 0.72417164 1.0969388 -0.9397827 1.1354601 0.87700826 1.1253054 -1.1269727 -0.61100584 -0.48172954 1.0824329 0.8695327 0.41523787 2.694857 -0.7354465 -0.7658255 -1.7714988 -0.97189677 
0.94077593 
0.7908013 
0.54956925 
0.1254173 
0.22207329 
0.02909267 
0.55258834 
0.5648148 
0.5117048 
0.34607732 
0.3605899 
0.10533639 
0.14773875 
0.20132406 
0.7801784 
2.432265 
-1.8149884 
-1.772503 
-0.2937251 
-0.06107022 
100.0 
-38.76641 36.564346 36.673702 -14.26955 16.607704 4.5 35.60768 36.02616 35.63437 4.5 4.5 2.6580672 9.273576 -17.162367 37.53768 -53.62876 66.199486 68.738144 4.5 4.5 
40.35262 
0.0 
