1 20 1 1 
-0.38717613 -0.04744209 -0.093177095 0.8956541 -1.0928133 -0.7712074 -0.31839377 -0.18385606 -0.6126709 -0.11125306 0.27843463 0.35621068 -0.043408424 -1.3846495 -0.25057906 -0.6893402 -0.22868218 -0.23380247 0.9700271 0.45352334 
0.2335033 
0.24766837 
-1.8937414 
0.21214011 
0.19984446 
-0.24626602 
-0.40147135 
-0.20026803 
0.15132266 
-0.33270115 
-4.1498165 
0.17679 
0.12141149 
-0.07167426 
0.123619325 
-0.093746565 
1.7590142 
-0.03889929 
0.59450483 
1.2530082 
1000.0 
0.1 0.1 8.153934 0.3804977 0.1 0.1 0.1 0.1 0.1 0.1 -12.034374 1.6138147 0.1 0.1 0.1 0.1 4.372914 0.1 2.3665166 -7.8095856 
2.5720193 
0.0 
