1 20 1 
-0.16431342 -0.0067858864 0.16288757 -0.020922806 -1.0312431 -0.002774988 -0.2696489 0.123234116 -1.0196724 0.19630828 -0.010297236 -1.3479323 -0.80979985 -0.67684776 -0.6707204 -0.11492372 -0.13108186 -0.16983226 1.3900967 -0.5780269 
0.30018917 
0.002974386 
0.3411435 
-0.0009122213 
-0.071028665 
-0.0004696863 
0.2279924 
-0.5169224 
0.381145 
0.44404522 
0.006425917 
-0.026516547 
-0.07430178 
0.28957844 
-0.039086595 
-0.051921535 
1.1618105 
-1.4940255 
0.22591758 
-0.06399113 
0.1 -0.5655979 -3.278138 0.08280485 0.1 -0.09497241 0.1 -4.7718205 0.1 -3.94741 0.019933213 0.1 0.1 0.1 0.1 0.1 2.4179168 5.0246387 0.24225028 0.1 
0.49666417 
