1 20 1 1 
0.39245674 -0.19345483 -1.1033968 -0.68112874 -1.9831665 -0.04620053 -0.84314615 -0.118816614 0.24988194 -0.020078396 0.3123233 0.19984275 0.24287905 0.8520782 -0.38571393 -0.8220313 -0.3074189 0.030222178 0.56298023 -0.036275603 
0.68636525 
-3.704471 
-0.08810324 
-0.17542748 
-0.27412334 
0.28055063 
-0.08186539 
1.7270701 
0.58500457 
0.74481124 
1.0187289 
-4.10221 
0.6632797 
0.39895603 
0.25452885 
-0.12754445 
0.22157921 
-0.09083383 
0.18377522 
-0.16437106 
1000.0 
-7.8448577 5.770985 0.1 0.1 0.1 4.9792514 0.1 4.6741753 -4.9954762 5.124781 -6.235532 -8.82021 -4.853685 -0.8882148 0.1 0.1 0.1 -4.372667 -1.220305 0.008087478 
-0.44429034 
0.0 
