1 20 1 1 
0.28927708 -0.18063724 -1.3621215 0.3603929 -0.8985411 -0.42582512 0.35131723 0.59450895 -1.1377068 -0.2683151 0.24244364 -0.14224575 -0.2059602 -0.3009011 -0.81036305 0.4661419 -1.3284427 -0.25340202 0.62825155 0.025712438 
0.16349788 
-0.2153968 
-0.43739894 
2.0633242 
-0.2677047 
0.27986428 
0.2847665 
0.3838504 
-0.059835732 
0.035966825 
-5.418072 
-2.0264614 
-0.39480358 
1.9853111e-07 
0.11021224 
0.3409784 
-0.3392383 
1.6563734 
0.5225913 
0.08736213 
1000.0 
-2.3022914 0.1 0.1 -7.2126703 0.1 0.1 -2.285927 -2.2327256 0.1 0.1 -10.247062 5.6028476 3.9224927 3.0090084 0.1 -2.2561953 0.1 7.4633436 -2.2380328 -3.3500113 
-1.8817419 
0.0 
