1 20 1 1 
-0.21270362 0.10739988 -1.754792 0.021403285 0.6554449 -0.68900645 -0.28133807 0.19896261 -0.035206288 0.30645046 -1.2945292 -0.42801267 1.1442703 -0.14248104 -1.4003797 0.5518785 -0.024176147 -0.22065942 -0.27257106 -0.7813102 
-3.550661 
-1.0243033 
0.098763175 
0.03830089 
0.16330704 
0.047010932 
-0.123868756 
-1.852725 
-0.031322535 
0.6337165 
0.21517035 
0.0029530649 
0.38098404 
-1.3412167e-06 
-0.19348088 
0.31749567 
0.008131021 
-0.03715553 
2.8148158 
0.17987478 
1000.0 
7.486841 -6.316065 0.1 -3.2788866 1.7428697 0.1 0.1 -8.17922 0.029542161 -6.1786532 0.1 0.1 2.4941723 1.4247917 0.1 2.4726644 0.023722354 0.1 5.1468596 0.1 
2.9958389 
0.0 
