1 20 1 1 
0.27073428 -0.4834851 -0.3540361 -1.3438593 1.2204711 0.3584552 0.17339732 -0.06392269 0.347971 -0.0794948 0.7059956 -0.34746477 -1.3432076 -0.66463405 -0.36608317 0.32771692 -1.2252183 -1.0019931 -0.3632529 -0.4494892 
-4.8644843 
0.0061661606 
1.7742953 
-0.0017528476 
0.49172503 
0.7279209 
0.23031399 
-1.143738 
0.32287672 
-0.0141517855 
0.41936225 
-0.08779797 
-0.048370134 
-0.1706625 
-0.3775326 
0.77445066 
0.08216803 
0.12795937 
0.11171633 
0.15163186 
1000.0 
-11.293635 0.1 6.7380347 0.1 -3.5526283 -3.5101407 -3.4679866 6.7900324 -3.7454476 0.1 -4.994354 0.1 0.1 0.1 0.1 -6.5190477 0.1 0.1 0.1 0.1 
-3.3316138 
0.0 
