1 20 1 1 
-0.069233 -0.596344 0.11570339 0.37246633 1.0686368 -0.034458566 -1.0392214 -0.06623007 -0.611118 0.5043704 0.78922015 -0.060698297 -1.3440979 0.20983736 -1.3139102 -0.1397515 0.07083302 -1.4846444 -1.4657105 -1.7834103 
-1.4343997 
-0.067426674 
0.010557867 
1.1694207 
0.4863943 
-0.014139986 
-0.1599072 
-0.08399477 
-0.290833 
0.2905191 
0.2471261 
-0.24810597 
-0.17034364 
-4.3466325 
0.17325184 
-0.38023385 
-0.21720451 
0.36114588 
-0.043047793 
0.17467655 
1000.0 
5.879755 0.1 -1.5143238 -7.4268694 0.027068326 0.1 0.1 0.1 0.1 -0.13251121 -0.4201761 3.5339255 0.1 -8.924335 0.1 0.1 -2.1474667 0.1 0.1 0.1 
0.42773947 
0.0 
