1 20 1 1 
0.2545882 -0.1834955 -0.123712145 -0.3287349 -0.03754181 0.012655947 -1.678085 1.3758844 -0.0014083514 -0.2527313 -0.66906625 -0.0017534241 -0.7230305 -0.0027392206 -0.9755591 0.6793312 -1.7724388 0.36149552 0.22485936 -1.8291235 
-4.6388702 
2.3400195 
-0.20648447 
0.019330507 
-0.0023490055 
-0.009350497 
0.42392957 
0.34687272 
-0.00449518 
-2.0947766 
-0.31230742 
0.027230257 
-0.24231043 
-0.0035392637 
-0.07111151 
0.22680524 
0.16875552 
2.4250603 
0.0807701 
0.24685192 
1000.0 
-10.596515 3.4874423 0.1 0.1 0.3719733 -1.5443138 0.1 0.18080781 -0.27302626 7.6670246 0.1 0.014764043 0.1 -0.38333425 0.1 0.030922076 0.1 -7.280753 -0.39686438 0.1 
0.6773385 
0.0 
