1 20 1 1 
-0.1890897 -0.43074888 -0.17560332 1.6532185 -0.31647792 -0.09605725 0.12706384 -1.0138794 -0.4346717 -0.104370676 -1.1637203 0.09781229 -0.2967678 -1.4042652 0.7169031 -0.1108683 -1.329902 -0.32062528 -1.2502432 0.02672516 
-7.8020435e-08 
0.1890964 
-3.9550035 
0.40346387 
9.054187e-08 
3.403392 
-4.123335 
0.23681612 
-0.22983934 
-3.447756 
0.13700505 
0.3580753 
-8.9290296e-08 
0.18907213 
0.20711952 
-0.34650013 
0.040300205 
2.204158 
0.27845126 
0.037730604 
1000.0 
1.8908834 0.1 6.0811934 0.85432845 3.1647792 5.706507 -8.927612 0.1 0.1 5.167463 0.1 -3.916069 2.9676778 0.1 0.6871896 0.1 0.1 6.103843 0.1 -3.5730798 
1.2213877 
0.0 
