1 20 1 1 
-0.17711887 -0.88474214 -1.0780928 -1.025851 -0.17159958 -0.11520228 -1.4102211 0.38839772 0.020709014 1.3255305 -0.4378302 0.20295289 0.48383108 0.043410316 0.020993333 -0.8292876 0.33951384 -1.17952 -1.7740049 0.08767073 
0.63997763 
0.3359241 
-0.09208187 
0.019779205 
-3.2259777 
2.3945167 
0.023915686 
1.0450261 
0.043231633 
0.39904657 
-0.10596503 
-3.7682068 
0.26686573 
0.037847996 
0.03921329 
-0.15063761 
1.0533166 
0.105176196 
-0.04359066 
-1.6125553 
1000.0 
3.478386 0.1 0.1 0.1 6.228589 6.805363 0.1 -7.8102894 -3.749336 -3.5081067 0.1 -8.1818285 -3.6571012 -4.6715436 -3.6604056 0.1 -6.8324785 0.1 0.1 -5.968236 
-2.8096304 
0.0 
