1 20 1 1 
-0.15147749 -0.1608505 -0.06322583 0.13652338 0.032723986 0.5355885 -0.98530227 0.099765755 -0.44753957 -0.54799247 0.398176 -0.69129765 0.19949155 -0.4773399 1.2137687 -1.2153053 0.76840466 -1.6882871 0.019755691 -0.3572513 
-2.1814997 
-0.0035347848 
0.27307165 
-1.7686262 
0.06087441 
0.13501316 
-0.10643071 
-0.014299515 
0.09708528 
0.28392157 
1.3624138 
-0.1011105 
-3.672108 
0.41540298 
0.37593275 
-0.39640707 
0.26660156 
0.08476018 
0.021410784 
1.4466194 
1000.0 
4.4380302 0.1 0.1 -7.114378 -4.669476 -2.810358 0.1 -5.9678473 0.1 0.1 -6.4678097 0.1 -8.607132 0.1 -2.1180882 0.1 -2.2890854 0.1 -2.5537586 7.060687 
-1.3844907 
0.0 
