1 20 1 1 
-1.8526769 -0.19741999 0.29238415 -0.08102815 0.57577616 -0.015347763 -0.6272908 0.007854352 -1.0321002 -0.15026116 -0.20098059 -0.3767301 0.5007246 0.34053296 0.65230125 -0.019623982 0.38362914 0.01519431 -0.48428282 -0.026120357 
0.2620857 
0.41289845 
-3.7405505 
0.9798252 
0.22471204 
-0.17338112 
0.084703036 
0.0021202 
0.0022928717 
-1.6936839 
0.22013013 
0.09384727 
0.20837122 
1.7640853 
0.15897895 
0.1185626 
1.7022299 
0.009677473 
0.0068210205 
0.14514899 
1000.0 
0.1 0.1 -12.764133 3.9723964 -0.5336662 -0.00904904 0.1 -0.85337925 0.1 4.5326896 0.1 0.1 -0.546191 -6.7984767 -1.280542 0.1 -7.660876 -1.7773038 0.1 0.1 
0.5741683 
0.0 
