1 20 1 1 
-1.0547777 -0.30983078 -0.15338153 -0.5040025 -1.3160688 -0.8679768 -0.99230033 0.3973659 -0.08581492 0.8827959 0.39970627 0.3579327 -0.553283 -0.060258806 -0.38448206 0.30108777 0.8970462 0.39426017 -0.7950383 0.3818618 
0.17239602 
0.014864462 
0.26247177 
-0.37540543 
-0.13107644 
0.066493414 
-0.25606084 
0.80800015 
-0.057708595 
-0.34931108 
1.2868611 
1.3749369 
-0.36171338 
2.1750398 
0.022339432 
-4.9000864 
0.418144 
1.5236775 
0.0916361 
0.24308972 
1000.0 
0.1 0.1 0.1 0.1 0.1 0.1 0.1 -7.2832527 0.1 4.310898 -6.927423 -6.0483785 0.1 4.531995 0.1 -10.80921 -5.0189834 -6.717655 0.1 -4.5952463 
-4.646315 
0.0 
