1 20 1 1 
0.5421494 -0.7297543 0.3401586 -0.34534186 -1.3445617 -0.6055038 -0.65917116 -1.3441418 -0.40868664 -0.102606796 -0.90912414 1.1495343 0.12337004 -0.80365986 -0.10286881 -1.3829829 0.98399377 0.08414881 0.25142854 -0.123305604 
1.6371672 
0.15663293 
0.2653755 
-0.053436864 
-0.24380767 
0.0696878 
-0.09769481 
-0.20996864 
-0.21612366 
2.2221694 
0.12027167 
0.256134 
1.2343637 
-0.04824746 
-0.6954344 
0.1963928 
0.32792154 
0.009849654 
-4.4242005 
-2.3338034 
1000.0 
-10.81939 0.1 -6.789655 0.1 0.1 0.1 0.1 0.1 0.1 4.767554 0.1 -2.9649441 -6.246372 0.1 3.5949914 0.1 -2.8224354 -3.3349087 -10.131779 4.423089 
-2.265989 
0.0 
