1 20 1 1 
-0.27270606 0.8469812 -1.0694909 0.21097484 -0.7627183 -1.2152975 0.0029517629 0.20657031 -0.51642257 -1.4621272 0.74653274 -0.4631979 -1.0035192 -0.033229694 -0.5973422 -0.46527824 -0.9189802 -0.25911218 -0.3038169 0.24963813 
0.11693463 
0.4254115 
-0.10211727 
-3.1443026 
-0.004885745 
-0.29641578 
-0.02615249 
0.23719363 
0.088990614 
0.13564952 
0.54808694 
0.08897557 
0.16641101 
-0.31889266 
-0.23977724 
0.18680371 
0.0106592495 
-3.9714708 
4.185132 
0.93046296 
1000.0 
0.1 1.5812652 0.1 -9.913063 0.1 0.1 -0.5109218 1.4398984 0.1 0.1 1.5249468 0.1 0.1 0.1 0.1 0.1 0.1 8.158572 5.7952504 -5.0047283 
1.6625947 
0.0 
