1 20 1 1 
-0.9820374 0.5683438 0.0049918583 0.0075142304 -0.17175972 0.23556136 -0.047715463 -0.06688433 -0.7001513 0.011436633 0.22766398 0.67304957 -0.036823668 -0.12859283 0.46369314 -1.9013226 -0.1812163 -0.4109511 -0.55223054 -0.4750267 
-0.0052860584 
0.2351904 
-0.0025177863 
0.00078208034 
0.6256695 
-4.9864264 
-0.0072704917 
0.18448874 
-0.14805962 
-0.043611445 
0.3032973 
0.30984366 
-0.025588872 
2.372306 
2.575733 
0.4072777 
-3.6411908 
0.075133085 
0.40708634 
-0.25402358 
1000.0 
0.1 -0.7581582 -0.3232967 -1.0567675 3.361535 -10.352628 0.1 0.1 0.1 -2.8023689 -4.58129 -0.6529122 0.04245337 5.066475 -9.285364 0.1 5.3263288 0.1 0.1 0.1 
-0.091849424 
0.0 
