1 20 1 1 
0.9910656 -0.99949384 -0.6835719 0.80565906 -0.6256868 -1.0945771 -0.41819268 -0.099748805 -1.362073 0.26095253 -0.17796078 -1.0639372 -0.06391377 -0.51006836 0.54403245 -0.7787605 -0.6595544 -0.24444048 -1.7734408 -0.36471936 
0.4377473 
0.06782407 
-0.28307396 
0.45274147 
0.007763969 
-0.23506808 
0.06371901 
-0.17859955 
-0.2637926 
-4.5361886 
0.2785729 
-0.14660051 
-0.22225583 
0.1030016 
1.7265325 
0.040605143 
0.064657554 
0.07341826 
-0.12637648 
-0.26481748 
1000.0 
-4.904857 0.1 0.1 -5.046686 0.1 0.1 0.1 0.1 0.1 -9.271597 0.1 0.1 0.1 0.1 -10.873585 0.1 0.1 0.1 0.1 0.1 
-3.6146522 
0.0 
