1 20 1 1 
0.8376019 -1.9515653 0.23304246 -0.15822929 -0.23742324 -0.041691486 -0.19669345 0.33273783 0.35712335 0.38575137 -0.21027534 0.33284992 -1.599153 -1.1295055 0.66802686 -1.6535001 0.23393394 0.21807484 -0.427805 -0.0039446605 
0.50316155 
0.08604167 
0.39963686 
0.05020166 
-0.33076456 
-0.11386051 
0.04039464 
-4.0297766 
0.97289234 
0.8215034 
0.32071692 
0.8430223 
-0.2007695 
-0.0416304 
0.48488736 
-0.14060129 
0.3278172 
0.13254228 
-0.090705924 
-0.011207203 
1000.0 
-3.6767533 0.1 -4.6304984 0.1 0.1 0.1 0.1 -10.857309 -6.2127156 -6.9230146 0.1 -6.2310843 0.1 0.1 -3.7117627 0.1 -4.6507645 -4.3436966 0.1 -0.20696035 
-3.3828254 
0.0 
