1 20 1 1 
0.48908404 -0.84062856 -0.1898042 0.7185724 -0.8643226 -0.8330989 0.15079062 0.7185916 -1.4953586 0.51057357 -0.79273856 -0.23714879 0.09816229 0.63044626 -0.30046228 -0.9499262 -1.8471056 -0.055803947 -1.0951309 0.071744554 
-0.49616784 
0.11229728 
-4.898494 
0.5364527 
0.19999301 
0.3045528 
0.35133567 
0.27964774 
-0.091763794 
0.28711137 
-0.017942103 
-0.047074508 
0.35544103 
-0.22380239 
0.26248056 
0.028876526 
-0.38385084 
-0.08596711 
-0.39858782 
0.59824395 
1000.0 
-4.8881035 0.1 7.5335927 4.8910766 0.1 0.1 5.663575 4.753457 0.1 4.889237 0.1 0.1 6.0406327 -6.307442 0.1 0.1 0.1 0.1 0.1 6.274854 
4.939019 
0.0 
