1 20 1 1 
-0.9248338 -1.2418114 -1.0630666 -0.18764591 0.44470087 -0.5307819 -1.9563186 0.3229127 1.1523565 -0.13042118 -0.9645944 -1.5546982 -0.17212777 -0.5243578 0.8463224 -0.4204521 -0.403167 -1.3261027 -1.3300016 -0.089972354 
-0.08005791 
0.100265004 
-0.11484958 
-0.1664416 
2.2330124 
-0.07039184 
-0.1534562 
-4.259367 
0.40844044 
0.14195897 
0.09359056 
0.084680095 
0.38562563 
0.4281503 
0.39759114 
0.07882243 
0.018366275 
0.24365827 
0.16131626 
-0.14396478 
1000.0 
0.1 0.1 0.1 0.1 -8.882989 0.1 0.1 -12.796116 -4.3658676 0.1 0.1 0.1 0.1 0.1 -4.567243 0.1 0.1 0.1 0.1 0.1 
-3.353426 
0.0 
