1 20 1 1 
1.1924549 0.6821877 -0.46532226 1.7659369 1.3987569 0.63264596 -1.2063473 -0.22354256 -0.49996555 -1.0607371 -0.98910666 -0.49380872 -0.22134389 -0.0040677967 -0.8933936 0.51498395 -0.41308737 -0.63988197 0.43745908 -2.416217 
0.8170963 
0.64327437 
0.024563689 
1.7758691 
0.2373416 
0.39429417 
-0.06980436 
0.010962125 
-0.16096644 
0.10655168 
-0.2842812 
0.39493462 
-0.28105 
1.0040133 
0.29747584 
0.79208744 
-0.35670748 
-0.2980765 
0.70702875 
-3.9786334 
100.0 
-23.60443 47.190514 3.2529442 -35.07876 44.249687 46.220894 4.5 1.7883567 4.5 4.5 4.5 4.5 1.6098717 49.62412 4.5 47.51244 2.4187083 4.5 47.671753 80.04838 
49.734818 
0.0 
