1 20 1 1 
1.1813644 -0.7976195 1.1358818 2.105249 2.478921 1.3993961 1.793593 1.3340036 -0.59147 1.2298272 -0.3434815 1.7225848 -0.6076671 1.8909115 -0.61140376 1.2225567 -1.9360442 -0.27545363 -0.04795544 2.0506823 
1.4536997 
0.117288694 
0.6715749 
1.1054083 
-4.667226 
1.3587285 
1.3392106 
0.37935114 
0.06835595 
1.4178758 
-0.04019369 
1.2684624 
-0.32896078 
0.6732396 
0.31040987 
1.3882574 
-0.022902617 
-0.1514403 
-0.270504 
0.4062087 
100.0 
-23.691984 4.5 -0.63067967 -42.175434 -90.9298 -28.052597 -35.937622 -9.36183 4.5 -24.662373 1.8162658 -34.516968 4.5 -1.1042116 4.5 -24.516092 4.5 1.2934186 -1.9417995 -9.360281 
9.293153 
0.0 
