1 20 1 1 
1.6834228 -0.5324571 -0.76722455 -0.96481514 1.1867552 1.264723 2.664831 1.1881245 -1.3268367 0.94039625 -0.89605653 2.7909832 1.4451075 1.1700758 1.7223904 1.0140398 -0.47055984 1.5087099 1.0783552 1.9706147 
1.2134064 
-0.395496 
-0.19100398 
0.1535541 
0.86588645 
1.0828487 
-5.4052887 
0.90762615 
-0.07434905 
1.0816659 
-0.3342207 
0.9875942 
0.88625664 
1.0499965 
0.9933731 
1.0443257 
-0.0028941345 
1.1415963 
0.9843719 
0.98695177 
100.0 
-22.745365 4.5 4.5 4.5 -23.566652 -23.477448 -98.742714 -23.597536 4.5 -18.637083 4.5 -22.40466 -27.189503 -22.73299 -28.679266 -20.109667 4.5 -25.055552 -21.398499 -31.587296 
-5.2356267 
0.0 
