1 20 1 1 
-1.0479378 -0.16382998 0.27595946 -1.6770873 0.0014736174 -0.15475786 0.00310475 1.456061 0.008237765 -1.3568778 -0.004352702 -1.33466 0.40307653 -0.1580712 0.001044431 0.0042881193 -0.0034176256 -0.46470284 0.25087675 0.25824454 
-0.3089808 
-0.14226623 
-3.8409219 
0.14227894 
-0.007915011 
0.14907587 
-0.006072367 
0.2824262 
-0.0027788342 
0.06959958 
-0.02722616 
-0.1558058 
1.835895 
-1.7559189 
-0.0022723959 
-0.020477122 
-0.0055948673 
0.171258 
0.69650584 
0.76522714 
1000.0 
0.1 0.1 -10.586221 0.1 -0.40241826 1.1686102 -0.74786246 0.84351426 -0.98636 0.1 -1.7647012 0.1 -8.088611 5.008151 -0.42169106 -1.0377991 -0.88356733 0.1 -5.047598 -5.1937037 
1.3856925 
0.0 
