1 20 1 1 
1.5987318 1.6101707 -0.8909513 -0.53827894 -1.814254 0.43620682 0.4756958 1.8783903 0.5199698 -1.5105827 -1.330779 0.13434038 -0.31357047 -1.4896775 -1.1002172 1.7357014 -1.0482895 -0.647897 -1.1877888 0.4135668 
0.36084637 
1.8703865 
0.105276346 
-0.04548979 
0.07397133 
0.42099056 
0.63473046 
0.26626933 
-0.32487753 
-0.31684265 
-1.7082274 
0.8556892 
0.016302653 
-0.33005077 
-1.78809 
0.54968256 
-1.621336 
-0.118944235 
-1.6537584 
0.8355951 
100.0 
38.19178 -32.151363 4.5 4.5 4.5 34.106373 39.756054 33.259857 -20.630781 4.5 52.36595 43.001144 1.0649545 4.5 42.881725 38.78077 41.415646 4.5 47.0956 40.173542 
43.486736 
0.0 
