1 20 1 1 
0.74870133 -1.4048167 -1.8071722 1.382138 1.2345352 -0.9478842 -0.9285417 -0.6403428 -0.6548198 2.3452718 1.3042227 -0.63445115 1.7396456 1.2767062 -0.9522114 1.3665233 1.9136889 2.0089786 1.0453529 1.7531922 
0.7309439 
0.2582699 
-0.014197373 
1.0078024 
0.5537356 
0.103660285 
0.23640972 
0.30965605 
0.015392338 
-4.087961 
1.2196448 
-0.20669036 
1.2311448 
1.0239887 
-0.17959242 
1.2190007 
0.6423655 
1.1763972 
0.641854 
0.6593681 
100.0 
-2.4810336 4.5 4.5 -27.676945 -9.018018 4.5 4.5 4.5 4.5 -93.873505 -26.090792 4.5 -34.809444 -25.55558 4.5 -27.355213 -6.498279 -40.187702 -5.1347494 -5.783323 
7.3647695 
0.0 
