1 20 1 1 
-1.900738 -1.9046912 -1.2639227 -0.8878186 1.8205683 2.3183951 -0.49948964 1.5432851 1.027158 0.44745255 -1.8361523 -0.87399775 -1.0603911 1.5856434 -1.5383967 1.3213904 1.3927814 0.93565947 -0.5850878 -1.3751531 
-0.20485175 
0.12747519 
0.19635169 
0.25448433 
0.41800448 
0.5023889 
0.0154513195 
0.31520626 
0.51296085 
0.6383465 
0.28799003 
-0.4163119 
-0.09272353 
0.68278486 
-2.4671824 
0.6096321 
0.58475447 
0.54250515 
0.09661051 
-2.4882364 
100.0 
4.5 4.5 4.5 4.5 13.1485815 23.028664 4.5 1.2654628 23.580944 24.025127 4.5 4.5 4.5 23.453375 62.952213 23.311502 23.326847 23.424324 4.5 56.36826 
26.915316 
0.0 
