1 20 1 1 
-1.1538472 0.16146646 0.69711065 -0.8727228 0.96362305 -0.4423849 -1.4792686 0.31772134 -2.1861508 0.3952675 -0.8023575 -0.4777377 0.44175437 -0.08175325 1.4117789 0.66290987 1.1391987 -0.8447359 1.4108217 -0.99544436 
-0.20645769 
0.7396242 
0.585383 
0.072629206 
0.5755615 
-0.03435538 
0.059490938 
0.6508524 
-4.2022934 
0.5889485 
0.025520727 
0.008189314 
0.5006523 
-0.35709098 
0.57356054 
0.4235122 
0.4358206 
-0.051485136 
0.43418208 
0.045507073 
100.0 
4.5 46.57135 37.546432 4.5 36.575504 2.6923108 4.5 42.8757 96.68465 42.132374 4.5 2.297914 38.787518 0.026178252 35.839478 35.57852 38.026913 4.5 37.37188 4.5 
35.929516 
0.0 
