1 20 1 1 
-0.3990927 2.0514627 -0.46891907 -1.8731718 1.8406991 1.0316812 0.72060615 -1.3776399 -0.46065938 1.3612878 1.4465536 2.4005508 1.5229917 2.4706218 -1.8398793 0.8357257 2.1443334 -0.4473946 -1.294256 -0.44762278 
-0.35918924 
1.082707 
0.14011383 
-0.0681821 
0.7845462 
0.87028325 
0.38764673 
0.009187684 
-0.20681155 
0.8599471 
0.77192104 
-3.9935627 
0.7885327 
0.7369804 
-0.06551015 
0.79465866 
0.74482745 
-0.045997437 
-0.07222063 
-0.1212803 
100.0 
2.2548268 -6.9503155 4.5 4.5 -24.257982 -15.04439 -13.743388 4.5 3.148915 -10.137256 -20.577085 -122.942184 -15.425634 -30.971785 4.5 -13.109532 -27.699116 3.1492085 4.5 3.1489942 
2.7753353 
0.0 
