1 20 1 1 
0.6887573 1.1264434 -0.41381866 0.8717686 -1.4939114 -0.79638505 -0.7677802 -1.0465024 -1.4603274 0.5380721 -1.6517307 -0.64026743 -1.3283232 -1.5900258 -0.5785759 1.2066022 0.6392518 2.2925603 1.2257656 -0.9472022 
0.7221347 
0.6864068 
-0.01622925 
0.4533215 
-2.735389 
0.23594008 
0.21835178 
0.29865053 
-0.23337162 
0.7679024 
0.29084808 
-0.20758952 
0.22761387 
-2.5709627 
0.28610617 
0.56795496 
0.78762376 
0.7191711 
0.3044317 
-0.37202907 
100.0 
35.07888 32.36125 1.846814 21.169062 59.816715 4.5 4.5 4.5 4.5 37.353188 4.5 4.5 4.5 63.66104 4.5 30.614288 33.586582 31.209053 4.4073305 4.5 
30.22496 
0.0 
