1 20 1 1 
-0.15431078 -0.7758484 -0.17790803 -0.036447812 0.7905826 -1.7130011 1.2226108 -0.0914742 -0.65900844 0.28901318 -0.118995294 -8.808479e-05 0.24075554 0.121816896 0.3792881 -1.2371587 -0.7162752 -0.059734236 0.016378928 -0.046662413 
0.01843784 
0.11036809 
-4.2252736 
-0.024496485 
0.07582283 
-0.1918037 
0.25177538 
0.38754702 
-0.018736344 
1.0029585 
-0.050985903 
-0.01903392 
0.12104842 
-6.623931 
1.0153509 
-0.016970973 
-0.06791582 
3.429919 
0.017271273 
-0.34683624 
1000.0 
0.1 0.1 6.980549 0.1 -1.4276413 0.1 -0.33641276 0.1 0.1 -5.754875 0.1 -0.5098419 -0.36089435 -9.954148 -7.5599384 0.1 0.1 6.5353913 -1.0136518 0.1 
0.3961571 
0.0 
