1 20 1 
0.52030295 0.00042207298 0.21171746 0.0067902 -1.1696562 0.29738715 -0.17185332 0.0003511773 0.19086197 -0.0466355 0.8891776 -1.2441205 0.0010498955 3.526123e-05 -0.1530533 -0.008681709 -0.51364714 0.002519208 0.13098921 0.00824097 
-0.19027825 
0.0032278318 
0.71830493 
0.018825088 
-0.17729086 
1.6250095 
-0.5062418 
0.0143806385 
-1.3619844 
-0.012424387 
0.1852328 
0.115941145 
0.003330793 
0.0014472414 
0.036355104 
0.05547709 
-0.11107579 
0.0121866325 
-0.77176565 
0.010246134 
-1.1626273 -0.48194635 -4.2317967 -0.93612164 0.1 -5.944621 5.1965337 -0.7023932 -6.8302784 0.1 0.30074155 0.1 -0.11250717 -0.055932593 0.1 -2.081414 0.1 -0.9290884 -5.186747 -1.3154863 
0.91817003 
