1 20 1 1 
0.37345332 0.39715397 -1.4562054 -1.0226328 -0.59126645 -0.36294723 -0.51421356 -0.49484375 0.017602004 0.804528 -0.7414567 -1.0884521 0.37097332 -0.040968176 -0.19165058 0.0017475865 -0.0621789 -1.5049441 0.35802093 -0.19349551 
0.58607835 
0.87392867 
-0.028696997 
-0.025547381 
0.3897183 
0.13148902 
0.04498848 
-0.19798365 
-0.040235147 
0.07816498 
0.41411692 
-0.025487313 
1.0363134 
0.11706459 
-3.1156242 
-0.003663424 
2.3545208 
-0.10210656 
0.76541954 
0.04344973 
1000.0 
-7.4240456 -7.8963466 0.1 0.1 0.1 0.1 0.1 0.1 -2.4904578 -1.1591839 0.1 0.1 -7.371659 0.1 7.098199 -0.3238035 6.917991 0.1 -7.1128254 0.1 
0.21508342 
0.0 
