1 20 1 1 
-0.054075405 -1.3852736 -0.4956207 -0.17366633 0.18096581 -0.0638016 0.14945298 -0.6146866 -0.44968832 0.41363743 0.0088961255 0.14505208 0.017439796 -0.38093683 0.01206645 -0.4512619 -0.3322605 -0.14169599 1.2134465 0.0012336125 
-0.105119355 
0.19712262 
-0.0415774 
-7.4143066 
-1.7402662 
-0.029719362 
5.075207 
-0.11484774 
-0.017360136 
0.51409364 
-0.027095202 
-0.3622627 
-0.05721442 
-0.2166213 
-0.028733943 
0.21780488 
4.3216205 
-0.11030404 
0.6047759 
-0.0016845358 
1000.0 
0.1 0.1 0.1 6.8404083 -7.120323 0.1 -8.23381 0.1 0.1 2.413488 -2.5201771 -5.707215 -3.6747987 0.1 -3.0663507 0.1 8.467371 0.1 2.280666 -0.19048162 
3.499791 
0.0 
