1 20 1 1 
-1.1888616 -1.8071547 -1.7686145 0.31863663 -0.83173573 -0.24175563 -0.105721466 0.055399485 0.4037509 -0.7349561 -1.7580687 0.9832184 -0.3643595 -0.4379257 0.16434336 -0.1607655 -0.87621737 -0.16937906 -0.4029421 -0.18533532 
0.07655223 
0.063281044 
0.28057426 
0.8389708 
-0.25631842 
-0.16394916 
0.04865496 
0.101204686 
0.24257009 
-0.13679457 
0.21107863 
0.30676433 
2.0594523 
0.0026939723 
0.45065507 
-0.042649906 
0.30287474 
-4.7446237 
0.06582102 
-0.1764001 
1000.0 
0.1 0.1 0.1 6.521053 0.1 0.1 0.1 4.342473 4.550876 0.1 0.1 4.738421 6.853383 0.1 7.95191 0.1 0.1 8.403901 0.1 0.1 
7.121059 
0.0 
