1 20 1 1 
-0.22962005 -0.2535287 -0.035477262 1.3169494 0.16672994 -1.7296346 0.0038612387 -0.2630002 -0.5711874 -0.30588228 0.7935676 0.613326 -0.5077857 -0.8809891 0.76260984 1.0005057 0.77272546 -0.1112528 0.18021995 -0.21597524 
-0.023118017 
-0.020985587 
-0.0644911 
0.79984367 
-2.0289621 
-0.26495698 
0.0017447657 
-0.05280365 
-0.12195751 
-0.16318184 
1.3222134 
1.8276541 
-0.11923332 
-0.2824056 
1.2802154 
-2.5209894 
1.2119845 
10.408763 
-2.596783 
0.13951598 
1000.0 
0.1 0.1 0.002956721 -13.634089 -7.1528964 0.1 -0.4005298 0.1 0.1 0.1 -9.8047285 -7.167189 0.1 0.1 -8.523454 15.757784 -9.445618 8.930847 -7.5985255 0.1 
-15.97745 
0.0 
