1 20 1 1 
-0.56015414 0.053034175 -0.20850536 -0.75380814 0.1289597 -0.27254495 -0.7182192 0.41725987 0.008714609 0.01224655 -0.19349875 1.0723288 0.25791925 0.12699682 -0.9772326 -1.564397 -0.39432186 0.0002450916 -0.8147734 -1.010978 
0.17896546 
0.15075515 
-2.7614777 
0.051143743 
0.23687008 
0.31781608 
-0.12984358 
0.4225948 
-0.009493759 
-0.006779753 
-0.22513896 
0.4474521 
0.84164816 
0.1480013 
0.00661774 
0.09360207 
-0.20629303 
-0.00021662089 
-0.31828737 
-0.08227762 
1000.0 
0.1 2.2983594 7.8389893 0.1 2.6262093 0.1 0.1 2.978799 -1.5835729 -1.5291786 0.1 2.794311 -5.1721597 -2.5605786 0.1 0.1 0.1 -0.03570956 0.1 0.1 
3.8763328 
0.0 
