1 20 1 1 
-0.46952268 0.41233855 -1.4564106 -0.32802215 -0.64966005 -0.19452362 -1.707516 1.2836578 0.7204142 -0.4285426 1.0420358 -0.2202479 -0.87504476 -0.0640756 -0.65726036 -0.3008372 0.7275199 -0.83422345 0.9182191 -1.7413363 
0.32662666 
1.4231683 
0.1686754 
0.16445455 
-0.39240223 
-16.921564 
-0.23995265 
0.66508675 
-1.486873 
0.14813852 
0.8438384 
0.21352687 
-0.08140219 
13.085009 
0.1052442 
0.104576744 
-1.6727226 
0.061719213 
-1.2859893 
0.3069171 
1000.0 
0.1 11.909313 0.1 0.1 0.1 16.040806 0.1 11.513457 -7.176029 0.1 11.590616 0.1 0.1 13.190959 0.1 0.1 -7.246829 0.1 -9.155156 0.1 
11.609136 
0.0 
