1 20 1 1 
-0.8146505 0.30651587 -1.2730355 -1.3758054 0.39772087 -0.9406288 0.2983037 -0.13326141 -0.41097778 -1.333019 -0.025941897 -0.26761982 -0.20697436 0.24430346 -0.33287698 -1.7315063 -1.3795352 -1.5597332 0.9613918 -1.9608499 
-0.19724745 
0.8912701 
-0.14440258 
0.09398666 
0.21469356 
0.22771677 
0.19390172 
-2.2652426 
-0.11013938 
-0.22469425 
-0.12522961 
-0.07253692 
-0.1059712 
0.17831974 
-0.04199313 
0.20799118 
-0.13305952 
-0.34847754 
0.63041484 
0.14107135 
1000.0 
0.1 -6.080086 0.1 0.1 0.045204777 0.1 -0.40951568 5.242972 0.1 0.1 -0.03987732 0.1 0.1 0.3354013 0.1 0.1 0.1 0.1 0.87445444 0.1 
1.7516016 
0.0 
