1 20 1 1 
0.21877551 0.0019731286 -0.24997593 0.291234 -1.3481961 -0.1636759 -0.18855888 0.19731282 7.252296e-05 -0.13010103 -0.03714075 -0.026059225 -0.15322551 -0.9403235 0.734602 0.3668356 0.009802243 -0.3028643 1.2070733 -0.056480426 
-3.1855211 
0.0038097042 
0.3558302 
0.15794688 
0.030718772 
0.1872416 
-3.5404687 
-1.4634986 
0.00039055778 
0.06763839 
-3.3090973e-07 
0.011025214 
-0.062994115 
0.062281612 
0.3096421 
1.4075232 
0.016524032 
2.4186418 
0.50017697 
0.009450302 
1000.0 
-8.882214 -0.33272237 0.1 0.7198634 0.1 0.1 7.191775 -8.447226 -0.037520196 0.1 0.37140298 0.4875195 0.1 0.1 1.0705463 -7.3546205 -1.3932701 5.922227 1.417474 0.1 
1.9172744 
0.0 
