1 20 1 1 
-0.18032588 -0.007465736 -0.270863 -0.0009716195 0.1749263 -0.13700727 -0.07964359 0.45596647 -0.013663268 -0.42781767 -0.014849569 -1.9167143 -0.12235468 -0.56887966 -0.21500354 -0.06435109 -0.21388805 -0.8221251 -1.2946807 -0.56803334 
0.9018808 
0.0032413225 
-0.0016355853 
-0.0054365033 
-1.7646705 
-0.36364222 
4.8938355 
2.9432948 
-0.0013469573 
0.23306346 
-0.0023231308 
-0.04959676 
3.5521204 
-0.11027243 
-0.128504 
-0.39434776 
-8.200153 
-0.36308563 
0.064305045 
-0.044067092 
1000.0 
4.8373427 2.4751124 2.6864293 -1.1773556 -6.953256 0.1 6.8261876 -10.615921 1.3808107 0.1 1.9607873 0.1 5.927407 0.1 0.1 0.1 8.344343 0.1 0.1 0.1 
2.9909286 
0.0 
