1 20 1 1 
0.26529142 0.27686366 -0.05088783 0.23033714 0.016929958 0.44522068 -0.26095372 -0.1637669 -0.29407108 -0.15749656 -0.18298978 -0.72826177 -0.7816862 0.1221022 0.6863442 0.46709317 -0.24786928 -0.11185671 -1.127397 -0.07220902 
0.34600917 
0.25946566 
0.06800176 
0.16368051 
0.011631423 
0.7236889 
1.1603353 
-2.5673711 
1.6246024 
-1.2076058 
-0.0017127024 
-0.10976592 
-0.2538174 
-8.969151 
0.47880164 
0.4315017 
0.1440511 
0.21775885 
-0.07594549 
0.013460626 
1000.0 
3.1496587 -5.8186936 0.1 2.3797333 -2.0474193 -6.80178 5.06677 7.086487 5.6810246 4.586912 0.1 0.1 0.1 -9.862035 3.0904646 3.1126797 0.1 0.1 0.1 0.1 
3.6678612 
0.0 
