1 20 1 1 
0.020687856 -0.16554779 -0.9797891 0.17465721 0.53495276 -1.1291882 -0.2728026 -0.014446165 -0.23790282 -0.25589544 -0.38424057 -0.9561954 1.4976476 -1.4963373 0.20340604 -0.07285787 -0.08811997 0.016273718 0.5132888 0.22575241 
0.011849994 
-1.5766752 
0.18715638 
-5.4445944 
0.1979694 
-0.36315912 
-0.05975499 
0.0011854558 
0.015248474 
2.5634034 
-0.113656536 
0.24699469 
0.4101189 
-0.2334001 
-0.8063802 
-0.24371664 
-0.22516686 
0.013525911 
1.9091556 
-1.15525 
1000.0 
-2.592421 4.7165947 0.1 -8.674543 -4.2960362 0.1 0.1 2.3699815 0.1 5.0337076 0.1 0.1 -3.914146 0.1 -6.0506716 0.1 0.1 -2.5408494 -9.7773 -6.71939 
-3.3508599 
0.0 
