1 20 1 1 
0.00015961708 -0.3007579 0.7605667 -1.6447928 -0.06441125 -0.39697242 0.124077536 3.4321558e-05 0.0023421668 -0.19848172 0.9699834 -0.40662098 0.16431056 0.8623781 -1.2294416 -0.7368226 0.008915451 -0.7842621 -0.37099072 -0.28116214 
-0.0042367387 
0.07211471 
0.23722978 
0.06039017 
0.44074032 
-0.4354775 
2.5504036 
-0.00079800625 
0.008046791 
-5.648643 
0.46204028 
-0.27689806 
-0.6728454 
0.29908174 
-0.20347585 
-0.24446173 
-0.07328675 
0.17193945 
0.00046129944 
5.339769 
1000.0 
-0.5349528 0.1 -0.7410632 0.1 0.1 0.1 -6.2619405 -0.12801741 -0.92904454 6.51414 0.8606323 0.1 -6.4991345 -0.44079515 0.1 0.1 -2.9482727 0.1 0.1 5.4038167 
2.6611457 
0.0 
