1 20 1 1 
-0.25562844 -1.1331607 -0.6963177 -1.1516068 -1.9537108 0.0110201575 0.15475948 -0.08791294 0.015595874 -1.3098139 -0.96973044 -0.084374465 -0.1075093 -0.597169 0.48605254 -0.30755883 -0.30817714 0.3247701 -0.023901649 -0.22590925 
-9.986607 
0.4193859 
0.17952594 
0.31630626 
0.115745366 
0.005669535 
-2.32749 
-0.013847702 
-0.004113145 
0.032176286 
0.21609218 
0.43449384 
10.375973 
0.13418584 
2.7065187 
-0.26598048 
0.38793606 
1.7948911 
0.15088917 
1.8665359 
1000.0 
8.964991 0.1 0.1 0.1 0.1 -1.2131648 9.341922 0.86988056 -2.1877096 0.1 0.1 0.1 9.645272 0.1 -11.479551 0.1 0.1 -8.798114 0.1 4.194473 
-3.481623 
0.0 
