1 20 1 1 
-0.63573563 0.5756937 0.5417962 -0.7139506 -0.40736032 0.4731465 -0.9534679 0.40537903 -0.91643554 -0.108371615 0.14499505 -0.36798137 -0.03408135 -1.5577767 -0.01754062 -1.681377 -0.036607277 -0.2647997 -0.019794216 0.24269082 
-0.13672452 
0.6975179 
0.43642527 
-0.27180123 
0.3160352 
0.48181275 
0.2724847 
1.018052 
-0.22182436 
0.0725597 
-5.218507 
-0.3452197 
-0.107935145 
-0.03566092 
-0.1357553 
-0.16036965 
-0.1433727 
0.18664244 
0.11264558 
0.36762002 
1000.0 
0.1 -3.428176 -4.3193326 0.1 0.1 -3.9340172 0.1 -7.9654717 0.1 0.1 -9.414952 0.1 -0.010682387 0.1 -0.09520876 0.1 -0.008757158 0.1 0.1 -4.7359834 
-2.525634 
0.0 
