1 20 1 1 
-1.1798959 -0.11800999 -0.8320344 0.59769064 0.34286 0.35966137 -0.74663126 -0.01100497 0.428432 -1.08617 -0.033606425 0.6474256 -0.1586863 1.2023805 -0.22275656 -1.012489 0.60311013 -0.09532579 0.23589401 0.44687834 
-0.11522546 
0.29667413 
0.38110596 
0.29359254 
0.2844104 
0.4282859 
-0.2596804 
-0.12799473 
0.52678096 
0.026138494 
-0.22667082 
1.8602415 
-0.046930123 
-1.0727116 
-0.024762763 
-0.096094705 
2.620472 
4.84654 
-6.3846803 
0.2891594 
1000.0 
0.1 0.1 0.1 -7.137318 -5.795872 -4.50885 0.1 0.0043450827 -4.7113433 0.1 0.1 -9.640519 0.1 8.539391 0.1 0.1 -8.413506 7.5634975 -11.381318 -6.274277 
-8.33624 
0.0 
