1 20 1 1 
-0.42725536 -0.31111306 -1.1870416 -0.3000471 0.29255676 -1.3189849 0.7813102 -1.0472993 0.67724293 0.511085 -0.57567036 -0.12081131 -0.70502245 0.959262 0.20438793 -0.10462683 0.0041346624 -1.081798 0.2863881 -0.5024422 
-0.11449821 
-0.21624212 
-0.1124857 
0.028651878 
1.1199079 
-0.06534542 
0.9399091 
-0.11812099 
-1.195659 
-0.74299496 
-0.16642955 
-6.728047 
-0.42479727 
0.47946012 
0.99642855 
-0.33720967 
0.4293808 
-0.21373479 
-0.34317458 
0.118555896 
1000.0 
0.1 0.1 0.1 0.1 6.352826 0.1 6.6287274 0.1 -6.7348557 -5.0737844 0.1 8.783432 0.1 5.6740756 6.230372 0.1 4.4415708 0.1 -2.8304555 0.1 
6.988689 
0.0 
