1 20 1 1 
0.16303998 0.13098313 0.6446801 -0.77088237 -0.14154717 -0.28159901 0.026164796 -0.74686056 -0.030628525 -0.17930245 -0.318699 -1.1730869 -0.6129217 0.8940479 -1.0831567 0.49485147 -0.9613327 0.12063972 -1.652942 0.15303339 
-2.5552042 
0.013753906 
0.25685838 
-0.008846506 
-1.408394 
0.05174922 
0.06708728 
0.25363433 
-0.01869929 
-0.20588183 
2.0979495 
-0.045121994 
-0.24110535 
0.5295423 
0.42299774 
1.2518526 
0.14066531 
0.028635755 
-0.0885168 
-2.5043607 
1000.0 
-8.780379 -3.6997883 -2.9888127 0.1 5.243953 0.1 -3.109116 0.1 0.0311723 0.1 6.2153835 0.1 0.1 -2.482398 0.1 -7.1499896 0.1 -3.0938063 0.1 -8.240777 
-1.983237 
0.0 
