1 20 1 1 
0.73957074 0.6234003 0.6917891 -0.9640359 0.8489891 0.54872054 -0.4375406 -1.2602887 -0.8436033 0.82506764 -1.172647 0.2336951 -1.8931952 -0.39575207 -0.19529313 -0.09346656 0.55210173 0.12397105 0.48923025 -1.3333981 
0.5212332 
0.5947557 
-0.83375597 
0.07871491 
0.46236473 
1.5023733 
0.4734681 
0.21224156 
-0.03548296 
0.5171954 
-0.0021760596 
-3.8167214 
0.33348885 
-0.2590761 
0.09870101 
5.4892516 
1.3624792 
-0.82930696 
-0.8599621 
-0.08339635 
1000.0 
-7.6869664 -7.945057 7.1365695 0.1 -8.899174 -8.673776 4.256892 0.1 0.1 -8.596016 0.1 -9.473488 0.1 0.1 0.1 6.3399653 -8.834693 -5.2654247 6.771143 0.1 
-7.89144 
0.0 
