1 20 1 1 
1.6723706 1.8371123 1.0490868 -1.313737 -1.7151703 -0.6150081 -0.36120972 -0.030134441 0.8666575 -1.0102239 -1.012061 0.95713174 1.6517742 -0.98219144 -0.0508102 -1.0607098 -0.51119107 -0.99473953 1.3280913 -1.9090434 
0.64363533 
0.89679456 
0.5430266 
-0.12994389 
0.09538106 
-0.09285937 
-0.072849125 
0.03499693 
1.1937699 
-0.23174088 
0.1904144 
0.31646746 
0.5946838 
0.026733011 
-0.26174015 
0.32501894 
-0.15285751 
0.1002855 
0.73375165 
-4.094293 
100.0 
18.14817 34.74867 6.271115 4.5 4.5 4.5 2.0619054 0.15289356 37.70238 4.5 4.5 -7.2740736 13.734763 4.5 -1.5815725 4.5 4.5 4.5 21.260836 77.12221 
31.741926 
0.0 
