1 20 1 1 
-0.41816556 -0.9941374 -0.4516355 1.2909762 1.444692 0.40561566 -1.7295432 0.13462873 1.269073 -1.6830958 -1.2037909 -2.365602 0.61193997 1.2549645 0.71127886 -0.68108255 -0.88618344 -0.6580122 -1.0125576 0.47302482 
0.15870029 
3.2790618 
0.13804962 
1.2256442 
1.508868 
0.6457055 
-0.085230365 
0.6487522 
0.39358804 
-0.201254 
0.22090179 
-4.731169 
0.5191293 
0.49139446 
0.6728507 
0.08638617 
0.15378456 
-0.03337547 
-0.3093481 
0.5530452 
100.0 
2.3397968 67.290794 2.7949238 -25.939375 -29.008883 39.656086 4.5 43.62371 37.52923 4.5 4.5 109.9399 39.098175 37.620113 38.54527 4.5 4.5 4.5 4.5 39.670753 
39.468254 
0.0 
