1 20 1 1 
2.0344877 -0.57973784 1.8751732 -0.011743872 -0.88880104 -1.4370795 -1.3961341 0.68531454 -0.94170415 1.0949054 -0.99477166 0.55730057 -1.7437848 -1.3929627 -2.5764022 -0.72679037 -1.3130426 1.2269464 -1.0230433 1.504079 
0.5975992 
0.043695148 
0.6307151 
-0.12439191 
-0.24252406 
-0.06631142 
-0.016794214 
0.87180704 
-0.027030481 
0.9446744 
-0.15435813 
1.0456729 
-0.010071804 
-0.024890853 
-4.412015 
0.16454573 
0.40096682 
0.8933107 
0.05270111 
0.5202047 
100.0 
40.82023 4.5 41.051765 -3.8956926 4.5 4.5 4.5 41.553585 4.5 37.68333 4.5 40.833652 4.5 4.5 105.06152 4.5 4.5 37.815712 4.5 32.02778 
35.50162 
0.0 
