1 20 1 1 
0.80579716 -1.0374032 1.3744226 1.125096 1.7904032 2.1146905 2.149448 -0.058710024 -0.88924026 1.1297619 -0.71795845 1.9484985 0.9055225 -1.115186 0.94589394 -1.0391753 1.915884 -0.53149253 1.339635 2.532415 
0.75610006 
-0.17774588 
0.53919524 
0.36362693 
0.9029894 
0.6450321 
0.80185753 
-0.23548083 
0.25471693 
0.8870438 
0.01676795 
0.7657403 
0.7556235 
-0.40730795 
0.73213726 
0.26349038 
-3.9270191 
-0.3955176 
0.94400793 
0.97994655 
100.0 
-15.097091 4.5 -23.245564 -22.034227 -23.521664 -29.709911 -28.15661 -1.5396388 4.5 -17.878948 4.5 -26.94007 -16.208956 4.5 -16.779175 4.5 -102.311554 4.5 -19.792912 -19.386126 
-5.6784315 
0.0 
