1 20 1 1 
-1.683465 1.7586472 0.5646264 0.49914134 -1.3585294 -1.6448543 -1.3403167 -1.4667231 0.5932366 -1.1350912 1.3184261 -1.3558617 -1.6395267 2.3011334 0.6362189 0.2987927 -1.573404 0.80307347 1.0464827 -1.1504393 
-2.8239617 
0.61989975 
0.55922526 
0.70939845 
0.052321445 
0.14462796 
-0.009299524 
-0.035834275 
0.54889864 
0.11099996 
0.46615565 
-0.026955327 
0.14937861 
0.5193558 
0.6072941 
0.85932237 
-3.0332563 
0.48567373 
0.38735804 
-0.16455738 
100.0 
79.99884 39.982273 43.930553 45.18509 4.5 4.5 4.5 4.5 43.716583 4.5 42.107414 4.5 4.5 40.67253 46.271523 49.02362 75.39067 41.473026 34.293915 4.5 
39.451015 
0.0 
