1 20 1 1 
1.1874586 1.3318703 1.5327251 2.4972212 -0.95642215 1.4770863 2.085096 -1.2718188 1.0357 1.5274754 2.065491 -1.2966732 2.060002 1.1528243 0.84033847 2.0605972 1.316152 1.5851765 -0.53463644 1.110922 
0.88660705 
0.8949048 
0.54920614 
-5.9309354 
-0.12649141 
0.8888419 
0.6438476 
-0.2309985 
0.8517346 
0.88309455 
0.74503 
-0.0049871914 
0.8959912 
0.89984554 
0.8339688 
0.72492176 
1.0697999 
0.90208393 
0.36729452 
0.99127084 
100.0 
-23.398146 -26.251917 -14.559873 -106.767944 4.5 -29.18417 -12.472811 4.5 -20.340195 -30.167175 -10.207754 4.5 -40.84076 -22.70182 -16.443777 -10.585525 -25.95965 -31.329184 4.5 -21.839779 
0.9412703 
0.0 
