1 20 1 1 
1.2511687 -0.856605 -0.10887039 1.1272284 0.0011617123 0.5005368 -1.5815699 -1.5923992 -0.7833919 -0.48720378 0.44769338 2.2681077 1.1067713 -0.97589844 1.0944263 -0.077490956 1.64109 0.69587404 -1.038812 -0.040823255 
0.11780815 
-0.1307165 
0.94956297 
0.4182713 
0.00027401184 
0.5615424 
-0.15254164 
-3.618756 
-0.22842087 
-0.0011069555 
0.43983355 
1.6939231 
0.27307433 
-1.7969825 
0.9033336 
-0.012195429 
0.519057 
-0.2640611 
-0.33569145 
0.83552396 
100.0 
33.987312 4.5 50.287643 46.167862 -0.13147534 47.092438 4.5 63.36964 4.5 4.5 46.77926 -45.312767 45.011105 67.83825 -21.825779 0.22151805 46.816616 -6.767651 4.5 49.22354 
50.946007 
0.0 
