1 20 1 1 
-0.58365273 0.6944556 -1.1742818 -0.22264168 -0.791504 -0.6352044 -2.0835533 -0.74640894 -0.4566481 -1.0079437 -0.6690263 -1.7673618 -0.33612558 2.980057 -1.7702283 -1.6057473 -0.4841472 -0.953909 -0.55547893 -0.483148 
1.2752724 
-0.21836613 
-0.15726455 
0.10236945 
1.5965719 
1.1493453 
-4.0337906 
1.2757282 
-0.014822596 
0.14115681 
1.1269406 
0.1638807 
-0.021808472 
2.863395 
0.16602781 
-3.9666586 
0.5939827 
0.03992556 
0.04104355 
0.35982242 
100.0 
59.503357 52.56254 4.5 46.832153 80.30455 64.59209 89.35581 76.21811 4.5 4.5 68.41849 4.5 1.8748418 -59.533092 4.5 70.95586 49.938595 4.5 4.5 49.160282 
42.315845 
0.0 
