1 20 1 1 
2.1786852 -0.5181866 1.6092981 1.9863536 0.45745605 1.186367 1.7426696 -0.68169767 1.4779689 -1.424553 1.4978669 -0.050242573 -0.08495506 0.41331613 1.8880152 -0.4748699 2.5323465 -0.26688874 2.0689864 0.78169924 
0.2771265 
-1.3545567 
0.2684185 
2.1653109 
0.45705274 
0.62152934 
0.26017523 
0.1740403 
0.4198673 
0.061708536 
0.25716472 
-0.0531091 
-0.1377019 
0.47560793 
-3.4920225 
0.025317946 
2.071863 
-0.5434199 
0.9908782 
0.65400124 
100.0 
4.253877 62.99701 3.6400201 -40.04117 12.260092 13.575484 2.3669467 4.5 11.45607 4.5 2.2794619 -1.3979867 0.56781113 12.513102 -74.79043 4.5 -50.96732 32.71112 -41.7398 13.8651 
20.26223 
0.0 
