1 20 1 1 
0.08077146 -0.9594584 -1.7027694 1.4093314 2.4045534 1.6383586 1.7983221 1.6636796 1.249299 2.4536777 0.0766318 2.0447712 2.3528237 -1.1385862 1.0456948 1.5338067 -0.95493937 0.04359559 1.2036995 -1.2303928 
-0.17405264 
-0.14313798 
0.19801 
1.045077 
0.988648 
1.160074 
1.0061784 
1.0316553 
1.0234668 
-4.672926 
-0.072531685 
1.0566415 
0.9759966 
0.04060189 
1.1251358 
1.045776 
-0.14416039 
-0.2109062 
1.0758982 
0.13014504 
100.0 
-8.803721 4.5 4.5 -28.00891 -35.513893 -27.443201 -32.537804 -31.034317 -24.813704 -88.252304 -7.7925835 -18.691895 -38.345028 4.5 -20.734062 -29.763138 4.5 -6.7017593 -23.89757 4.5 
-1.8422093 
0.0 
