1 20 1 1 
0.09354988 -0.2239057 -0.017457288 -1.7884396 -0.20328511 0.29280233 -0.80538595 -0.11008341 0.13313535 0.07783488 -0.118535236 0.9744937 -0.24358131 -0.27634475 -0.1666496 -1.9597605 -0.39750063 0.53267497 -0.07319327 0.02841421 
0.5197552 
1.7245073e-08 
-0.15188493 
0.018974375 
-1.8503164 
0.37421548 
0.036016002 
-7.5110545 
0.44660145 
1.153139 
0.014968089 
-0.21484594 
-2.921983 
4.2639146 
-8.263375e-06 
0.00014696279 
2.0395655e-05 
0.2760187 
1.5454781 
0.81430143 
1000.0 
5.2963014 -4.050977e-07 -0.031238517 -0.030423807 6.0105524 4.8815966 -0.03292159 5.1568427 7.124964 -4.6507745 -0.015895449 -3.970035 1.9873255 5.3495445 -1.3599047e-05 -0.0001668995 -2.1913533e-05 4.864313 8.600925 7.685902 
4.134215 
0.0 
