1 20 1 1 
-0.085868075 0.23184142 -0.16629076 -0.4708811 -0.1328744 0.00284642 0.1935273 -0.12839077 -0.08305961 -0.72265786 0.07825096 0.68524414 -0.054577585 0.8751569 0.13700278 0.0033824597 -1.3031096 -0.109123126 0.9434268 -0.20168017 
-2.5234725 
0.2648945 
-1.6189408 
0.12503697 
6.6954584e-08 
0.002143629 
-2.9450283 
1.8456565 
4.4846826 
-1.5263784 
-2.9128268 
0.2199777 
0.114914656 
0.27440128 
0.5972349 
0.05454457 
0.12470885 
-2.3579698 
0.34259433 
-1.11857 
1000.0 
7.2139425 -0.44198403 0.7565675 -0.02989636 -1.0525392e-07 -0.6274802 -9.4846325 3.8792255 5.8758025 1.556051 -4.6894746 -1.6639653 -0.029644217 0.24458224 -4.141474 -2.0157113 -0.029888712 4.2701635 -0.19827017 0.7603501 
-0.8439036 
0.0 
