1 20 1 1 
-1.504813 0.053561024 -0.07068288 -0.04645038 -1.3919933 -0.15093076 -0.30541635 -0.3973396 -0.037056964 -0.55773836 0.22279917 -0.3768326 0.9193918 0.0097270915 0.36819574 -0.24342448 -0.727199 -0.93052554 -0.34654862 -0.03448575 
-0.63493395 
0.10874274 
0.60297596 
0.34490132 
-0.6652241 
-2.6081216 
-0.9634008 
-0.425975 
0.037242077 
-0.008887909 
-2.6068833 
0.05223903 
0.20217113 
-0.0106271 
1.4892037 
0.12986934 
1.8900102e-05 
-0.5263203 
0.020411778 
1.7097096 
1000.0 
-0.02120818 3.0768082 3.4997828 3.8078425 0.7304178 6.019446 1.1319951 0.45752215 2.9595423 -0.00049256935 -11.559 -0.018861536 3.116786 -1.203677 -7.8286867 -0.023044752 -1.9828683e-05 -0.025606565 -0.012686924 5.5273747 
3.5318131 
0.0 
