1 20 1 1 
-1.0734138 -0.0011876122 -1.0269704 -0.41629952 0.094326586 0.72660166 -0.07379548 -0.0056218524 0.34799 -0.5828418 -0.1874109 -1.987683 -0.1428491 0.23529486 0.018632663 0.32607123 0.06016078 -0.6577656 -0.39648566 0.6126149 
1.2740406 
-0.003931803 
1.4689319 
-0.15863404 
0.76601297 
-0.37096083 
0.017902328 
0.023450438 
0.35225478 
-0.5352282 
-4.4972687 
2.24458 
0.16412902 
0.52642924 
1.060286 
0.5417423 
0.8807978 
1.420108 
-0.3171535 
-0.4174973 
1000.0 
1.3472933 -0.07404433 1.5042213 -0.03658788 6.703394 -5.885711 -0.028436612 -0.0037545264 6.6868143 -0.03943591 9.89191 2.4272473 -0.03520478 6.535218 7.0729914 5.753636 7.198862 1.5066061 -0.04728666 -6.1159024 
5.0933895 
0.0 
