1 20 1 1 
-0.95568407 -0.09262048 -0.18392403 0.022890735 -0.07766796 -1.0933746 0.30702162 -1.5752969 0.38698593 0.6515446 -0.8480213 -0.51510054 -0.28254232 0.04958445 -1.5370882 -0.00817578 -0.15247339 0.3128079 -0.09125161 -0.14262082 
-1.2757171 
0.26556885 
-1.6329733 
-0.042668 
2.4280963 
-1.467412 
5.076009 
-1.0428582 
0.11195235 
0.36898673 
0.0286089 
-1.0483624 
-0.97062826 
-0.0050113234 
-0.99116355 
-0.1355499 
0.34958485 
-5.244552 
-1.669446 
-0.121519424 
1000.0 
1.446834 4.5596647 1.7897679 -2.8132877 6.237549 1.6267254 -9.005877 1.0688494 2.460111 2.7104714 -0.029413017 1.0823396 0.8964395 -3.3954484 0.944233 -0.0007235827 4.6085362 -12.562172 6.264988 2.680384 
2.8150284 
0.0 
