1 20 1 1 
-0.08931242 -0.11679106 -0.03569305 -1.0021116 0.53775346 0.25980693 -0.8972673 -0.7675586 1.1285993 -0.06094494 -0.02018657 -1.1442472 0.82637525 1.4811939 0.2299529 0.27356535 0.87099123 -0.09478293 -0.15522233 -1.1755034 
-0.75812787 
-8.106875 
-0.008566759 
0.085438885 
0.067032084 
-0.22288796 
-0.35758778 
-0.03467928 
0.37731653 
-0.03540827 
1.7239372 
-0.40562642 
-0.120756924 
0.28982228 
-0.9872203 
-0.26251003 
-0.24816778 
3.4486809 
1.7810009 
0.025609937 
1000.0 
-0.011901366 6.1737075 3.4431968 -0.023727637 3.1754234 -5.205694 0.46289462 0.3307549 3.7339587 6.198971 6.611345 -0.025132336 -4.7891784 3.6217353 -4.6087427 -5.482338 -4.379429 7.045539 4.5737863 -0.016278928 
3.9329913 
0.0 
