1 20 1 1 
-0.0022979877 0.5383645 1.3154204 0.22654007 -0.655708 -0.13968532 -0.44146886 -0.5729265 0.49582878 0.4579845 0.49451658 -0.400119 -0.5807841 -0.22047253 -0.94812405 -0.87690836 0.73332834 -0.010638059 -0.13285992 -0.56041694 
0.1273874 
-0.22204351 
0.4510892 
0.2970141 
2.5867143 
-3.7144442 
0.031324778 
-0.22088929 
-0.4513688 
-0.5128138 
-0.3222294 
0.1041016 
0.2733183 
2.296594 
-0.24527253 
0.17669255 
0.3902371 
1.1866792 
0.09720185 
0.1946134 
1000.0 
4.8808823 -5.374566 4.74214 4.9261427 2.9999266 8.080232 -0.0070544626 -0.044117343 -4.9460993 -4.5676513 -4.935346 -0.012452864 -0.01340798 1.7595779 -0.045293026 -0.015257154 4.7712665 6.0558434 -0.011779824 -0.014086542 
4.936562 
0.0 
