1 20 1 1 
0.39045182 -0.00066461926 -1.1113067 -1.2366802 -0.5297532 -0.43507823 0.93295234 -0.69045085 -0.07090915 -0.769214 -0.001423726 0.48786938 -0.65116835 -0.20987955 -0.45031193 0.16781047 -0.0018745054 -0.17921303 -0.46635386 -1.0327253 
0.03880938 
0.0057846275 
-1.1616619 
-1.3066509 
-1.3332579 
-1.1964607 
0.096858345 
0.1435385 
2.072348 
0.33094713 
0.00827842 
1.4759111 
0.30739138 
0.09280095 
-1.2444677 
-4.1588726 
0.030399255 
-1.1585096 
0.087095305 
-1.1668289 
1000.0 
3.4648829 -1.1005651 1.3634021 1.1309628 1.1281192 1.1634299 1.660366 -0.0059129917 5.0273147 -0.008931387 -1.1540618 -6.598277 -0.008612778 -0.004770639 1.1427726 -9.807411 -2.3915863 1.1767913 -0.004756374 1.1936209 
-0.59314495 
0.0 
