1 20 1 1 
-0.27692187 -0.53586924 -0.21960162 -0.7056712 0.41947308 0.60577965 0.3601064 -0.6235666 0.0578176 -0.62551856 -0.13791236 -0.13966095 0.15280956 -0.6772624 -0.018797874 -0.7404451 0.4174195 -0.04718846 0.18500817 -0.518754 
1.6033739 
-5.1756062e-05 
0.031376235 
-0.40653196 
-0.22011419 
-0.2704112 
0.23889174 
0.107058264 
0.8570503 
0.15348165 
-1.8980415 
-3.1179078 
0.3752331 
-0.35995644 
1.4573348 
-0.34512833 
0.3076132 
0.4794329 
0.43921188 
-0.765992 
1000.0 
1.6949624 -5.4137163e-05 -0.02763892 -0.021563228 -4.1986136 -4.5139236 6.232676 -0.032729793 7.411936 -0.03391037 6.774663 6.9633713 6.767991 -0.019639635 6.5676093 -0.020875603 5.5525875 6.526617 5.7992125 -0.016755853 
4.58904 
0.0 
