1 20 1 1 
1.0853235 -0.20615979 0.2052223 -0.5527979 0.38979194 0.8893188 -0.73675805 -0.07138136 -0.68584734 -0.11450585 0.19778696 -0.48113215 -1.6168711 -0.5741037 -0.95533293 -0.35317406 0.008948017 0.031082502 0.18069717 0.50875074 
0.25852993 
0.02976097 
-1.7953331 
-1.1767423 
1.0298195 
0.33602935 
0.068515986 
1.7823151 
-1.1719171 
4.272727e-09 
-1.6390338 
0.12924296 
-1.1895381 
-1.1793432 
-1.2231902 
-1.1847311 
-0.029981151 
-0.013612413 
-1.3820062 
0.25608486 
1000.0 
-3.7940106 -0.020753635 -8.252205 1.3305566 -6.9816837 -1.8304788 -0.02264033 5.5607924 1.2997007 -2.3344777e-09 -7.9649343 -0.026111089 1.4006816 1.0180056 0.9436191 1.0044807 -1.2181023 -1.0937501 -7.619264 -1.7034624 
-1.6104611 
0.0 
