1 20 1 1 
0.008238301 -0.106460795 0.42597228 -1.2398429 0.03317622 0.503409 0.37950823 -1.1540514 -0.47868076 -0.12891364 -0.11460433 -0.11407314 1.3010926 0.4082315 -1.4735906 0.26683193 -0.26749206 0.004516108 -0.08248121 -0.07457636 
-0.029148435 
0.5805973 
0.110747784 
-1.5325811 
0.04912118 
-0.13278785 
1.625586 
0.007964553 
-1.4128613 
1.4649428 
-0.20069297 
0.1647596 
0.36514738 
-0.048946675 
0.12040718 
-3.3997958 
-2.1302378 
-0.00049768965 
-3.265056 
2.176248 
1000.0 
-1.8550596 5.0548725 1.9842328 1.1822422 2.144935 -2.930219 -7.708974 -0.014144643 1.426612 4.4396596 -0.0024879903 -0.025429433 2.2856464 -3.3929086 -0.027352482 -11.189931 2.1952848 -0.4593824 5.1294737 5.552789 
2.511393 
0.0 
