1 20 1 1 
-0.47552094 -1.1197155 -0.94265497 1.4642994 -0.3562127 -0.43327564 -0.06939174 -0.793032 1.442936 -0.83809847 -0.88675886 -0.19357097 -0.4635706 -1.197952 0.9523305 -0.728631 0.36058524 -0.660406 0.949677 0.18284872 
-0.7441524 
-0.8438904 
2.5373884e-10 
-0.29316399 
0.09941309 
0.29711992 
-0.6511494 
-0.83375275 
0.29299688 
0.12772295 
-0.77710414 
0.040829837 
-0.9705138 
0.18317959 
0.33168888 
-0.9931579 
-0.2614637 
-0.7425906 
0.29544547 
-1.5416416 
1000.0 
0.7650285 0.6609735 -2.6165214e-10 -4.184183 -0.005455412 -0.0065356637 4.834755 0.6645371 3.6151104 -0.0037690217 0.69911414 -0.0027371699 0.6389229 -0.0043947604 3.6937606 0.6372269 -3.5919724 0.86244214 3.6594923 -9.752809 
3.9194078 
0.0 
