1 20 1 1 
-0.22521035 -1.4490968 -0.13660936 0.7632415 -2.3279477e-10 0.14862159 0.3693732 -0.06872199 -0.1960723 0.66637665 2.8135767e-07 0.33340353 -0.24849789 -0.17473683 -0.2684779 1.1788428 -1.3970715 -0.05900181 -1.5372285e-06 -0.05414973 
-0.4624745 
-0.63336444 
-4.3510156 
0.30991742 
1.064657e-08 
-2.9954948 
0.14715143 
1.5968198 
-0.13856962 
-0.10392402 
3.9921997e-07 
-0.28859133 
0.108804226 
3.6295013 
-0.95434856 
0.44686863 
-0.7938039 
1.7855749 
1.1448834e-06 
-0.7918475 
1000.0 
-0.022507487 -0.009764618 5.7826934 -0.8426084 -9.110506e-07 -8.987085 -0.929169 5.4159303 -0.012273064 2.2147472 -3.8338996e-05 -3.5404816 -0.01771656 3.775897 2.5946407 -0.8115235 -0.0063314936 4.721084 -0.00011904937 -0.003325619 
-2.9220932 
0.0 
