1 20 1 1 
-1.0492461 -0.049448226 -0.6429357 -0.36465243 -0.05587934 -0.20135306 -0.063807875 -0.51608795 -0.57935244 -0.08460123 -0.5138864 -0.110462524 0.33600187 -1.0773944 -0.07065924 -0.65362877 -0.3614246 -1.1528299 0.17845887 -0.02195439 
0.08706929 
1.7915614 
-0.7091174 
0.003243591 
1.8168716 
-1.2002132 
1.1434424 
-1.1204832 
-1.2937511 
0.10416318 
0.06515191 
-6.77525 
0.25608006 
0.26949584 
0.009532482 
0.1023484 
-1.2667643 
-1.191526 
1.8447319 
0.3466744 
1000.0 
-0.022230972 7.2605515 0.7261923 -0.00795447 7.918326 1.2768061 4.4476385 1.0082644 0.9675123 -0.023935432 -0.019352626 4.664283 4.2025137 -0.027523445 4.983865 -0.023771891 1.3572725 0.9780986 -5.367781 5.0652676 
3.555207 
0.0 
