1 20 1 1 
-0.15150015 -0.3469011 0.35132292 -1.0836396 -0.7134183 0.20808822 0.36086404 -0.032383695 -0.99909383 -0.55781245 -1.6066953 0.22357024 0.24463 -0.057874355 0.06781454 -0.03677648 -1.7227149 -0.52803755 -0.028654816 -0.03570508 
-0.6897115 
-0.0015655529 
1.7345326 
-0.4816583 
0.05560793 
0.42716512 
0.47081783 
-0.2978676 
0.27532977 
-0.596394 
5.7215815e-10 
-3.7062995 
0.3674305 
-1.3039423 
1.0416766 
0.27162424 
-5.7612415e-11 
-0.5200037 
-0.014543604 
-0.04444968 
1000.0 
0.7520386 -0.01383403 -7.0018415 0.50522226 -0.027594844 3.1220922 2.9463959 -0.003927203 -0.03371192 -0.01053238 -7.7873036e-10 -9.744755 3.117013 4.5360613 -3.9880173 -0.03366117 -6.159592e-11 -0.011748553 -0.0017531556 -0.005998186 
2.8262022 
0.0 
