1 20 1 1 
0.31525925 -0.5039437 -0.20948812 -1.1741476 -0.2439231 0.017849976 -0.11399201 -0.16744529 0.16640541 -1.623995 -0.022981603 -1.3562168 0.20917019 -0.07774179 0.5474052 -0.18102726 -0.6116849 1.3564687 -0.028776763 -1.1148032 
2.786005 
0.12699963 
0.7890046 
0.03816005 
-1.3180681 
-0.018082777 
-1.3433642 
6.3131324e-08 
-0.047693737 
0.063481234 
0.00032714222 
0.18358487 
-5.2013655 
1.9780954 
-0.09414553 
-0.63841635 
-1.4087769 
0.31822705 
0.014447801 
-1.6485376 
1000.0 
-8.222647 -0.025305545 3.973173 -0.017300952 1.2372441 -2.0823817 4.516918 -5.4503994e-07 -1.5798383 -0.020801958 -0.0029300645 -0.02726932 -9.601634 4.5741773 -1.6512364 -0.006920489 1.6408885 0.4645607 -0.0038049086 1.9019357 
0.76111794 
0.0 
