1 20 1 1 
-0.3206029 -0.7841027 -0.5358583 -0.04771717 0.6858483 -0.757395 0.37058502 0.6876878 1.0620781 -0.14729615 -1.392083 -0.16521347 0.010938972 -1.4525942 -0.78606164 -0.06548935 0.0040058056 -0.50641656 -0.45694986 -0.09163176 
-1.4293705 
-0.676485 
0.17534079 
0.5916289 
-0.06044267 
-1.4240359 
0.158723 
0.2474858 
0.2017018 
-1.0534724 
-1.3028193 
-0.84555984 
0.302162 
-1.1562663 
-1.1285502 
0.044712935 
0.40806866 
-0.88119036 
-1.2308643 
-0.38110715 
1000.0 
1.1384987 0.67768925 -0.0051314314 6.126452 -2.5658834 1.138904 3.6271026 3.0084784 3.1031377 0.55917144 1.1548425 0.6460983 4.9418497 1.2313005 1.2740359 -0.0015115694 4.312696 0.90097755 1.1758722 0.24126643 
2.678778 
0.0 
