1 20 1 1 
-0.217068 -0.6893944 -0.08979821 -0.6104948 -0.9924911 -0.9467059 0.32525352 0.45340633 -1.9058044 0.5060281 0.6266823 -1.2999393 -0.5232529 -0.45681587 0.24132195 0.101137936 -0.10343568 -0.07926535 -0.2903939 -0.43334648 
-0.4233344 
-1.4060231e-07 
0.05684353 
0.07639347 
0.013416876 
0.3629695 
-0.54705733 
-0.62446386 
0.08360506 
0.74474716 
-0.22204854 
0.047265507 
-0.31361625 
0.011143456 
1.1618137 
0.59560364 
-0.668911 
-6.015407 
-0.30605897 
0.29398862 
1000.0 
-0.021495337 -3.0986897e-07 -0.0013452905 -0.0008051771 -0.0023756793 -0.0015584971 -5.970332 -6.7009883 0.09308574 8.776167 -5.133905 -0.00088944414 -0.008829761 -0.0019505394 9.945012 -3.0442939 -0.0050720796 4.123041 -0.016767548 0.32859904 
6.5903893 
0.0 
