1 20 1 1 
-0.14831337 -1.2060483 -1.2556927 -0.6084541 0.5863476 -0.33807585 -0.23248684 1.2697502 -0.2997448 -0.053607672 0.20396908 0.54736763 0.5436155 0.12767957 -1.2027428 0.40833348 0.8810165 -1.7752216 0.32921356 -0.2704219 
0.10105266 
0.1497915 
-1.7043452 
-1.6406361 
0.44568035 
-1.730032 
4.051263 
0.29666606 
-1.7519234 
0.07051063 
-4.0602508 
0.56085557 
-0.36288014 
-3.1942174 
-1.6268158 
0.666737 
0.40820658 
-1.5812215 
-0.1780513 
-1.5820687 
1000.0 
-0.019777238 -0.022484126 1.8836831 1.5401839 -5.85395 1.4775925 7.010744 -6.2561717 1.9150672 -0.017004678 -8.314531 -5.4643545 5.4145894 -7.0295143 1.7378765 -4.0737104 -6.0609813 1.7509191 4.848816 1.7234234 
-5.6171002 
0.0 
