1 20 1 1 
0.39734268 -0.1952059 0.31541365 -0.47086284 0.6155061 -1.082541 0.106305234 0.5551646 0.0964215 -0.14015654 0.08898753 -0.8453738 -1.3235703 0.5433071 -0.07008119 0.18773085 -0.8771167 -0.46803302 -0.098194316 -0.06244 
0.23226073 
-1.1219684 
0.56908256 
-0.8943086 
0.29935172 
-0.97124505 
-2.4459229 
0.10893443 
-0.735065 
0.0943741 
0.07109134 
-1.1495515 
-1.2306488 
0.3652419 
0.48704723 
-1.1353227 
-1.2300751 
-0.91236955 
-0.938545 
0.5328575 
1000.0 
2.0809565 1.2027601 -6.3064604 0.9753839 2.1079884 0.8497251 -6.391662 1.3533849 -5.7726917 -0.027206281 -1.7847494 1.1857544 1.2877876 2.1852643 4.938162 -5.6252785 1.2889929 0.91332316 0.87483513 4.396461 
2.4342911 
0.0 
