1 20 1 1 
-0.3235937 -0.32993636 -0.07979572 0.4482106 -1.1500779 0.86015546 -1.7673681 0.7782232 -0.3078066 -0.14651243 0.21566695 -0.01749265 -1.6136681 0.010491292 -1.8987756 0.99334174 0.5010696 -1.4096998 -0.1446421 -1.4571406 
0.03762791 
-1.0292368 
1.4396728 
2.1255572 
0.027403394 
0.105319515 
-1.0003046 
0.15912998 
-0.9994379 
-0.112413 
-5.17331 
0.34045202 
-0.6544654 
0.01526162 
-1.143445 
0.09551293 
-0.07724569 
-0.39301744 
-1.0755569 
-1.0228733 
1000.0 
-0.0032172564 0.9637797 4.8423147 -9.2407875 -0.0025372326 -0.23937397 1.2420033 0.09176538 1.0741514 2.4194202 -9.969616 -0.007039981 -0.0035466026 -1.2107223 1.4395444 -0.39841586 -1.3018565 -0.0027376206 1.3336048 0.97944015 
0.661555 
0.0 
