1 20 1 1 
-0.20933674 -0.051253248 0.9962682 0.10958433 -0.038434714 -0.10299998 1.0296161 -0.14349471 0.15336995 -0.1591052 -1.508215 -0.12766069 -0.014601617 -0.5955362 0.357625 -1.2320471 -0.9639302 -0.15704572 0.15687361 0.17294757 
-1.6295924 
-1.7126949 
0.3690775 
0.0874676 
9.966202e-08 
6.1315313e-07 
0.22677052 
-1.9704204e-07 
-2.2871797 
-5.460399 
0.09669998 
7.8868885 
1.1122347e-05 
0.00090702367 
1.8493245 
-0.6363856 
0.115041405 
-3.8310422e-06 
-2.0655236 
-3.258954 
1000.0 
1.822708 5.364898 -2.0362415 -2.2963207 -1.2769162e-06 -6.5960523e-07 -2.2323527 -3.241186e-07 -8.072146 4.7207727 -0.020750608 5.0330186 -1.7111852e-05 -0.0009598511 -7.184137 -0.009739692 -0.022033835 -1.0753741e-05 -4.726237 -8.752778 
-1.7616488 
0.0 
