1 20 1 1 
-0.084455945 -0.8062175 -1.0926065 -0.7910627 0.3096658 -1.8778415 -0.121154115 -1.1391536 -0.53617704 -0.82031775 0.4592359 -0.23355989 -0.39283556 -0.7127716 -1.0280999 0.37075174 -0.06328272 0.512016 0.122893155 0.19770847 
2.4826078 
-0.7332445 
0.032062396 
-0.68044806 
0.04186608 
-0.5850603 
-3.5868943 
-1.1064097 
-0.7491058 
0.18170914 
0.13738653 
-1.036159 
-0.74177134 
-0.5343159 
0.2253106 
1.9282314 
0.49117357 
0.3757617 
-0.5999866 
-3.611581 
1000.0 
6.174793 0.82404035 -0.025715973 0.60543793 -0.15963446 0.60041785 3.6385698 1.2355568 0.70569843 -0.03281703 0.32568508 1.1425873 0.684474 -0.0025103758 -0.033671807 -7.421157 5.6816077 0.034678593 -3.6942582 -10.443788 
-0.16828217 
0.0 
