1 20 1 1 
-1.1454763 -0.86752224 -1.6464502 0.0038807823 0.10806037 -1.04344 0.34860325 -0.47244936 -0.21578643 0.30327642 -0.090957694 1.2328279 -0.028346216 0.2894623 -0.0030398823 0.6283483 0.31624803 0.033203468 -1.1491444 -0.045259222 
-1.5051863 
-1.5768483 
-0.68883145 
0.0009279639 
0.0478682 
0.14902483 
0.27808976 
-0.90173703 
-1.8331459 
1.9614505 
3.4945548 
0.19982803 
0.047316305 
-5.644102 
0.010973805 
0.09711463 
2.274089 
0.07211029 
-1.5532916 
-1.1300169 
1000.0 
1.1846038 1.1206427 0.71852493 -0.63306576 -1.2401872 -0.0053781797 -5.5071645 0.9799054 4.0499425 -8.621993 6.1098113 -1.3854699 -0.003188961 -13.3090515 -1.1914115 -2.2770188 -8.883332 -4.06397 1.8434954 4.8043337 
-0.70707273 
0.0 
