1 20 1 1 
-0.30472597 -0.72583145 -0.57742625 0.3484942 -0.09450566 -1.2626692 -0.10946534 0.1639974 -0.24120419 -0.0029510257 0.10358317 -0.056011274 -0.6524775 -0.06967875 0.8805644 -0.16304895 -0.056730356 0.9621852 0.1365866 -0.036313597 
-1.5631231 
0.105344124 
0.14565268 
1.0988305 
0.15543856 
0.15512346 
-0.9697824 
-2.4863017 
-1.889581 
0.03378621 
0.10143217 
0.024454232 
0.060312975 
2.3541927 
0.14207979 
7.92359e-09 
-0.45325556 
0.34352583 
-2.0291672 
0.076874755 
1000.0 
1.376838 -0.0047362014 -0.00511075 -5.7697287 -0.0057715853 -0.005751238 4.3899727 -8.805271 2.09888 -2.2643385 -3.1059017 1.0476958 -0.0035739301 5.298528 -3.0469983 -5.5597984e-09 -0.005551966 -2.497034 -7.7568626 -0.004868039 
-2.1178534 
0.0 
