1 20 1 1 
-0.11200637 -0.027095348 -0.303195 0.9701142 0.3079804 1.0324996 0.51397955 -0.08990954 -1.5099434 -0.34119594 0.39974174 -0.36915836 -1.2723328 -0.6339145 -0.6258322 0.46155858 0.12554634 -0.31844845 0.13979597 0.08041987 
1.2453673 
-0.31397805 
0.24741718 
-0.44434097 
1.6840266 
-0.2577569 
0.40259355 
-7.7118816 
-0.3429181 
-0.00084168196 
0.481103 
-0.29777983 
-1.1381947 
-0.6333204 
0.095766306 
-0.16287023 
0.88161606 
-0.00020425695 
-1.2908608 
1.1006722 
1000.0 
9.379801 -0.0534135 -0.029819919 -4.572165 -6.1633606 -4.072084 8.197521 5.068728 -0.050835133 -0.010252981 8.217068 -0.050027158 1.2736769 -0.005197791 -0.023415025 -3.684243 7.8172235 -0.00020071147 -4.1912737 8.591472 
5.2073016 
0.0 
