1 20 1 1 
-0.010750327 0.59111154 0.29056185 -0.4329391 -0.3502527 0.32805213 -0.053526085 0.12841085 0.35046923 -0.03329483 0.2121943 0.36732 -0.4122808 -0.90613043 -1.3480015 0.1647597 -0.07741004 -0.98216254 -0.025832072 0.208963 
-0.21178336 
0.27237785 
0.28271097 
-0.30012548 
-0.6321279 
-0.38967103 
0.10277084 
0.51439595 
0.6555252 
-2.9245184e-05 
2.1794784 
-0.4235178 
0.17566681 
1.0466444 
0.99035585 
0.39247358 
-4.8472233 
-0.6388437 
-6.883981e-07 
-3.4381907 
1000.0 
-0.008383511 5.098299 6.1537685 -0.060950857 -0.04231404 -4.069011 -0.01654871 6.0443287 5.030015 -1.4767506e-05 -6.3735795 -4.4300547 -0.020143786 1.3290184 1.2220185 7.3713417 4.0826235 -0.03776796 -8.0962835e-08 -8.377637 
4.7491302 
0.0 
