1 20 1 1 
-0.7745814 0.6592657 0.12282743 -0.4720144 -0.15367758 -0.84141 0.10466124 -0.8473599 0.1331504 -1.3373227 0.17412509 -1.5253283 -0.32324442 -0.041672397 -0.37400088 0.68027157 -1.060602 -0.07149645 -0.40751347 0.6276353 
-0.91104805 
0.1439451 
-1.7292805 
0.045254517 
-1.1336634 
-0.97941375 
0.52102715 
-1.0155357 
-4.032869 
-0.89557755 
2.40204 
0.05706239 
0.04969258 
0.15220131 
-0.97309196 
0.1709213 
-0.89875656 
0.05509113 
0.0148863355 
0.27469128 
1000.0 
0.88609606 2.8199177 -7.273106 -0.022304917 1.2915088 1.14439 4.3007402 1.175758 -7.425537 1.0394847 -6.9772863 -0.02395276 -0.022967447 -0.02657838 0.8240462 3.8222363 0.9226594 -0.023702063 -0.0175116 4.4385805 
2.6135492 
0.0 
