1 20 1 1 
-1.187671 0.343976 -0.023163654 -1.155629 0.2885643 -0.80817825 0.0026424364 -0.17310415 0.004391998 0.18517217 0.0044434574 0.0006179383 -1.1332027 0.0116479555 -0.1427801 -0.08730918 1.2834303 -0.78009546 -0.79507095 0.011573989 
-0.01695859 
0.25978044 
0.0014986369 
-2.5341613 
2.992675 
0.2016241 
0.0023592177 
0.984111 
0.0021483195 
-5.32371 
0.002469452 
0.0017084156 
5.545433e-07 
-0.00031052707 
-3.0734699 
3.5818486 
0.17048652 
-0.5335343 
-0.5659591 
-0.0005631848 
1000.0 
-0.0072622583 -0.118702866 -0.040220935 2.7148278 -7.792255 -0.03042289 -0.35949025 5.0605025 -0.50143534 -9.281181 -0.48645532 -0.24628077 -5.808218e-07 -1.1914848 5.8615828 5.629904 -0.57641834 0.6368405 -0.0064695887 -1.3893652 
0.11274051 
0.0 
