1 20 1 1 
-1.3592838 0.17569613 -1.4550775 -0.0009603496 0.41229156 0.010702788 0.012402246 0.0057571786 0.0051933434 -0.6964335 0.00040612102 0.8165567 0.19440211 0.27382958 -0.05132517 0.40005106 1.6909367 -0.03257912 -0.52737194 -0.8519293 
0.07771682 
-1.9603426 
0.37463096 
-0.010451565 
1.1717619 
-0.0015754617 
-0.01475063 
-0.005113565 
-0.005020816 
0.37075895 
-0.0008383171 
-0.18183637 
-2.7568219 
-0.098215155 
4.6010962e-05 
0.07507906 
0.42939016 
1.3809439e-09 
-0.4435527 
-0.7238612 
1000.0 
-0.0038775108 -7.6983805 0.5172264 -0.7979071 -8.441851 -1.4411428 -2.049213 -1.0522754 -1.2189262 0.52520984 -0.2519892 -0.0023036138 -7.885164 -0.10191622 -7.1889655e-05 -1.1236145 -0.6551303 -1.4811123e-09 -0.012783145 -0.008222099 
-0.38872817 
0.0 
