1 20 1 1 
0.7818855 0.9324985 -0.18320908 -0.42682704 1.0743763 -1.1514542 0.5539208 -0.4757841 0.50241363 0.5872382 -1.1524009 -0.624991 -0.73359513 -1.0031742 0.5530558 -1.4552114 0.3004577 -0.23045324 -1.0974472 0.97464967 
0.27677074 
0.34398448 
0.04807813 
2.537928 
0.4310469 
-0.2780068 
0.6965818 
0.017728584 
-0.8837435 
-0.5266405 
-0.45961976 
2.6189291 
-0.26430935 
0.27457732 
-0.58309853 
-0.6808823 
0.5529056 
-2.8763611 
0.103168964 
-0.4013866 
1000.0 
6.339721 6.1979713 -0.00537609 2.8461587 6.134017 -0.047339298 6.318107 -0.0015951463 -5.00806 -5.8580027 -0.032665495 2.9863672 -0.04362648 -0.013129191 -5.515694 -0.037031196 6.966688 12.512105 -0.011545686 -6.5957394 
6.1201696 
0.0 
