1 20 1 1 
-1.6477665 -0.078153364 -0.054026984 -0.43994796 -0.32095304 0.0010963696 0.34547466 0.38246542 -1.9767808 -0.27748424 -0.034205656 0.80258423 -0.15074074 0.7608891 -0.16129193 0.5488993 0.36672592 -0.034961313 -0.8979011 -0.50206584 
0.0010076304 
3.70579 
0.069777235 
0.04236006 
-1.605551e-13 
0.75843894 
-0.27722725 
-0.27665985 
0.050801896 
-0.31629944 
4.8384936e-06 
0.17277387 
4.3262467 
0.18421869 
-6.558696 
0.2891025 
0.13658234 
1.0365984e-09 
-0.39955097 
1.2974193 
1000.0 
-0.007498684 6.746021 4.0606527 -0.016875621 -4.6576492e-14 5.6304445 -5.5556793 -5.4781084 -0.01731632 -0.06578623 -8.18064e-06 4.3972073 4.1237106 4.4445868 8.800398 4.687021 4.311594 -1.208624e-09 -0.06200094 1.4960159 
4.9160175 
0.0 
