1 20 1 1 
-0.004562255 0.2419729 0.34037393 0.031233681 0.41721764 -0.6865172 -0.40740344 -0.173562 -0.42526162 -1.5081944 0.9763986 0.53035575 0.5119491 0.27378008 -1.0133526 0.6337333 -0.46406317 -0.093447454 0.67046684 0.9056053 
-0.0060560303 
0.8872111 
-0.25188833 
-0.015660442 
1.1131028 
0.09166575 
0.23373987 
0.12469376 
0.13161191 
-0.22363028 
0.39890686 
0.17929447 
0.19032092 
0.20553055 
-0.38541225 
0.28418764 
-0.13773435 
0.1458495 
-0.20194963 
-0.23439297 
1000.0 
-0.27240336 -4.811636 0.0025740687 -0.0005234278 -8.316581 -0.02845603 -0.0319814 -0.029808689 -0.030027542 -0.022193948 -4.552281 -2.6509368 -2.559153 -5.4401035 -0.02880675 -3.167004 -0.020825906 -0.030427502 0.0021043376 0.0025020498 
-0.0630475 
0.0 
