1 20 1 1 
-0.7377677 0.31174675 0.24227746 -0.16879909 -0.12950702 0.13172834 1.4794986 0.3457683 -0.6947548 -0.051974844 -1.2079234 -0.15228379 -0.1860204 1.2935468 -0.5688632 -0.13688794 -0.60853624 0.63980246 -0.2354686 -0.78794473 
0.5777991 
0.8288078 
-0.7008889 
0.25348648 
0.45380446 
-0.46590355 
0.35049462 
-0.25870898 
-0.30158532 
-0.028196715 
0.21209605 
0.20048496 
4.2001047 
0.36362058 
0.5935229 
-0.16160102 
0.2491798 
0.14628947 
0.15334979 
0.40412125 
1000.0 
-0.03551324 -6.2126184 4.5704913 -0.042502988 -0.031213121 6.6704993 -0.000139041 5.4652934 -0.0016170521 -0.00069659454 -0.050795227 -0.053214166 2.8143716 -8.576583e-05 -0.02834691 -0.0014300329 -0.04657521 -0.28133032 -0.052599613 -0.027188681 
-3.9867463 
0.0 
