1 20 1 1 
-1.1983948 -0.01619186 0.6059905 0.5107323 0.015542425 0.38702354 -0.27294028 -0.16704148 0.44608226 -0.83944184 0.4852472 -1.8130203 -0.11939504 -0.4758786 -0.8014995 -1.9160999 -1.068474 0.15849197 -0.92440087 0.5061561 
0.9537386 
-0.049492422 
-0.11516073 
0.4476879 
-0.035807602 
0.68654597 
-0.14126088 
1.2589642 
0.5031639 
0.099566735 
0.44567135 
-0.0017253853 
-1.2120428 
0.2929928 
0.06756287 
0.0447126 
1.4695085e-07 
-2.9600449 
0.029817631 
0.7542637 
1000.0 
1.0475128 -0.007017514 -0.19412255 -7.587859 -2.4865732 -6.0491505 -0.01853251 4.550234 -7.44026 -0.028795043 -8.527053 -0.001405501 4.731727 -0.033941977 -0.026252823 -0.028674508 -1.8372232e-07 -9.726884 -0.025527125 -8.317227 
-1.0183333 
0.0 
