1 20 1 1 
0.43268678 0.12284652 0.3884773 -0.2711209 0.16721177 -0.20514363 -0.488359 -0.19253059 0.0040916833 -0.40978217 -0.35108903 -0.56904733 -0.88058406 0.0036915885 0.23158853 1.056151 0.006408036 -0.21892163 -0.8947497 -1.9555976 
1.1591742 
-2.142043 
1.5943114 
0.042758558 
-1.2141647 
-0.02313399 
-0.032404236 
0.11649151 
0.007294601 
0.19323203 
-0.405381 
6.898481e-10 
0.0084672095 
0.0037765873 
0.0831101 
0.17592955 
0.0058783432 
-0.12007593 
-0.14742115 
-3.4225263e-08 
1000.0 
-9.8694515 -7.9912205 -8.433071 -0.026856935 -6.7054133 -0.0017345002 -0.0059763608 -0.033352453 -1.2935245 0.2113886 -0.0108855665 -9.999325e-10 -0.023135018 -0.5759157 -2.3367448 -2.031119 -0.77778625 -0.012493054 -0.01306814 -3.9768217e-08 
-0.041052464 
0.0 
