1 20 1 1 
-1.1448759 -0.69113916 0.2986863 -0.4867507 0.82713324 0.2310638 0.2498764 -0.34772912 -1.0387707 -0.0019396945 0.79675764 0.46441162 -0.9368872 0.83291745 0.79995996 -0.3888859 0.28785887 0.90975976 0.3215111 -0.7925134 
-0.26965556 
-0.024372429 
0.35068086 
-0.23432472 
-0.1815402 
0.10665992 
0.72381896 
0.31748933 
0.25960442 
-0.0042668004 
0.16200002 
1.5302043 
-0.324029 
0.12563187 
-0.21347472 
-0.117255524 
0.5289113 
-0.13955355 
0.5476622 
-0.07146742 
1000.0 
-0.008326901 -0.009443815 -5.965464 -0.010411903 -8.275176 0.0047353804 -4.9825788 -0.028474493 -0.027929183 -0.2293223 0.0057359966 -9.272293 -0.009119175 0.005241975 -8.000717 -0.011171997 -5.745576 -7.0590467 -6.41813 -0.013428001 
0.17172934 
0.0 
