1 20 1 1 
0.3601326 0.17078394 -0.634919 -0.20697813 -0.8499473 -0.059553444 0.069472216 -0.58669114 -0.27352694 0.3460312 0.3169027 -0.4522664 0.34409866 -1.807291 -0.6001374 -0.05371364 -1.183167 -0.38816035 -1.0822452 0.3154526 
1.3090562 
-3.6821516 
-0.29516405 
0.035186887 
-0.01579572 
-1.311291 
-0.42382672 
0.14164354 
0.25800428 
0.85777515 
0.91465884 
-0.06332185 
0.8383598 
1.3034788 
-0.020440903 
-0.015740596 
-0.11934546 
-5.518354e-07 
0.03427325 
-0.23841585 
1000.0 
-6.1253023 -11.623786 -0.021455646 -0.019941602 -0.0083683105 2.4312692 -2.8261948 -0.0272564 -0.03041122 -8.211909 -7.437943 -0.010325422 -8.226919 1.4616307 -0.011895291 -0.0046872213 -0.016561402 -4.7067115e-07 -0.019729735 -1.5756112 
1.2827265 
0.0 
