1 20 1 1 
-0.21019956 -0.13231131 -0.5152391 0.19014785 0.0462404 0.035969015 0.010965991 1.2860063 -0.17538422 -0.12215908 -1.3325281 0.6490057 -0.043228187 1.1537287 1.6899384 0.4889564 0.16817927 -1.8307618 -1.8391296 -0.35379395 
5.0646605 
0.20331737 
1.9055777 
-0.69330394 
6.4345446 
7.051984 
0.0037179333 
0.44300622 
-0.100969575 
-3.365781 
0.030050164 
-0.5319448 
0.23454297 
0.20315082 
0.3002 
-0.41314238 
0.6621281 
-0.01947539 
-0.0030937737 
-0.06954241 
1000.0 
4.452849 -0.018919555 1.9550513 -7.658496 -6.340225 -5.7801747 -2.4060395 0.033872344 -0.01614773 7.9324474 -0.008741793 -6.493041 -0.019511214 -0.8028333 -0.25545746 -4.892972 -5.02148 -0.0081966305 -0.004428548 -0.016701713 
0.42479655 
0.0 
