1 20 1 1 
0.9645919 -0.19460721 0.20522892 -1.2499636 -0.21954468 0.87582517 -0.7689221 1.317932 -0.6150954 -0.60472053 -1.3097625 0.431651 -0.86603504 -0.9535669 0.21193407 1.0329947 0.115270734 0.33070827 -0.15224403 -0.40330482 
0.153976 
4.595145 
-0.16638383 
0.11693371 
-0.017517507 
-0.10594413 
-0.042231575 
0.43256724 
0.04734787 
-0.18116389 
-0.036357816 
0.7700566 
-0.024109093 
-0.011758258 
-0.1252972 
0.24029885 
-0.59148705 
0.36434734 
-0.028910413 
-2.2416859 
1000.0 
-7.760348 3.7388394 4.7050934 -0.029880827 -0.008264697 3.6257598 -0.013049748 -5.4311886 -0.024668604 -0.024455722 -0.013639521 -8.621481 -0.006695938 -0.0087167015 4.395928 -6.170355 5.5913806 -6.526893 -0.014264563 3.3079054 
-4.7481604 
0.0 
