1 20 1 1 
0.13771918 -1.8095875 -0.9203394 0.38442746 0.00028621245 0.42386657 0.766482 -0.27135795 0.105782926 0.42681575 -0.13065547 0.0064243567 1.3485076 0.7380307 -0.44437805 -0.81430453 -0.8763041 -0.97336924 0.013126451 -0.10088913 
-3.0694816 
-4.2366037e-07 
1.0151676 
1.0640377 
0.0043642987 
2.1837606 
-0.27139145 
6.967056e-07 
0.07271669 
-0.11102399 
-1.0345783 
0.008103645 
0.31260738 
-0.45303103 
0.20884895 
4.1870368e-07 
-6.075102e-10 
-0.018197035 
0.0071696583 
0.5906593 
1000.0 
-9.565941 -3.42387e-07 1.0360044 -8.919357 -0.31346098 -8.681319 -3.8310971 -7.535821e-07 2.6643252 -2.963202 5.868163 -1.033734 3.2561622 -3.6879728 0.22136267 -5.8927543e-07 -5.0015486e-10 -0.029337224 -1.805848 -0.0031990677 
3.7678277 
0.0 
