1 20 1 1 
-0.57789296 -1.8539683 -1.0633808 0.0011569672 1.0047529 -0.7955241 -0.95148975 -0.73671895 -1.0031005 -0.94634557 -0.59201515 -0.15763795 -1.2283881 -1.8185896 0.43453833 0.7340266 -0.26200834 0.48535073 -0.61345035 -0.1615347 
-5.643216e-09 
-0.17160015 
-0.027111402 
-0.011807074 
0.118043125 
-0.06979587 
-2.6034687e-07 
0.59250534 
0.6336245 
-0.24685428 
-0.23699974 
-0.08644526 
-0.02729397 
-0.12750964 
0.59253323 
0.2121866 
-0.107383974 
1.0678746 
-0.13235882 
-0.0027565616 
1000.0 
-7.546297e-09 -0.0044207107 -0.011906885 -0.3971886 -2.3211591 -0.0021803773 -5.701122e-07 0.40428692 0.6786209 -0.0053449026 -0.004882193 -0.0027731066 -0.012572247 -0.0038930406 -8.676848 -1.7223982 -0.003537327 -9.681275 -0.003514856 -0.0010459224 
-0.6712733 
0.0 
