1 20 1 1 
0.36997873 0.27740338 0.11380075 -0.11019952 -0.08328579 0.10663127 0.00048129473 -0.7508853 -0.8122971 0.0011303907 -1.0627991 -0.38792026 -0.10574825 -1.655943 0.29430062 -0.60885847 -0.03384503 0.11272459 -0.08067709 0.0009951277 
2.0250192 
0.8464929 
-0.82267416 
0.21544525 
1.983118 
-0.5808794 
6.826594e-05 
1.6938537 
-0.055809975 
0.00095648144 
-0.013434199 
-0.101156995 
-0.077420235 
0.118184805 
1.0465086 
0.028846055 
7.042278e-11 
-3.2256038 
-2.1228023 
0.0008614476 
1000.0 
-6.1143255 -6.9433413 -4.572374 -0.029500017 4.7586575 -4.2824955 -0.058492962 1.9206618 -0.014955477 -0.1746579 -0.0057119275 -0.017200697 -0.01660809 -0.026878726 -5.408074 -0.02199715 -8.683977e-11 -8.201465 6.141248 -0.12605941 
0.34657723 
0.0 
