1 20 1 1 
-0.952088 0.443371 -0.06965427 -0.378779 0.16091149 0.9844712 -0.5503165 -1.5645443 1.1142569 -0.26473644 -0.71747696 0.17479052 -0.6986377 -1.4916341 0.13108248 0.18864842 -0.10870951 0.011263082 -0.68023646 -0.26911882 
-0.008383699 
2.962192 
0.1693759 
0.10147634 
0.036652625 
0.16428046 
-0.01771755 
-0.014928821 
-0.09679351 
-0.31956196 
0.0001395625 
-1.5481617 
0.2342628 
-0.12037324 
-1.8880477 
0.32543224 
0.0003246151 
0.0067319814 
0.048512835 
-0.57139176 
1000.0 
0.009287644 -9.894913 -0.018167822 -0.015530889 -1.5034792 -0.6895954 -0.005257776 -0.01075709 -0.93286026 -0.021288114 -0.00021791772 -9.28982 -0.01951588 -0.013649283 -5.2548156 -5.6400785 -0.0005522127 -2.0728502 -0.011993678 0.62927693 
0.36123252 
0.0 
