1 20 1 1 
-0.95681494 -0.38287833 -0.685623 -1.8862598 -0.73007923 -0.8337167 -0.7998938 0.3211224 -0.4582138 0.40118676 -0.27713373 -0.028431775 -0.9097324 -1.2665817 -0.22703816 -0.1642807 1.2261308 0.10151095 -0.30701867 -1.8253225 
3.7980405e-10 
0.6033958 
3.7356476e-17 
0.6247662 
0.61744297 
-1.2421207e-06 
0.5222505 
-0.117136754 
-5.199682e-11 
2.2581303 
-0.098283395 
-8.425634e-05 
-0.22703327 
0.49892822 
6.410468e-11 
-0.19737437 
0.27364275 
-3.1486776 
0.54964846 
-0.27911898 
1000.0 
-4.0045928e-10 0.54341805 -4.1135252e-17 0.57487214 0.5640492 -3.3585698e-06 0.42444927 2.5332625 -7.202191e-11 -8.146061 -0.0010242558 -4.134576e-05 -0.0021646367 0.3795801 -7.442901e-11 -0.002260042 -1.7966747 -7.1630287 0.35755995 -0.0021695173 
-1.3440801 
0.0 
