1 20 1 1 
-0.75845397 -0.53937805 -0.60236895 -0.65136206 0.0043024016 -0.96614945 -0.545831 0.34290904 -1.1050092 0.30585045 -0.03300651 0.1937509 -1.108519 0.3151738 0.86533976 0.08373928 -0.08749425 -0.71387726 -0.270159 0.13954613 
0.038831417 
-0.11780773 
-1.9397415e-13 
-6.1212754e-06 
0.02580968 
0.27243844 
0.19098228 
1.3895316 
0.21967727 
0.5357528 
-0.06440479 
0.096397504 
-0.029374128 
1.5754385 
0.16356719 
5.945569 
0.081938796 
0.2755651 
2.476775e-06 
-2.5771787 
1000.0 
-0.025253795 -0.00913115 -2.3834496e-13 -9.209572e-06 -1.3677498 0.32163173 -0.033384826 -6.8593745 -0.029185496 -6.132687 -0.0027646318 -4.8265166 -0.00013901484 -6.3047004 -1.4432003 -7.289533 -0.027748907 -0.030108161 -1.2988511e-05 -7.5291305 
-0.08842707 
0.0 
