1 20 1 1 
1.5397773 -0.7383024 0.20296173 -0.09701346 0.515082 -1.1284992 -0.24223895 0.53637534 0.3478999 -0.18262772 0.15061902 0.19463024 -0.43121502 -0.58185595 0.11614893 -0.46530816 0.10618239 -0.9097839 -0.07306194 0.35860544 
0.38835365 
-0.027654385 
0.047770943 
-1.7092801 
-0.09282475 
-8.0087985e-12 
5.4122133 
0.31657964 
0.18856625 
-0.34881598 
0.68524694 
1.293218 
0.14431207 
-2.143767 
-0.9928867 
0.40235847 
0.22394142 
-0.17885631 
-0.62890553 
-0.12473792 
1000.0 
-3.556374 -0.0037328503 -4.7552075 4.8795156 2.8417506 -1.6817289e-11 3.6767085 -3.6921265 -3.8932729 -0.01994589 -4.375518 -4.509864 -0.0021485295 2.229634 -7.954929 -0.046722073 -3.8825824 -0.018443033 4.674626 3.0035079 
-3.2111542 
0.0 
