1 20 1 1 
0.4770568 -1.2078934 -0.80336267 -1.0332389 -0.03696401 0.1455811 -0.07239677 0.50983566 0.34837553 0.6186983 0.9214862 -0.5002839 -0.8107328 0.009345475 -0.5116798 -0.9555461 -1.0283315 -0.0052579786 -0.16641419 -0.408172 
0.39221627 
-0.07423215 
-0.010392877 
0.7895507 
-0.08836459 
-2.5460992 
0.16151974 
2.127104 
1.2948983 
-1.3888377 
0.607745 
0.032092787 
-0.12695375 
0.054629445 
-0.16355926 
-0.3505695 
0.7282753 
0.0015028219 
-0.08851878 
0.10612965 
1000.0 
-2.3687193 -0.004576439 -0.008059473 0.8838126 -0.0028810822 -5.8856907 -0.027106553 -10.725396 -7.914273 -6.207461 -2.1708872 -0.021460472 -0.008302888 -2.0737126 -0.008314272 -0.00983074 0.8051434 -0.39500082 -0.005102802 -0.024934722 
-1.2826151 
0.0 
