1 20 1 1 
0.24152355 0.9435064 -1.0228453 0.006279118 -0.49010584 0.0022161745 0.52105343 -0.24608363 -0.97321314 0.38819817 -0.46782392 1.056557 -1.886719 -0.4187337 0.14631109 -1.1999015 -1.5150685 -1.2700895 -0.090557635 0.45037696 
1.0583163 
0.12200411 
1.0959666e-05 
0.013345933 
-0.01566894 
-0.0024700665 
1.4261348 
-1.0984607 
4.2348784e-08 
-0.093843855 
2.8191965e-07 
-0.18018445 
4.911132e-12 
3.866768e-09 
-2.3600786 
0.20149791 
0.04767616 
-0.2417472 
-0.22065021 
0.81577504 
1000.0 
-6.7643046 0.643433 -1.1275945e-05 0.8430403 -0.010199935 -0.4426421 -8.287132 1.0594395 -6.231584e-08 -2.0042837 -3.9988248e-07 -2.7734544 -5.3088757e-12 -4.0819472e-09 -7.051197 -0.03446046 -0.027258214 -0.013194961 4.0372267 -7.58685 
1.9432615 
0.0 
