1 20 1 1 
0.31186473 -1.2092675 -1.0098773 -0.40681443 0.38913468 0.11678904 -1.7934809 -0.85702443 -0.20400715 -0.8210703 -0.953978 0.00016293867 -0.04630326 -1.399367 0.37830555 -0.7129102 1.1799469 -1.4645395 -1.1860517 -0.0102042435 
0.17479011 
0.0010179098 
-0.007786337 
4.3500415e-07 
0.29104775 
-2.8974383 
9.426242e-08 
-0.0076895664 
2.5359251 
0.25842682 
0.32940203 
-0.005575917 
-2.507227 
-0.035543494 
1.5567297 
0.20320058 
0.40379864 
0.2979672 
-0.57260084 
-0.056196146 
1000.0 
-1.5552379 -0.0010554133 -0.008274429 -4.202097e-07 -1.9400113 -5.819816 -9.9753365e-08 -0.0051615834 5.532744 -0.029776927 -0.030565169 -0.16838746 4.8841333 -0.017108034 -7.73584 -0.02885049 -1.8898531 -0.030256515 0.5843374 -0.038798813 
-1.443429 
0.0 
