1 20 1 1 
0.872307 -0.2654498 -0.19289424 -0.33626038 0.4161095 -0.033118397 -0.16814682 -0.17444193 -1.1930565 -0.88871413 -0.49285257 -0.032623738 -3.3999007e-05 0.44017413 -0.5587531 0.37623674 -0.9551943 -0.21002674 -0.24111836 -1.1473786 
0.28859797 
-0.07311058 
-0.014749977 
0.08513501 
0.43659848 
-0.11117427 
-0.108234674 
-6.718039e-09 
0.08123153 
-0.24126482 
-0.17571531 
-0.12331897 
-0.005547167 
0.5210738 
0.94003826 
1.1759468 
0.13387527 
-0.051758256 
-0.017112453 
0.09622686 
1000.0 
-3.8721375 -0.016921775 -0.0065855575 -0.009608156 -8.935662 -0.0037738187 -0.016490301 -7.589136e-10 -0.0091657825 -0.014779741 -0.013168126 -0.02185306 -0.2684873 -9.03751 0.9574407 -7.5704417 -0.011539063 -0.01475825 -0.0039297077 -0.010746047 
-0.9033001 
0.0 
