1 20 1 1 
-0.21206076 -0.9829622 -0.08667828 -1.1821904 -0.2736049 -0.5734678 0.0039036467 -0.20338117 0.3173476 0.0012306524 -0.4132052 0.36080962 -0.4182718 -0.42950875 0.0020487427 0.16282448 -1.0749758 -0.035574645 0.61637557 -1.4629724 
-0.56107426 
0.051477525 
-0.018818025 
0.09877034 
-0.09413214 
-0.7856981 
0.003767576 
0.098465785 
1.141787 
0.0010674722 
-0.04833424 
2.3109252 
-0.32622188 
-0.38644812 
0.0045437724 
-2.4355388 
0.1026755 
0.13598725 
0.11459478 
-0.22167066 
1000.0 
0.51979804 -0.0017330815 -0.0022128487 -0.0028008253 -0.0017552278 0.78779066 -0.7915214 -0.0036793079 -7.5875177 -0.18536094 -0.001173594 -7.6854634 -0.004964962 0.48206428 -0.37901956 -8.3704605 -0.0006574941 -0.001532305 0.018728325 -0.003054199 
1.0904835 
0.0 
