1 20 1 1 
-0.19689368 0.3502371 -0.7405163 -0.8115542 -1.2146014 -0.2777137 -0.27038032 -1.091429 -0.7128577 -0.06662083 -1.6863835 -0.29914817 -0.49045846 0.7631473 0.28720462 0.45498225 -0.30666816 0.42458767 -0.28583646 0.12978174 
-3.5932546e-06 
0.60036445 
-0.026451195 
0.115701266 
0.041146774 
0.7246496 
-0.02592541 
0.24428205 
-0.05327789 
-0.8961923 
-1.9064882e-07 
1.0151051 
2.1489822e-10 
0.25618288 
0.5644077 
1.652375 
-6.2227654e-12 
-0.28629667 
-0.15623781 
-4.5756307 
1000.0 
-2.3203113e-06 -8.546577 -0.006370178 -0.021856986 -0.016080054 0.7931239 -0.0045843567 -0.023063906 -0.012478813 4.875644 -1.9261006e-07 0.87340856 -2.2387156e-10 1.5740883 -7.300486 -9.123497 -6.904075e-12 -4.312867 -0.019446824 -10.247983 
2.523432 
0.0 
