1 20 1 1 
-0.104104586 0.007782959 -1.1179113 0.07646244 0.008969498 -0.35704184 0.45401445 -0.6645359 -0.09628879 0.27713746 -0.49193794 -1.1508548 0.5940418 -0.4759398 0.012869067 0.40360752 0.18097901 -0.23620057 -1.170061 -0.930387 
-0.15461396 
-0.007257445 
-0.5555036 
0.019362343 
-0.0066014025 
2.6847422e-10 
0.7583874 
-0.047213487 
-0.041205555 
0.9095792 
0.119561814 
-1.2213044 
1.371034 
6.152968e-11 
-0.008434548 
-0.14916287 
-1.7821082 
-0.022523426 
6.6048016e-09 
0.12406125 
1000.0 
-0.016804248 -1.1038656 0.5634821 0.16190766 -1.5327513 -2.7057648e-10 -9.365233 -0.0065955655 4.142506 -8.302788 -0.031540133 1.2305661 -10.362246 -8.178251e-11 -1.9515692 -2.015173 -8.035836 -0.0068633193 -1.8412525e-08 -0.03171297 
2.0165143 
0.0 
