1 20 1 1 
1.1797669 -1.3862615 0.65828395 1.3409966 -0.4721114 -1.492976 1.1601726 0.48884708 -0.33484754 0.11448134 -0.16807465 0.18189219 -0.21156636 -1.0871652 0.37307867 0.028156219 -0.93668365 1.2428966 -0.03541412 0.49890846 
-0.1807404 
-0.09226337 
-0.25131693 
0.38122505 
-0.025479315 
0.1423003 
0.21188498 
0.3064022 
-0.022284318 
-0.17735349 
5.6927333 
1.1359056 
0.01207267 
0.025214972 
0.21346354 
-0.23703884 
-2.3756483 
0.23476936 
-1.3481048 
0.07984096 
1000.0 
2.9535296 -0.022980686 3.1199412 -3.4313018 -0.013434682 -0.023545697 -3.6886594 -2.4351866 -0.00819783 3.2799492 3.4361143 -4.441458 -0.013195799 -0.015663033 -1.8589308 3.4996293 2.7105987 -3.6290784 5.358039 -2.4890301 
-3.142148 
0.0 
