1 20 1 1 
-0.060008466 0.06642324 -0.09538073 -0.07127075 0.011392537 -0.48340312 0.06722685 -0.11605779 -0.08048108 -0.34685275 0.7274487 -0.16296767 -0.4444565 1.347175 -0.79495525 0.56433463 0.0050609647 -0.30669427 0.106810935 -1.2481164 
-3.7247453 
0.58153105 
-2.271645 
0.09358764 
0.007659542 
0.92724234 
-0.014941541 
-0.00026523758 
2.8068157e-09 
-0.09345551 
0.1919696 
5.875463 
0.97396326 
0.31548586 
-0.27372557 
0.47118515 
-0.026507827 
-0.75660974 
-0.80106103 
0.14458749 
1000.0 
5.0524106 -3.3861399 3.7355344 1.3306383 -1.459901 0.9579262 -2.731042 -0.00046079454 -2.24211e-07 -0.032535706 1.3584315 4.035215 0.989568 1.649397 -0.037679728 1.858211 -0.6049474 2.9244394 -4.210908 -0.03777361 
2.1348374 
0.0 
