1 20 1 1 
-1.9989489 -1.9326284 0.002372341 0.8736828 -0.27350152 0.001962964 -0.83741623 -1.1288832 -0.4497901 0.3286687 -0.89557093 -0.29349875 -0.5553208 -0.4874372 -1.9215032 0.04268376 0.0025884628 0.037831966 -0.885358 -1.3900182 
-0.14944701 
-0.3093454 
-0.006051059 
0.13740897 
0.295514 
-0.00043488576 
0.39917725 
-0.3775249 
-0.2309106 
2.9893072 
-0.05952523 
0.43479824 
-1.1077927 
0.18069911 
0.2600288 
-11.459136 
-0.0032560308 
-9.648162 
0.33589363 
2.0770221e-07 
1000.0 
-0.0017146494 -0.0031946732 -0.40420026 0.32793713 -0.008122534 -0.20719162 -0.0037940715 -0.002240447 -0.0026631197 -6.3223615 -0.0010729972 -0.008489767 1.1145471 -0.01260365 -0.0062974384 -6.376661 -0.6243093 -7.7568607 -0.0032887212 -6.3611844e-07 
1.191742 
0.0 
