1 20 1 1 
0.65042174 -1.1594578 -0.113724835 -0.2555124 -0.9855214 -0.03506617 -0.07445675 0.33695853 -0.1897892 -1.3102667 -1.2508346 -0.4695102 -1.2065836 0.61779875 -0.9528405 -0.6065814 0.76891834 -0.4481777 0.5454224 -1.5007071 
0.48540822 
2.836368e-10 
0.35232043 
5.1272893 
6.08968e-07 
9.401636e-07 
-2.763833 
0.24991737 
0.1197353 
-4.0525228e-07 
-1.9139076 
-0.13489257 
-0.027070165 
0.16612005 
-0.008250176 
0.08569539 
0.23684323 
-1.9258472 
0.40484515 
-0.27229723 
1000.0 
-2.0441685 -5.454695e-10 -0.025415326 4.2366114 -1.1185434e-06 -4.929453e-07 4.607962 -2.879796 -0.004832322 -3.3574847e-07 1.930538 -0.03509934 -0.01894093 -2.6099358 -0.011066712 -0.002378956 -2.714026 1.9442749 -2.198275 -0.04510046 
-1.5103648 
0.0 
