1 20 1 1 
0.8995547 -0.19301319 0.71054584 -0.102466464 0.21476041 0.16131175 -0.41852415 -0.20897788 0.51343817 -0.24746488 -0.29187188 -1.734365 0.36115274 -0.0961091 -0.32538402 0.19787437 0.24677968 0.3884294 -0.67497945 -0.5345118 
-0.3559508 
0.22483636 
0.44141844 
-3.9178903 
0.3816748 
-0.2268164 
-0.08917632 
-0.056323737 
0.501508 
5.0320706 
-0.13337949 
-1.0272449 
1.6374035 
-0.033613253 
-1.0370048 
-0.22593479 
0.15909345 
-0.20790645 
-0.15809433 
-0.15054853 
1000.0 
-5.3337884 -0.011429064 5.2431574 6.8710136 -3.8890965 -2.6109254 -0.022731213 -0.020559406 5.315027 3.7843413 -0.026474092 1.1667954 -4.5922885 -0.017205378 1.1718506 -2.8344843 -4.93095 -3.972603 -0.027910514 -0.027507763 
5.293931 
0.0 
