1 20 1 1 
-1.8137064 -0.033066813 -0.07318501 0.33457208 0.7077011 -1.0265112 1.4455786 0.9731458 -0.067287296 0.119789384 -1.1070795 -0.451506 -0.1544667 -1.057066 -1.0974436 -0.055585075 -1.4026792 -0.5872013 0.21436526 -0.052762337 
0.17627804 
5.6684075e-06 
2.9503229 
0.3694254 
0.241914 
-0.032176297 
0.21761602 
0.28714576 
-1.8358774 
0.022990268 
-0.09645442 
-2.1034114 
5.546982 
-0.06299164 
-0.024293678 
-0.17333898 
-0.100802556 
1.8333589 
0.61495787 
-2.6210575 
1000.0 
-0.02540797 -8.773646e-06 5.105249 -3.319058 -4.091794 -0.025109032 -4.2693353 -3.9600258 5.7303452 -2.395686 -0.02801801 4.3768263 2.9561718 -0.026581697 -0.015275544 2.5079033 -0.0292054 2.0368078 -4.2559967 4.5160766 
-3.2258956 
0.0 
