1 20 1 1 
0.074867725 0.0007285177 0.0012498257 -1.6004239 -0.5088076 -0.6548126 0.012699956 0.8143699 0.5898729 -0.15253767 0.015209954 0.006555619 0.14746894 0.0017754196 0.383959 -0.031578735 -1.2631241 0.39328727 -0.27640924 0.025292862 
0.8376549 
0.0009930863 
0.0020993594 
-0.15903027 
-0.29318205 
-0.05951647 
0.01657146 
-0.23646563 
0.10756795 
-0.096551515 
0.0029799053 
0.0010633556 
-1.2360806 
0.0007014344 
1.6656876 
-0.023052927 
0.05544096 
1.7648901 
0.24269885 
0.030159492 
1000.0 
-5.1427846 -0.28813076 -0.3882558 -0.03986134 -0.04277461 -0.025542757 -3.3100796 -3.081015 -0.2879356 -0.035838775 -1.731735 -1.151901 -6.8215322 -0.30749553 -6.4947357 1.3046848 -0.00893704 -6.6063046 -0.014926779 -3.1526904 
0.047496244 
0.0 
