1 20 1 1 
0.5309634 -0.036670476 0.7689849 0.012661036 -0.09425362 -0.23268205 0.24359733 -0.9356912 -0.059491165 -0.09784819 -0.86676943 -0.22168677 1.3342851 0.24084875 -0.021370847 -0.24465011 -0.60177064 -0.48470515 0.40071237 -0.42528874 
0.3378694 
-0.7387402 
0.3429571 
-0.31410414 
0.35925627 
-0.03683606 
0.12565137 
0.5346048 
-0.09027221 
-4.0718892e-10 
-0.029748706 
5.2673407 
0.31653827 
0.13923232 
-0.52621496 
-0.12221253 
-1.6931154 
0.31659967 
0.27478892 
-2.668465 
1000.0 
-4.3504276 4.9838743 -4.2740307 4.8012185 -0.045156665 -0.0019655474 -4.8447375 -0.038743448 -0.0024529165 -4.226205e-10 -0.00031172513 3.8357022 -4.2362514 -4.786684 6.0435157 -0.0027778274 2.114867 -0.04522633 -4.521245 1.6681535 
-3.7940938 
0.0 
