1 20 1 1 
0.30467856 -1.2218747 0.12262705 -0.08553306 -0.72806144 0.41740027 -0.6967358 -0.42579234 0.36059117 0.13527189 -0.003453469 0.52816176 -0.9293031 -1.8527833 0.40607682 -0.5081563 -0.3679866 -0.28062943 -0.9578703 -1.0913845 
0.63920844 
-4.1071567e-14 
0.8588081 
-2.5823488 
0.16929604 
1.86616 
-1.5286636 
-0.98872495 
-0.1644482 
-0.2337044 
-0.008804016 
-0.2638226 
0.07014402 
-1.0574509 
0.30630803 
-0.009933691 
0.006932988 
2.9600456 
-1.3132168 
-0.10699256 
1000.0 
-3.9410198 -6.692792e-14 -6.1467023 6.0934043 -0.017692031 -4.8971076 1.5331391 1.1264507 -4.1185637 -5.3639717 -0.3153982 -6.2835965 -0.0152868135 1.2016647 3.030706 -0.013822467 -0.0019512817 5.9423733 1.3414485 -0.015353327 
3.7053378 
0.0 
