1 20 1 1 
0.008644936 0.004182793 0.6316174 -0.09141271 -1.1505619 -0.75036633 -0.12620093 0.0032368838 1.0063229 -0.53035325 1.0403049 -1.464411 -0.36985078 0.18930867 0.44922602 -0.0037296726 0.04437591 0.7908478 -0.47128975 1.3610622 
-0.008161095 
-0.010301766 
3.0019147 
-0.43878183 
-1.104166 
2.9893888e-05 
0.7738866 
-0.0033173026 
-0.4692349 
0.03459678 
-0.2020592 
0.08071515 
-0.93162954 
-2.4557834 
0.07614737 
-0.004465815 
0.0099729495 
-0.06399026 
0.067373715 
0.23388515 
1000.0 
-0.9756006 -0.85268086 -11.003344 1.2789327 1.230142 -4.6904068e-05 3.791521 -0.8139749 0.07251531 -0.002386623 -0.09901287 -0.0042955223 1.0208875 -7.6247287 -0.896829 -1.5604459 -1.0683308 -0.47770056 -0.0030875017 -0.47424066 
-0.010377713 
0.0 
