1 20 1 1 
-0.12017038 0.81155044 0.1028442 -0.28327063 -0.05842118 -0.077054255 0.09444205 -0.214755 0.017429864 0.020497495 -0.65185773 -1.7005506 -0.26886597 0.8654868 0.8272547 -1.5949581 -1.1842766 0.60125923 -0.9779988 0.18130976 
-1.7915344 
0.24036089 
-0.29429427 
-0.63686657 
-2.4657147 
-0.12077567 
-0.140246 
6.4000797 
0.100115314 
0.039800975 
-0.025622755 
8.942656e-11 
-0.68297184 
0.20927136 
0.5059662 
0.08720863 
-0.10082298 
0.17285636 
1.9245085e-06 
0.10795791 
1000.0 
6.8343215 -0.6550011 -4.1362624 2.7110856 5.2639127 -0.032669555 -3.8031137 4.433246 -2.5365481 -2.9266963 -0.026746472 -9.2396014e-11 2.6158934 -0.98017067 0.010378526 -0.026759109 -0.035423566 -1.0442989 -2.0011487e-06 -0.538396 
0.38267 
0.0 
