1 20 1 1 
-0.9955338 0.11682397 -1.1311994 0.40051508 -1.4857299 -0.070350274 0.5894773 -0.9855469 -0.108992316 -0.5766197 0.16881014 0.010409716 -0.55995625 0.4043204 -1.8918611 -1.7569901 -1.8165634 -0.7038205 0.00057409203 0.014246068 
0.5267607 
-0.71024764 
-0.3068679 
2.2137597 
0.00921058 
-0.29956403 
-0.07432518 
0.68189317 
-0.007667709 
-0.20948133 
-0.07560051 
0.025593137 
-0.13925238 
0.949631 
0.007281268 
-6.266608e-10 
-2.3471707e-09 
-9.62967e-07 
0.014384276 
0.015611179 
1000.0 
0.48531908 -4.6159964 -0.011940413 -7.877669 -0.014552205 2.6175952 -1.3144497 0.6129816 -0.00069387653 -0.00997215 -0.5932444 -1.8228228 -0.006298429 -8.067922 -0.019369768 -8.148631e-10 -1.3078193e-09 -8.094311e-07 -0.4959215 -1.0482012 
0.10817244 
0.0 
