1 20 1 1 
0.4681836 0.0039808 -0.28475824 0.18173105 0.54593194 -0.106400065 0.0038787676 0.00063687144 -0.4485395 -0.021302301 -0.7638885 -0.859439 0.08441332 0.12801166 -0.13847941 -1.9868853 0.2547088 -1.7198488 -0.26882106 0.24398412 
-0.12392404 
0.0024824427 
-0.09865053 
1.0837158 
0.29641676 
-4.163801 
0.003125166 
0.001365093 
-1.1364035e-07 
2.7343075 
-0.1545783 
0.46215215 
0.15357168 
2.234189 
1.4281416 
0.8403105 
1.7522094 
-0.35524237 
-0.113328 
0.06855516 
1000.0 
-2.3393693 -0.51741624 -0.020941937 -4.228671 3.1877806 6.3512096 -0.45689964 -0.09452542 -8.373434e-08 5.319953 -0.023024315 0.42540208 3.0566106 -6.3795342 3.9817798 0.8747441 -5.588062 -0.03074567 -0.020715246 2.249989 
3.6855013 
0.0 
