1 20 1 1 
0.32685825 -1.1687638 -0.31418756 -0.2967986 0.23268594 -0.10729577 -0.054460645 0.33411407 -0.67944723 0.06591675 -0.1682682 -0.3024853 -1.1740692 -0.7426598 0.6162297 -0.09904161 0.15957724 -0.9047182 0.37374264 0.9865203 
-0.26222342 
0.055941228 
-0.009813424 
-0.022711402 
-0.18342116 
-3.110531 
1.7976732 
-0.6223231 
0.5905811 
0.15590434 
-0.19202991 
0.061933145 
-0.17464556 
-0.024743356 
-0.64583546 
0.453718 
0.4314641 
0.06567389 
3.2230213 
0.43824995 
1000.0 
-3.2700126 -0.021600263 -0.0025970775 -0.020682732 -2.329546 5.267971 4.5977116 -3.3417904 0.6297051 3.6364927 -0.02076625 -0.020751754 -0.02417266 -0.02308477 -6.1633244 2.9246817 -4.8224325 -0.021160888 -7.9466286 3.8116345 
4.234423 
0.0 
