1 20 1 1 
0.47809023 0.50190115 -1.5562238 0.07226596 -0.3487554 -0.5085789 -0.6060506 -0.20603885 0.43495145 -0.11769047 0.32558796 0.49542284 0.3277765 0.39468777 -0.28698927 0.002351193 0.5756538 -0.7482481 -0.27782413 -1.4074516 
0.27947193 
0.38040492 
1.4265171 
0.73674566 
0.19889338 
-0.22810574 
0.8378041 
0.3388837 
1.8650916 
-1.4048254 
0.47305483 
-0.7250933 
0.21857603 
0.8659467 
-0.0067893104 
0.0015809415 
-0.564847 
-1.1309158e-16 
0.031258434 
-0.03947608 
1000.0 
0.9429109 1.3658764 1.672467 -4.2883162 -0.03357207 -0.017016504 0.9633633 -0.035011575 -8.727992 4.610549 -7.4279165 -4.9542947 0.84194565 -7.9305367 -0.004415514 -0.4071914 -5.7571545 -1.3468609e-16 -0.024663579 -0.003968828 
2.3487313 
0.0 
