1 20 1 1 
0.18243283 -0.09280406 -0.82702416 0.18770169 0.0025528783 -1.8466686 1.5007088e-06 -0.933558 -0.8114334 0.14184916 0.31961024 -1.8279061 -0.6425128 0.42284295 -0.73819506 0.12295794 -0.005583806 0.29413414 -1.961131 -0.7183249 
0.022758853 
0.5622825 
-0.01792261 
1.0268664 
0.0021936456 
0.24433807 
0.00019394264 
0.6400919 
-0.19099063 
-1.3112366 
1.1387793 
-0.3614336 
-0.070056655 
1.7971113 
-0.09283194 
-0.9075592 
-0.01523501 
-0.08871435 
0.3528249 
0.0020835719 
1000.0 
-0.018231347 2.7467575 -0.0013050187 -5.6110606 -0.46892232 -0.0077909534 -0.010935756 -0.009485383 -0.014884917 -5.7066336 -5.4947267 -0.01766809 -0.0066599813 -6.867947 -0.009958798 -4.946446 1.1083477 -1.5349466 -0.0037844577 -0.026585566 
-1.4593682 
0.0 
