1 20 1 1 
-0.4451255 -0.70701694 0.5724281 -0.84977615 0.16584039 0.34872228 -0.97980964 0.31190425 -0.8162211 0.0011314213 -1.4181752 -0.34720418 -0.1275788 0.3079849 -0.22103582 -0.54182965 0.3302905 0.3746722 0.12983854 0.08998844 
-0.08530447 
-0.10063579 
-0.24972807 
-0.3639668 
0.14532849 
0.6060327 
-0.03235783 
0.97232574 
-0.839757 
0.0032895778 
1.4962227e-08 
-0.1277986 
-0.23645097 
0.459352 
-0.0763781 
-0.10871042 
0.55627644 
1.3982644 
-3.024441 
4.629132 
1000.0 
-0.0071306215 -0.008250166 -2.8578017 0.43154764 -5.003723 -7.154728 -0.011871922 -5.5380654 0.8800703 -0.31068784 -4.1483727e-08 -0.010389944 -0.010829129 -6.848896 -0.0055780183 -0.00754593 -6.9239717 -6.053794 -6.960722 -6.3873525 
0.89501005 
0.0 
