1 20 1 1 
0.121116996 0.012256681 0.2658567 0.29574063 0.47214302 0.0022820123 -0.005192053 -0.3422761 0.24493322 -0.47316056 -1.4451513 -0.36637515 0.25515622 0.6036223 0.31460473 0.28917167 0.0049660485 1.114108 0.001948516 -0.8315652 
-4.453848 
-0.0024287933 
0.58774644 
0.591284 
-0.64560175 
-0.0017962042 
-0.012758016 
0.7772399 
0.4224524 
-0.40096858 
0.072281584 
0.08642487 
1.0741929 
0.14825967 
0.936553 
0.33185542 
-0.00018101845 
0.28756002 
-0.00088928774 
0.1395178 
1000.0 
-8.233058 -1.362708 -5.324239 -5.9225883 -4.728702 -0.39680165 -0.6403721 0.8211106 -4.9110155 -0.013547252 -0.037201457 -0.03128437 -5.106331 -2.5493116 -6.2949905 -5.943015 -0.5339809 -1.6552826 -0.22931273 -0.03268203 
-0.6381698 
0.0 
