1 20 1 1 
0.40205804 -0.4638001 0.123339795 -0.12195837 0.77396816 0.29535455 0.33619884 -1.6138146 -1.4317065 -0.85046214 -1.8168079 0.21383262 -0.89706826 -0.6738962 0.00073271827 -1.6163468 -0.77506083 0.13967434 -1.5827235 -0.2312873 
2.0190961 
-0.00013154611 
0.07179434 
0.20622349 
0.15396364 
1.1694323 
-0.20612383 
-0.05417213 
-0.3788325 
6.23036e-13 
-0.16557866 
0.6888453 
0.5943215 
0.704426 
-0.0067478414 
-6.418567e-10 
0.24752598 
-3.4489617 
-0.28852272 
-0.5170798 
1000.0 
-8.550092 -7.191724e-05 -0.8261778 2.4076493 -0.8588913 -6.9953914 0.17014916 -0.0015840504 -0.006476093 -6.3577957e-13 -0.0045700762 -6.1546755 0.5496158 0.6698646 -1.1921636 -1.981224e-09 0.2379512 -8.832047 -0.005181125 2.2675252 
-0.14606293 
0.0 
