1 20 1 1 
-1.4676483 -0.88338584 -0.74099964 -0.19068171 0.34405103 -0.14265689 -0.12327184 0.75907826 -0.0006048717 -0.11544807 0.010990846 0.044228364 -0.68790126 -0.3235561 -1.7815671 -0.052383125 -1.2233392 -0.17792538 0.5552824 0.58332556 
0.22102177 
-1.8138704 
-1.7831632 
-2.0032952 
1.5770978 
0.03408701 
8.334809 
0.27336776 
0.0004364341 
-1.0646552 
0.03378599 
-0.41088253 
-1.7661902 
-1.7900913 
0.3157888 
1.5510958 
-2.0583317 
-6.018864 
0.10152344 
0.30677676 
1000.0 
-0.027815426 1.7315575 1.7885153 1.6219989 -7.4485593 -0.025445135 7.754335 -1.6890477 -0.11820487 0.5944954 -1.3998013 6.4922724 1.870081 1.7715813 -0.028813725 3.2276046 1.608612 7.4348707 -1.0655386 -5.801371 
-2.2207909 
0.0 
