1 20 1 1 
-0.18506645 0.3545635 1.1024222 0.12753011 0.13192372 0.17114024 -1.9778072 1.151109 -0.33475628 0.3768784 0.3369493 -0.39954242 0.1996028 1.2080743 -0.9065361 -0.84269726 0.135018 0.089816615 -0.21979547 0.3961092 
-0.9127843 
-1.3327606 
0.47685587 
-0.85625577 
-1.1315876 
-2.5209286 
-0.69700444 
0.2159735 
-1.0027695 
-1.7245499 
0.25377387 
-1.9632059 
5.86273 
0.33161554 
0.17726491 
-0.92289376 
-1.0401416 
-0.11123881 
-0.0068942737 
0.25407472 
1000.0 
0.9722181 -7.0576806 2.6012821 -5.098965 -5.273268 -6.8361025 0.8161905 4.394754 1.0647794 -7.4908543 3.9978695 1.9673665 -9.945155 3.0202043 -0.031108884 1.0015832 -5.39758 -3.5836937 -0.020330207 3.9396958 
2.1140296 
0.0 
