1 20 1 1 
-0.14531161 -1.3360081 0.4800077 0.74410975 0.49012375 -0.83563083 -1.1319118 1.3398378 0.5129366 -0.5545526 -0.15283856 -0.5935951 -0.90207785 0.45190585 -0.24697722 -1.308827 -1.8034467 0.19313839 0.79586715 0.013513567 
0.14595315 
-0.3324575 
-2.3795726 
0.18272407 
0.26987782 
6.960318e-08 
1.59408e-10 
0.45350686 
0.36291853 
0.2030216 
0.2422033 
2.2798638e-11 
8.587871e-12 
0.29921198 
1.5230282e-10 
9.124637e-12 
-2.8787842e-10 
-1.0600164 
0.6158545 
-0.008376626 
1000.0 
-0.025992617 0.4413693 -9.598602 0.66239077 -4.901597 -8.013096e-08 -3.5834766e-10 -0.07402415 0.2610889 -0.027644847 -0.028402178 -2.8687087e-11 -1.1827918e-11 -4.5169353 -2.045267e-10 -8.7837685e-13 -5.8336574e-10 -7.74148 0.034584843 -1.4076594 
-0.08644388 
0.0 
