1 20 1 1 
0.27608448 -0.22311497 0.2967886 0.3485452 -0.8082059 -1.2756625 -0.02374836 -0.05712551 -0.7414368 -0.2877431 -0.6287186 0.5752804 -1.1777327 0.013194089 0.21300171 -0.049748186 0.065883994 -0.034769237 -0.36358044 -0.05445034 
0.9343031 
-4.3904057 
-0.18743052 
-0.34492508 
-0.8408415 
-0.6855197 
0.3532116 
3.8628328 
0.14894304 
-0.73601216 
-2.1250226 
0.07082476 
-0.89564735 
0.2310912 
0.3992301 
0.88961273 
0.18041639 
0.4801168 
-2.1843367 
1.2322036 
1000.0 
-5.5569434 10.357707 -2.929952 -3.4408178 0.88010114 0.6835687 5.55212 7.912053 -0.0294715 0.7432324 2.1625812 3.6993303 0.9606655 4.991466 4.5928597 5.7018514 4.7436266 5.4926176 2.2079613 6.85801 
4.536222 
0.0 
