1 20 1 1 
0.2620762 -0.48731118 -0.024689399 0.12761123 0.9636931 -0.7601315 1.0700929 -1.6818185 0.17999592 -0.15560505 0.7044612 -0.3225752 0.26636156 -0.18830253 -0.8307578 0.11734018 -0.082467936 0.29142466 -1.0914783 0.011549556 
-2.9416366 
-1.3642623 
-0.0013508016 
22.2153 
0.3307895 
-1.465161 
0.336202 
-1.0889975 
-0.71648085 
-1.1057239 
0.48106802 
0.06004779 
0.20794213 
0.009067756 
0.007823316 
0.25008067 
1.596214 
0.24660556 
-1.1166209 
-6.262452e-07 
1000.0 
-9.150877 1.4396132 -1.157541 -11.561545 -2.35122 1.5255034 -2.374507 1.0113506 -7.136956 0.9736394 -1.9805672 -0.023902744 -2.1672993 -0.017066754 -0.016427003 -2.3083556 5.9369526 -2.0498838 1.2571512 -1.1550094 
-1.7079052 
0.0 
