1 20 1 1 
0.3442459 0.6246927 1.4681091 0.16128609 -0.8778997 0.43519047 -0.2993853 -0.13502793 0.18268123 0.16290744 -0.6220928 1.244503 0.042304534 -0.21249133 -1.1770242 -1.3036342 -0.25703493 -0.47259557 -0.45141828 -0.015491804 
-0.25509068 
-0.18797167 
0.35405585 
-0.5991577 
1.1893077 
-0.07443567 
-0.1159137 
-5.2570796 
-2.0480857 
-0.4228291 
-2.878096e-10 
0.30826467 
0.6878121 
-0.38415107 
-0.29202455 
1.126561 
1.6858349 
1.136309 
1.3651419 
0.19513386 
1000.0 
-3.4469128 -5.1595807 4.430357 -6.4272137 1.4038811 -4.3621855 -0.04191883 4.142124 -7.275901 -6.5011454 -3.0169203e-10 4.4303765 6.426045 -0.05135681 -0.062531255 1.3492615 1.794928 1.3665693 1.5506067 -0.0062168958 
4.592688 
0.0 
