1 20 1 1 
-0.08627886 0.48815846 -1.2330275 -0.3371167 -0.4402503 0.8645318 -0.929593 0.2214215 0.5703196 -0.9911511 -1.0238584 1.2414212 0.282242 -1.1003889 -1.5228149 1.51862 -1.140265 -0.35095394 0.8583423 -0.09330252 
6.2311544 
-0.24521112 
-0.9241551 
-0.8663421 
-0.8658254 
-0.3410596 
-0.91146636 
0.7952837 
0.14024173 
-0.8626618 
-0.739241 
0.21417055 
-2.104 
-0.93809724 
-0.9643625 
0.27039346 
-0.86651057 
0.1336588 
0.38704547 
-6.7115006 
1000.0 
7.814076 -4.8801622 1.068571 0.8906765 0.97159386 -4.687908 0.8361435 -4.4272294 3.5469215 0.93607676 0.81818944 3.7774577 -9.116074 0.82706785 0.82217425 3.8787627 0.89004976 -0.014855467 4.0664287 7.42398 
4.311498 
0.0 
