1 20 1 1 
-1.0580119 0.9447456 -0.6294669 -0.7285203 0.9893337 -0.574671 -1.1417401 -0.4213365 -0.6639003 1.5838095 -1.9767585 -0.028147632 -1.0850987 -1.3508967 0.14860095 -0.2944274 -0.12873842 -0.23071629 -0.07045084 0.50117904 
-0.57776856 
0.519511 
-0.25631908 
-0.41395816 
0.10766602 
1.5288731 
-0.3752449 
0.1157688 
-0.21063599 
0.7361906 
-0.16150247 
2.2559527e-07 
-4.5929735e-08 
1.5479745 
0.00061704544 
1.5830777 
-3.0468197 
-0.30102783 
4.730951 
-3.1272116 
1000.0 
-0.005810361 3.0137424 -0.004562735 -0.0019619428 -1.8504484 1.7359107 -0.0136690345 -0.0018152787 -0.0073909406 2.5541394 -0.0077956584 -3.5492786e-07 -4.8919475e-08 1.7302654 -4.5813475 1.6819973 9.552048 -0.0020409785 3.230489 -12.199235 
2.4311311 
0.0 
