1 20 1 1 
-1.1458437 -1.8881059 0.16686381 0.17240469 0.95707387 -0.16930856 -0.98652136 -1.4272987 -1.3934344 0.40476802 1.0479292 -0.63060075 -0.4937149 -0.0013819663 -1.669872 -0.6939406 0.15336096 0.19278419 -0.71103346 -0.15663925 
-1.1203353 
-1.1162305 
-0.2600694 
-1.3014038 
0.3042595 
6.938343e-08 
0.25699016 
-1.2546704 
-1.0658492 
0.4404992 
0.33806288 
-1.0642762 
0.15396863 
-0.0029942787 
-1.1705519 
0.19646601 
-0.043548416 
-2.0245564 
-1.0642146 
-1.255197 
1000.0 
1.0457737 1.3393072 -3.308036 -8.919491 5.9221168 -4.54258e-08 -0.010401835 0.98937696 1.1386353 6.9360776 5.3273096 1.146828 -0.008743258 -0.5578392 1.0158451 -0.010137495 -3.0564408 -9.75702 1.147148 0.98926246 
3.3405187 
0.0 
