1 20 1 1 
-0.07087939 -0.26272318 0.3768724 0.90787137 1.2721336 0.026943611 -0.054287523 0.26913345 -0.05570884 0.15519111 -0.44784716 -0.47795296 -0.045965284 -0.1488095 -0.09254165 0.7204227 -0.62109274 0.15783072 -0.844186 -1.0238665 
0.14652374 
0.20532145 
0.012328674 
0.22746256 
0.252304 
0.19771905 
-1.0585663 
-1.2290963 
-0.8548027 
-0.4571753 
-1.9858279 
-2.0043108 
-0.35254 
0.060804717 
3.5099373 
0.3527499 
-1.8467143 
0.14018604 
-1.9634323 
-2.1326396 
1000.0 
-0.026509663 -0.028412417 -4.807861 2.724805 2.7231328 6.0891366 5.753356 -8.101776 5.696944 -4.688463 1.5779892 2.1453893 4.9320626 -0.024107086 6.9563727 3.1414337 2.0322397 3.4103208 1.6005579 2.2345285 
3.4730475 
0.0 
