1 20 1 1 
0.49909696 -0.14720094 -1.139455 -1.2671394 -0.78374237 -0.9458603 1.6902186 -0.30550802 -0.2538545 0.20104389 -0.43815616 0.2129836 0.8747247 0.22241238 0.13149875 0.47638908 0.40443256 -0.50837266 -0.15001813 -0.38628906 
0.06852765 
-1.0156541 
-0.7440288 
9.5093163e-14 
0.24786934 
-0.85019827 
0.21978173 
-1.0019269 
-0.9559948 
-1.5572958 
-0.90127283 
-0.6287328 
0.3219505 
-0.6364431 
-0.030908791 
0.16925533 
0.39511317 
0.033641476 
0.007347879 
-0.773268 
1000.0 
2.4432368 1.0983145 0.84152013 -9.5719365e-14 -0.027545113 0.67099434 2.4390235 1.0704179 1.0470392 -6.028678 0.99892795 -6.3928623 2.664117 -6.677962 -2.6106758 2.8349843 2.872447 -0.02028811 -0.014274361 0.69364154 
2.7142618 
0.0 
