1 20 1 1 
1.0105982 -0.6943285 0.93127346 0.17635892 -0.18299012 -0.34503245 -0.5137658 0.002725902 -0.19140626 0.37853816 0.6441933 -1.1185898 -0.77264315 -0.0039265095 0.37819043 -0.26449734 -0.29305142 0.23275004 -0.15983339 -0.124967754 
0.27249172 
-1.007034 
0.28267086 
0.38227835 
-1.0380883 
-1.1083735 
-1.0222738 
-1.2826118 
-1.6961389 
0.5664742 
0.21189657 
-1.2349037 
-1.0695046 
0.026475888 
1.0100783 
-1.0655501 
0.2464362 
-3.333356 
-1.0411403 
3.2042587 
1000.0 
-1.6676885 0.92495495 -1.6949385 -3.529051 1.1130371 0.82864285 0.877795 5.671079 5.600063 -5.4112163 -1.5286572 1.433085 1.2149818 -1.7081988 -5.1538444 1.2033386 -0.030255916 -8.678173 1.1238725 8.866191 
-2.200799 
0.0 
