1 20 1 1 
-0.24266562 0.045924116 -0.017298969 -0.024359368 -1.2836074 -0.8288334 -0.9728176 0.9980185 -0.15240993 -1.1023812 1.0439447 -0.53992814 0.3188187 -0.3920658 -0.011481335 -0.20273611 -1.7553446 0.21038105 0.1939261 1.0108392 
-1.2272241 
0.1670421 
0.22814827 
0.18509084 
-1.0540327 
-1.2366638 
-0.00074699987 
0.33972833 
-1.2536885 
0.10163626 
0.14501832 
-1.252965 
0.2933029 
-0.39453924 
0.365934 
-1.2262661 
-1.2222668 
-1.7665542 
-0.17457804 
0.2828931 
1000.0 
1.1887014 3.380456 4.4217615 4.3602986 1.1173602 1.1744558 -0.003102425 2.8760715 1.1544125 -0.01837791 2.0455635 1.1551337 3.0705771 0.39620635 4.1909833 1.1903061 1.1975509 -6.299485 -1.9275429 2.792459 
3.165126 
0.0 
