1 20 1 1 
0.9045918 0.7708919 0.5346441 0.08788167 -0.7294607 0.529683 -0.049372192 1.0711852 -0.74661905 -1.2478511 0.3192993 -0.35299146 0.08840278 -0.3909396 -1.4448122 -0.3289733 0.53311116 0.22664256 -0.94379777 0.045541763 
-0.33310214 
0.3205872 
0.3243368 
-0.0034391275 
0.19274691 
-0.09876888 
0.013575305 
0.3547776 
-1.5424373 
-1.4888988 
0.3399429 
-1.5264232 
0.19847244 
-1.5246371 
-1.5003313 
0.0629547 
0.3720023 
-0.76125866 
0.083783165 
0.26509464 
1000.0 
-3.2846024 3.3436797 3.3985238 -2.6441681 -0.03497281 -3.5051544 4.973521 3.3055022 1.6664704 1.3011392 3.4928248 1.5983644 4.456934 1.590358 1.2194526 -0.029713918 3.3892415 -4.520808 -0.03127154 4.4289155 
3.3252923 
0.0 
