1 20 1 1 
-0.029708927 -1.4159665 0.3167806 -0.03318438 -0.012047476 -1.3387562 0.60538733 -1.4854546 -1.3072618 0.107649945 -0.009661588 0.04926483 0.15635028 -0.56003 -0.19873223 0.7863282 0.21077453 -0.33410978 -0.78529614 1.2136942 
0.21260811 
0.17296588 
0.1204568 
3.40224e-08 
0.9123877 
-1.8293396 
0.46271473 
-1.7592313 
0.032410342 
0.23408212 
0.06259191 
0.37962824 
-0.14224343 
0.3282001 
-1.5640091 
0.2531948 
0.26247716 
-1.7657449 
-1.7558328 
-0.04404438 
1000.0 
-0.025397113 -0.024384107 3.104062 -4.063415e-08 5.1867924 2.1120558 3.1439764 1.7306098 -0.015583603 3.4766598 3.5969777 3.6338465 -3.1622686 -0.027134065 0.99818903 3.059176 3.296197 1.4817249 1.5404907 -3.6782227 
3.1854434 
0.0 
