1 20 1 1 
-0.24759656 0.5411037 1.4655747 -1.2460736 0.3675947 -0.38176182 -1.3117547 -0.032354914 -0.095492646 -0.680056 -1.7772539 -0.53762025 -0.98092043 -0.44563943 0.76429784 0.00059619895 -0.62462217 0.59292406 -1.6582488 -0.57165045 
7.3039465 
0.61228013 
0.66623425 
-1.887791e-08 
-5.486812 
-1.5418875e-11 
1.02227515e-11 
-0.15322216 
-5.6797886 
-0.3042024 
-0.26901847 
-0.35607234 
0.08200959 
-0.40201575 
0.5391946 
-0.0006241492 
-0.87617105 
0.40566292 
6.4143165e-08 
-0.79891026 
1000.0 
6.100706 1.6259938 1.4274979 -5.4091164e-08 -11.950751 -2.412199e-11 -1.4780427e-11 -0.012097275 8.474622 -0.011471857 -0.015399857 -0.012897827 -0.03238362 -0.01082094 1.6281726 -0.17905924 0.9091154 2.0645745 -2.0406869e-08 0.836813 
1.3673016 
0.0 
