1 20 1 1 
0.00043831032 -0.41741818 0.6381235 -0.035986435 0.5167919 0.271844 0.57491034 -0.68225884 -0.019814955 -0.38993135 0.21249965 0.81499285 -0.12446142 0.02971854 -0.81406313 -1.4169744 0.10083239 0.09030941 -1.4831408 0.10420108 
-0.002102551 
-1.5963253 
0.41545576 
-0.031101722 
-0.07056317 
0.3506006 
-0.06495186 
-1.6114174 
-1.0687248e-05 
-1.988133 
-3.456946 
0.48414546 
0.011641117 
0.5902575 
0.17448892 
-1.6105639 
1.9385991 
0.23950128 
0.29121268 
1.8173523 
1000.0 
-0.4799337 1.6340607 3.4606504 -0.0091830855 -3.0248961 3.809601 -3.0444608 1.7506485 -8.0280006e-05 2.1752636 -8.484106 3.339227 -0.02494674 6.697677 -0.03264593 1.7448821 -4.986745 5.066427 -0.03399962 -5.1961007 
2.9916408 
0.0 
