1 20 1 1 
-0.93916494 -1.0094551 -0.026882922 -0.3781212 -0.20861128 0.025578137 0.14993694 0.12768838 0.020217396 0.07715114 -1.5667408 -0.93678904 0.54849905 0.0042821104 0.13649014 0.38383526 0.02408478 -0.121097125 0.6194419 -0.06548274 
0.059822388 
-0.30086285 
0.26146343 
-0.636031 
-4.5729504 
0.035850514 
0.35936305 
0.14146227 
0.0057254354 
0.4512414 
0.05509291 
-0.55922717 
0.36291966 
-0.010519276 
-3.802076 
0.3504965 
0.006981475 
-0.2114134 
0.32103017 
0.0791443 
1000.0 
-0.032562576 -0.032932453 7.54613 -0.02217846 4.0361276 -3.5560338 7.024273 5.653568 -2.7410383 7.774618 -0.032245222 -0.025072645 4.6368546 -2.42126 -7.070446 4.8714404 -3.3406405 -0.0085841045 4.5966334 6.832712 
4.3527265 
0.0 
