1 20 1 1 
-1.0085675 0.0024691725 0.17553647 -0.18483672 0.12069492 -0.59576637 0.32746154 0.5647663 -0.8667416 0.15934649 -0.3820384 0.2502878 0.34683734 0.7715075 -0.10254571 1.4424714 -0.52400506 -0.38678035 -0.03370742 -1.2162945 
-0.002528938 
0.011267159 
1.4778177 
-10.0785 
0.4742816 
-0.002976606 
0.39532217 
-0.5860738 
-1.4436177e-14 
1.0902011 
0.13879634 
0.8483866 
0.4387081 
0.25608188 
10.40317 
0.23126401 
-1.7568363e-14 
0.10574585 
-0.10180696 
-2.0928884 
1000.0 
-0.00023171082 -0.83533925 -7.016211 6.6757617 -5.053219 -0.0006724609 -7.584309 6.223712 -1.8226475e-14 -6.3887777 -0.030563906 -6.1074824 -6.4646125 -6.4789634 7.8652925 -6.5106316 -2.2896632e-14 -0.032899998 -0.0010439099 2.2119076 
-6.286644 
0.0 
