1 20 1 1 
-0.6159286 -1.7505295 -1.5233217 -0.0390811 -0.9863794 -0.7853844 0.1513212 -1.0349581 0.0040057837 -0.433876 -0.62566113 0.5903519 -0.3276092 -0.02931544 -0.037363283 0.9696542 -0.16101041 0.92105037 -0.03957782 -0.89175457 
-1.7197515 
-1.6664957 
-1.8971906 
0.9301542 
-1.6512306 
-1.7971178 
0.55586606 
0.011420966 
0.76099426 
0.099691756 
-1.7225844 
0.19598266 
-2.0340867 
3.9898787e-05 
1.9813131e-09 
0.36521566 
0.2712809 
-0.09452796 
0.009958184 
0.21739906 
1000.0 
1.6672761 1.8500154 1.5222 7.438945 1.6984631 1.5797508 5.222604 -0.015854223 7.1311517 -0.027432473 1.6625156 5.117836 2.0743194 -1.674589e-05 -3.320281e-09 4.1508393 -0.029594747 -3.4751077 -0.015139601 -0.028570559 
3.7686105 
0.0 
