1 20 1 1 
0.2420922 -0.028691236 0.45944792 1.2770455 4.7154594e-05 -0.32527038 -1.9211162 -0.14678453 -0.2184633 -0.11474473 -0.07190405 0.30648354 -0.3393585 0.7006073 -0.20277342 -0.13145114 -0.08758617 -0.034805052 0.115583815 0.13804996 
0.35807195 
-0.29039583 
0.42195842 
0.30572635 
-0.0001469078 
2.3384428 
-0.64993364 
0.17367078 
-0.007821075 
8.957704 
9.283854 
-3.525147 
-0.011640347 
0.32365716 
0.43580502 
-16.759016 
-0.7864405 
-0.14077245 
5.547021 
0.51618767 
1000.0 
4.976053 -0.007353416 4.506235 4.3185883 -0.023783682 2.4847376 -0.009019192 -0.030866073 -0.01694189 10.488775 6.6372128 -9.318092 -0.014855076 4.4421577 0.44084004 10.444752 -0.01643125 -0.00026270666 -6.8730416 4.9100537 
4.4752474 
0.0 
