1 20 1 1 
0.6299157 0.6303156 -0.2690446 -0.12438508 -0.042397004 -0.16483818 -0.6077257 -1.0296888 1.0137161 -0.5141841 0.74598414 -0.09814732 0.81296957 -0.99313 -0.08718925 0.117032245 0.70388675 0.96666116 0.033790622 -0.20864408 
-0.21195744 
0.24788027 
0.24440156 
0.07499267 
2.2870944 
-7.2186537 
-0.7710475 
-3.614617e-07 
-0.21559708 
2.3587492 
0.2739797 
-0.6014179 
-0.26441777 
0.075278446 
0.08236079 
0.7624299 
0.5857691 
-0.1835653 
1.1311855 
0.26910117 
1000.0 
-5.400078 4.950785 -0.026115024 -0.02742151 7.9832864 6.335146 -0.027006086 -3.841825e-07 -5.075391 2.6919699 4.7395406 -0.01677924 -5.0577874 -0.027453385 -0.024956873 5.6483345 4.5689163 -5.200953 6.353029 -0.026477529 
4.4128165 
0.0 
