1 20 1 1 
-0.16728005 -1.562594 -1.4301796 -0.03374872 -0.41050482 -0.23066014 -1.5223262 -1.5868979 0.36714846 -1.5765615 0.6013966 0.67742383 -0.40622815 -0.60133404 0.2522493 -0.54521865 0.24348404 0.13342449 -0.47472528 0.55070084 
-1.0217974 
0.0014693352 
-1.0241767 
5.000636e-10 
-0.9628437 
-1.1261495 
0.25306147 
-0.9601588 
0.60109174 
0.23309503 
0.28210852 
0.20243946 
-1.3515036 
0.1139135 
0.31425834 
-1.0175632 
-3.6016965 
5.129999 
-1.0203289 
0.34598687 
1000.0 
1.1231318 -0.009257782 0.7804917 -2.8772364e-09 0.9536916 0.99800926 -0.025505757 0.80973244 3.341673 -0.025130732 3.6271403 4.0417943 1.472909 -0.024754113 3.9241116 1.1116672 -9.719306 -8.010586 1.1191392 3.440041 
2.7504096 
0.0 
