1 20 1 1 
-0.30007717 -0.64699024 -0.26725107 0.23709553 -0.8304255 -0.09258301 -0.15319714 -1.2259216 -1.6592466 -1.2813727 -0.5565958 0.1035616 0.29694784 -0.032783646 -0.9000598 -0.6772015 0.22532968 -1.7542263 -0.55118984 0.30707607 
0.19580957 
0.16962549 
-0.70122796 
0.59850454 
-0.93593985 
2.4652364 
-7.357847 
-0.7009516 
-0.7320748 
1.0432918e-10 
4.079914e-09 
0.6293519 
0.15623921 
-0.0656293 
0.28452003 
0.09033801 
7.017212 
-0.7478046 
-0.7315045 
-3.790703 
1000.0 
-0.01666624 -0.015746154 0.7294324 9.4660015 1.1062135 11.05101 5.9438095 0.65219885 0.8028914 -1.0596533e-10 -4.1398853e-09 9.483426 8.245808 -0.013477563 -0.01743848 -0.0122126015 -10.234612 0.83769476 0.8016111 -10.368295 
7.315979 
0.0 
