1 20 1 1 
-0.014392396 -0.071253136 0.9807532 -1.7757623 -0.6750968 -0.17099679 0.6500734 -0.52366805 -0.0059783286 -1.8243475 -1.6439441 -0.052634187 -0.9665886 0.90291244 0.2572018 0.10158403 -0.037378177 -0.6439238 0.39058864 0.37032416 
1.5313352 
-2.6573172 
0.4977127 
-1.6170081 
-1.6193508 
-1.5051727 
0.29752132 
-1.6192808 
0.8755724 
-1.7021683 
-0.009569488 
-5.586124e-06 
-1.6451814 
-0.19571191 
0.36976722 
0.38114727 
-7.2701194e-12 
-1.620509 
-0.72780335 
-0.34321305 
1000.0 
7.114638 5.68336 4.7672043 1.6376963 1.7009583 0.768788 5.1942277 1.5878367 8.115949 1.3908945 -0.0020042306 -1.9719425e-06 1.477448 -4.8033023 6.80723 6.5873446 -5.1724076e-11 1.5761087 -5.211918 -3.958045 
4.638927 
0.0 
