1 20 1 1 
-0.43660277 1.133654 0.26456115 -1.9345688 -0.5619434 0.22915547 -0.08475514 -0.036268815 1.0813397 -1.2206554 -0.059040256 -0.20955305 -0.48600078 0.2040076 -0.032719746 0.13264766 -0.22168042 -0.5890969 -0.48902896 0.13151768 
-1.5298823 
0.1874283 
0.44272316 
-1.590394 
-1.6340938 
-0.15210856 
5.96164e-06 
3.3776318e-13 
0.20221315 
0.032987174 
-0.40700793 
-1.239572 
-1.5364437 
-0.35951543 
1.9865419 
0.399343 
-0.96107733 
-1.5206825 
-1.400696 
-0.11457616 
1000.0 
1.3702857 3.6565518 3.6236231 1.252571 1.2113194 -3.814074 -4.714117e-06 -8.226476e-14 3.6256452 -0.01701285 4.6363387 0.76387054 1.3480282 -4.090519 7.319674 3.7628455 7.4086857 1.5617828 1.4791638 -2.6737273 
3.44464 
0.0 
