1 20 1 1 
-0.060878895 -0.8427497 -1.7511305 -0.6238447 -0.7818152 0.40201166 -0.0010315472 0.7907878 -0.41298118 -1.9823698 -1.4136227 -1.2886429 -0.5181855 0.25047374 0.06226125 -1.1263685 -0.2536497 -0.71666515 -0.036051817 -1.1350632 
0.71553695 
0.012284889 
-1.2823663 
-0.25704914 
0.20932625 
3.7750635 
0.019573992 
0.39544314 
8.856625e-07 
-0.9388407 
0.23712797 
-0.17069918 
2.8298108e-09 
-5.6687856 
0.05858623 
8.3532605e-06 
-0.7974703 
0.33886272 
-0.1043623 
0.046571955 
1000.0 
4.7053976 -0.0097421715 1.3126001 -0.002790903 -0.023730744 -10.850837 -0.7600171 -0.4751789 -9.682658e-07 0.9995688 -0.024373274 -0.0011002838 -3.4176044e-09 -10.016892 -0.638088 -1.3935977e-05 0.8602895 -0.025938349 -0.02140748 -0.016803402 
-0.052214094 
0.0 
