1 20 1 1 
-0.14416252 0.0034786628 0.27368388 0.012126858 -1.5625036 -0.026483083 0.0030392443 -0.1717425 0.0038306108 -0.22469604 -0.31056446 0.16555306 -0.37621635 0.01155853 -1.6791217 -0.52747357 -1.5667065 1.2764947 -1.165387 -0.15282771 
-0.22737905 
0.014693621 
1.3461596 
0.0069725523 
-0.022935955 
1.7745658e-06 
0.001864228 
-0.47416988 
0.020655572 
-5.365394e-05 
-0.21597485 
0.21079327 
-0.1898052 
0.010541339 
0.0021182098 
-3.9283773e-10 
0.1333864 
0.2822974 
-0.20910808 
-0.04557068 
1000.0 
-0.0076829144 -0.7890064 -6.7360077 -1.7562004 -0.0073536094 -3.4250675e-06 -0.5758209 0.47447857 -0.5655409 -3.741457e-05 -0.007230971 -0.31535995 -0.0069735306 -1.5750242 -0.015144426 -1.9935412e-10 -0.025236135 -0.65108854 -0.0062586796 -0.0004568131 
0.2249118 
0.0 
