1 20 1 1 
0.4231335 0.6922305 -0.22576012 -0.6662989 -0.09766762 1.0464619 -0.64536 -1.6335367 0.7772927 0.10392596 -0.1469392 -0.014052744 -0.18221019 -0.19728827 0.2428818 -0.020682918 0.089651786 0.09796766 0.09659279 0.10211472 
0.040075805 
0.13201113 
-3.089738 
-0.21300447 
-11.266865 
0.4238105 
-0.12001217 
-0.15193346 
0.26235756 
-0.9283547 
10.777026 
-0.0826118 
-0.33568093 
3.3168344 
0.8943536 
0.29952818 
-1.1997042 
-1.0886421 
-8.141195 
2.0964832 
1000.0 
1.0962011 -0.00021855142 5.941148 -0.013466519 7.829029 0.6767003 -0.009312831 -0.011233129 0.32911098 -4.907719 8.798521 -5.4389042e-05 -0.013993089 4.005032 -4.868589 -0.029699776 -4.1325397 -4.525152 -8.01646 -6.119902 
-1.7776109 
0.0 
