1 20 1 1 
0.15038875 -0.13425294 0.6500003 -1.607844 -0.94686955 -1.1726805 1.2578069 -0.15249749 -0.12741137 -0.85862106 -1.260651 0.24739477 -1.1561793 -0.017726168 -0.045004513 -0.3435855 0.0008775825 0.09155823 0.028825335 -0.07723823 
-4.6153 
-4.165485 
0.12639856 
-0.3395337 
-1.0436618 
-0.058485497 
0.3761782 
0.093720704 
0.19838482 
-0.1611133 
-1.9353064 
2.0469246 
-1.7206507e-11 
0.113483086 
-0.35919836 
2.0079334 
-0.0073642493 
0.037986174 
0.007189453 
3.2743788 
1000.0 
-9.061761 5.547425 -3.8386104 -0.0025380354 1.1665834 -0.0010179188 -3.0761762 2.603982 2.8054256 -0.003930645 2.4077442 -7.42796 -2.0228605e-11 -0.0016962773 -0.0029017646 6.659747 -0.5302045 -3.9162016 -2.605478 5.405357 
-2.7437518 
0.0 
