1 20 1 1 
-0.1621041 0.43196857 -1.6430147 0.35248828 -0.4075024 -0.3911565 -0.034159604 -0.54149956 -0.075378865 -0.12653805 -0.11519581 -0.003427801 0.62371814 -0.022210527 0.14232077 -1.5395133 -0.78914386 -1.0034142 0.2964135 -0.03449156 
0.32001385 
1.7391871 
-0.23517874 
0.36634457 
-0.31945273 
0.30636886 
5.9522233e-07 
-0.16783413 
4.0743976 
1.2080169e-08 
-0.16920446 
0.019699458 
0.22362792 
0.030904671 
-1.2463201 
-1.970892 
-2.425591 
-0.36153677 
0.32433483 
1.2486491e-07 
1000.0 
-0.0074971765 -6.5627217 -0.0025776355 -3.7351553 -0.003234902 -0.007340774 -8.697068e-07 -0.0025715306 5.0687537 -3.4400035e-08 -0.0024069494 -1.3179895 -6.3077946 -1.386134 5.995331 2.0070832 2.592895 -0.0031215425 -3.2363913 -1.8770889e-07 
-2.9718835 
0.0 
