1 20 1 1 
-0.18745783 -0.8068446 -1.3567889 -0.34697154 -6.609105e-05 0.15727893 0.00013236896 4.784436e-05 -0.14329776 -1.1275734 -0.73526853 -0.4001562 -1.8466278 0.2086617 0.004099951 -0.030863773 -1.576352 0.13528961 1.125343 0.0032059008 
-1.6849406 
-0.37934187 
0.051066205 
-0.15413475 
-0.00027825756 
0.4246266 
-0.00068337895 
-0.0073258937 
0.01578019 
0.26332098 
2.5045374e-08 
0.10282053 
-0.32179192 
0.9998457 
-0.011703644 
0.038057078 
0.07011289 
1.4040049 
0.28851244 
-0.007964939 
1000.0 
1.7530233 -0.006599658 -0.022742398 -0.007893474 -0.1034739 -3.4977663 -0.13091742 -0.5353577 -0.01944409 -0.03136324 -5.361535e-08 -0.027067766 -0.0075100106 -4.3150673 -0.7571998 -0.020882444 -0.024761943 -5.3830585 1.724816 -0.6383942 
2.4618764 
0.0 
