1 20 1 1 
-0.79056257 -0.13827018 -0.05366844 -0.7248311 0.43642762 -0.1463801 -0.5258097 -0.032111377 -0.024692452 -0.20429051 -0.29644406 1.1976364 -0.011882538 -1.1306229 -0.40820312 -0.05693579 -0.026016066 -0.6618286 -0.09497011 -1.9319206 
0.03557103 
-8.559409 
0.09374665 
-0.0790125 
0.26310685 
2.4972463 
0.05993151 
-0.4015839 
-0.030423595 
2.0610752 
-0.30769837 
0.28781837 
0.02960375 
0.05522271 
-0.77213305 
-3.2045653 
-0.05058474 
-0.37211555 
8.605326 
0.15065137 
1000.0 
-0.024185305 8.213968 2.2880003 -0.053890597 0.14586578 6.112642 -0.02510761 3.3456817 2.6075394 3.8477664 -0.06195446 -0.031145148 -0.02297802 -0.02459198 3.5874472 5.8471074 2.6710765 -0.070376635 8.093358 -0.025541779 
0.32073712 
0.0 
