1 20 1 1 
-0.3575353 0.87879354 -0.09943068 0.6729666 -0.8646477 -0.41926244 0.14561953 -0.02820642 0.002559273 0.44918296 -0.982814 0.088590816 -0.024941467 -0.24201101 0.17615335 0.4598803 0.7477905 -0.16906497 0.364092 0.01912978 
-0.52735513 
-0.1104041 
-0.1318689 
0.14230469 
0.14957196 
-0.1766128 
-4.1500564 
-0.013795683 
0.0061205956 
0.12981011 
-0.4542518 
-0.8596718 
8.0296575e-11 
3.8216876e-07 
1.2128063 
-0.04553533 
0.44436276 
-0.61396074 
2.191949 
0.010572664 
1000.0 
0.5371239 -1.5441175 -0.0041848375 -0.7923334 -0.03828933 -0.0051941993 -7.328529 -0.019935688 -0.9679151 -0.6277779 0.46199244 -4.476919 -7.091037e-11 -1.6361702e-06 -6.9852667 -1.8945695 0.24488656 0.64015746 -9.040152 -2.4866123 
0.77733886 
0.0 
