1 20 1 1 
-1.5592669 -1.0676578 0.20292093 1.0993875 -0.890762 -1.1249845 -0.0875297 -0.57852525 -0.2041807 -0.17462732 -1.2677727 -0.4190327 -1.1096569 -0.010359031 -0.6979727 0.3555196 -1.4600148 -0.6646324 -0.17364886 -1.238561 
2.8736782e-10 
-0.17197828 
1.367076 
0.30539668 
0.19461468 
-1.7218472 
0.42321888 
0.4114311 
0.21984845 
-0.14052407 
-0.32124886 
-0.017221441 
-0.009348458 
0.03374314 
-1.1882309e-05 
0.99911237 
-0.08544684 
-6.9295897e-06 
0.38700673 
3.4459735e-09 
1000.0 
-3.3590375e-10 -0.0009164635 -9.643407 0.9816756 -0.0060556964 1.7893223 -0.005707444 -0.006103886 -0.0010259823 -0.0011575293 -0.0021841535 -0.0002013525 -0.009747786 -1.9117656 -1.4100312e-05 -7.1675267 -0.002344791 -8.044175e-06 3.2664819 -9.073888e-09 
1.5009425 
0.0 
