1 20 1 1 
0.0091994945 -0.8258499 0.107459344 0.473743 0.32064047 -0.34268004 0.5704567 -0.004919841 -0.76015216 0.101065464 -1.3452189 0.45867866 -1.5781773 -0.010305323 -1.9182808 0.5883297 -0.0053743254 0.27369344 0.0010009656 0.0770603 
-0.007864862 
0.29386187 
-3.2781165 
-0.056737103 
1.6368563 
0.11557301 
0.17875783 
-0.03239184 
-0.102758504 
-0.010029388 
0.03286886 
0.10643489 
0.17535336 
0.057534907 
-0.9920047 
0.39257517 
-0.0032386945 
0.092273735 
-0.0035389522 
0.8678795 
1000.0 
-1.2526507 -0.0306579 -6.791909 -1.742549 -8.896142 -0.027761512 -0.16551763 -1.9496388 -0.009994213 -1.8460789 -0.02709729 -0.63811404 -0.029258156 -0.03033214 1.0467218 0.37599155 -0.44724348 -0.41366854 -0.21060152 -3.7770255 
0.8899218 
0.0 
