1 20 1 1 
-0.019623263 -0.16322172 -0.99482346 0.52026176 -1.3456919 0.5031355 -0.038539335 -0.7325404 0.43531904 0.41863224 1.0500913 0.3398721 -1.0760225 -0.38380942 0.06242649 0.6707891 0.4186903 -0.15174167 -0.039407674 0.47320035 
-0.20869868 
4.6651106 
0.050429046 
0.41840923 
-3.5219655 
0.25680485 
-0.24521616 
0.067879155 
0.21847376 
0.26751307 
-0.314711 
0.2991436 
-0.24820861 
-0.10546874 
0.030243924 
0.54046476 
0.27080575 
-1.1442665 
-0.4324286 
0.22026789 
1000.0 
3.559233 5.280453 -0.03079163 -4.1042156 3.5402765 -4.6255474 3.9192493 -0.03201524 -4.7567306 -4.4779644 3.3822577 -3.925051 -0.020019656 -0.013543751 -3.0207703 -3.9448192 -4.4753766 3.4633946 4.095403 -5.089962 
-3.605342 
0.0 
