1 20 1 1 
0.028609404 -0.57373774 0.17283699 0.55296284 -0.62499404 -0.20569229 0.7608017 -0.02764356 -0.74780345 -0.48848543 -0.4506243 -0.7008487 -0.45977396 0.6795247 -1.2284207 -0.12954225 -0.5870311 -0.11972191 -0.5891289 -0.6276684 
-0.0070655164 
0.58516514 
0.11282474 
0.25228435 
-0.102642424 
-5.684706e-05 
0.32832703 
-0.0052953 
-1.9009945e-05 
0.27056402 
-0.13400313 
-0.012693721 
-0.31218806 
0.24760424 
0.44054133 
0.40727234 
-0.026753165 
0.42397967 
-0.0040714946 
-0.00022164138 
1000.0 
-1.2192452 0.3563752 -1.054157 -0.9392079 -0.021859242 -8.368254e-05 -0.88081485 -0.0025431812 -2.4159559e-05 0.28046137 -0.004088302 -0.0019218756 -0.0003951855 -0.95859647 0.341197 0.22282672 -0.005433362 0.3404739 -0.0073385523 -0.0006975947 
-0.67091465 
0.0 
