1 20 1 1 
-0.00054489524 -0.79097676 -0.65896255 -0.03305158 -0.18500423 0.0037904698 0.18415739 -0.38899437 1.3834023 -0.1546394 0.17359282 0.0049358993 -0.16033922 -1.6010375 0.22481562 -0.07376922 -0.20790127 -0.00095261395 -0.009141347 -0.11837229 
-0.0015064125 
-5.885925e-09 
-0.12919764 
-0.0018970597 
-0.31755638 
-0.020064542 
0.82495904 
6.002839e-13 
0.29021892 
1.1068643 
0.41557065 
-0.0077787265 
-0.87658626 
-0.124074124 
0.08034243 
-3.8055202e-06 
-2.4819151e-08 
-0.011907882 
-6.218269e-10 
-0.94846445 
1000.0 
-0.18046524 -1.514648e-08 -0.01061106 0.027007729 -0.012997562 -0.94340223 -3.905943 -6.46659e-13 0.39403778 2.8781738 -3.9560835 -0.6109638 0.8889831 -0.010080859 -0.035717968 -2.7277679e-06 -1.4909917e-08 -0.88086414 -3.4991143e-09 3.4768448 
0.73976606 
0.0 
