1 20 1 1 
0.68818444 1.004963 -0.6743608 1.1947547 0.50081193 -0.12023137 -0.27386865 0.38764596 -0.77203923 -0.06856876 -0.87325966 0.72086835 0.57795894 0.20423763 0.26683366 0.37854463 0.4808635 0.6828974 0.7064495 0.59449196 
0.6021133 
0.49799162 
-0.17751282 
0.44772756 
-0.6663738 
-9.316504 
-0.1414072 
-0.6865031 
-0.38800418 
0.06402168 
5.6541915 
-0.96683615 
-0.78704816 
4.544882 
1.2354069 
0.9541345 
0.99424493 
-0.5823227 
-1.104464 
-0.6718125 
1000.0 
7.4171352 7.338767 -0.016745111 7.2669187 -5.0281067 8.250103 -0.012461819 -3.890485 -0.018816203 -0.026502522 5.872705 -7.208669 -5.784587 -8.212967 7.696307 7.629278 7.6897917 -6.8980246 -7.0635905 -5.963674 
7.8281994 
0.0 
