1 20 1 1 
-0.19268632 -0.027618835 -0.7178239 0.3312088 -0.37217966 -0.36807606 -0.49529266 0.14003934 -1.0016276 -0.048765 -0.047339093 -0.17124668 0.7631777 1.0640975 0.09111826 -0.6854602 -0.037330758 -0.75896364 -0.49231496 -0.4240961 
2.4368398 
-0.30525815 
0.24517767 
0.30195457 
-1.8414291 
0.20640379 
-0.01810074 
0.42677438 
-0.13368987 
-0.69843227 
-0.311639 
0.6894333 
0.42021197 
0.34494358 
-1.3415154 
0.02628806 
-1.3310152e-07 
-0.15217337 
0.17955616 
-0.047536727 
1000.0 
3.7169275 -0.0060601486 -0.019331861 -2.9490707 1.8420402 -0.018435752 -0.0107758725 -4.162061 -0.016022008 5.0002546 -0.023857905 -0.028647052 -2.795061 -3.0757604 -4.823413 -0.0012938404 -2.8115684e-07 -0.01733357 -0.017640235 -0.0029385635 
-2.1912887 
0.0 
