1 20 1 1 
0.014567179 0.029696045 1.0233309 -1.4718314 0.16810866 0.64753634 -1.9191936 -0.71829647 -0.31210023 -0.13859451 -0.94817066 -0.2536301 -1.2782116 -1.1658806 0.5258495 0.011618112 0.7916887 -1.0328028 -0.9402187 0.018496947 
-0.032440305 
-0.07031577 
0.23558031 
5.291171e-15 
1.6213465 
-0.059790038 
7.570684e-08 
2.434298e-11 
-0.032373864 
-1.0641515 
-0.024649428 
1.4579949 
-0.024605826 
-0.05087297 
0.27915797 
-0.0018579786 
0.2880984 
-0.89760387 
-1.2830768 
-0.045916833 
1000.0 
-1.621964 -3.7764232 -1.6350859 -6.5646053e-15 -6.756362 0.17289779 -9.853272e-08 -2.9499285e-11 -0.00034132617 4.0529885 -0.00016039993 5.4983664 -0.0059729503 -0.0008142044 -1.4264085 -1.7640438 -1.4571767 1.0553862 1.495614 -2.4859402 
-0.8627511 
0.0 
