1 20 1 1 
-1.6908436 0.34852263 0.43608418 0.5546468 -1.3654889 -0.51059675 -0.82535285 0.37409788 -0.16000049 0.00012233385 -1.2286862 0.15379995 -0.710208 -0.41141972 0.040443193 -0.02295426 -1.2621686 0.035120126 -1.4238324 -0.66748405 
-0.10922697 
0.95653987 
0.33791593 
0.25928932 
2.0197152e-08 
-0.35295922 
-0.26376697 
0.24787875 
-1.7944684 
-0.00012833322 
-0.18475859 
0.19706097 
2.102727e-07 
0.08479969 
-18.99196 
0.8554103 
-0.0034029228 
-18.306463 
-1.0289385 
-1.1696659e-06 
1000.0 
-0.008263151 -6.9579177 -2.5758917 -2.905812 -2.3854247e-08 -0.008616605 -0.008293505 -2.8586092 1.1034501 -0.015782282 -0.007110033 -3.5873396 -2.4961673e-07 -0.018681452 -6.5107317 6.094733 -0.0015309763 -6.7318273 1.267843 -5.7582683e-06 
-1.9010946 
0.0 
