1 20 1 1 
-0.31418025 -0.61649096 -0.5648636 0.13291453 -0.31841308 -0.0015040307 -0.8323143 -0.3277104 -0.11549148 -0.6833686 0.14376114 0.4777224 -0.7210033 -0.7628243 -0.5493621 -0.0028802853 0.49122515 -0.6444104 -0.7732236 0.32679504 
0.32865515 
-0.96123964 
0.14438653 
-2.3888226 
0.29594558 
0.015642919 
-0.2889284 
-0.05995835 
0.13265492 
0.116918504 
0.21217172 
0.23306093 
0.12867352 
-0.073962726 
0.172765 
0.005590532 
0.3090898 
-0.7641626 
-0.98104715 
1.9975147 
1000.0 
-0.016172495 0.9787874 -0.012675054 -5.339468 -0.01576561 -0.3982082 -0.014191384 -0.0071588494 -0.012136434 -0.011578614 1.2507627 1.0484383 -0.011938127 -0.0077878274 -0.013749406 -0.3000046 1.224505 0.82538545 1.0226878 -7.0778823 
1.7081985 
0.0 
