1 20 1 1 
-1.4622427 -0.36976218 0.21803118 -1.1954018 0.28132167 0.9611498 0.009717124 0.25295952 -0.12946796 0.12808527 0.16913526 -0.31733254 -0.07678319 -0.040613785 0.01320906 -0.07543459 -0.55528843 1.1430483 0.28911933 0.15657483 
-3.092016 
-0.16377722 
0.9428805 
-0.14920565 
0.90711135 
0.49873188 
-1.4872919 
-0.6734884 
0.39610246 
0.69228286 
-0.40070048 
0.30378532 
4.9148626 
-3.1852603 
-1.6692883 
5.0087495 
0.1217432 
0.5399957 
1.4917334 
-5.5170107 
1000.0 
3.1509676 -0.01483534 -4.6582856 -0.016125387 -5.9391756 -6.3669405 5.900998 5.89372 -0.0063177235 -3.8122265 4.9223332 -0.02236224 6.0430207 6.1587987 6.0533524 6.089109 -0.029216878 -6.280756 -5.980658 -7.521741 
-5.9501724 
0.0 
