1 20 1 1 
-1.2300813 -0.8872249 -0.3351288 -0.094391115 -1.554077 -1.3423189 1.4147545 0.25469887 -0.5234763 0.9945276 -0.75955486 -0.23918748 -0.10751634 -0.1836001 -0.2246817 -1.579388 -0.27553457 -0.4009794 0.16261356 1.0742643 
-0.014359506 
-6.6730524e-07 
0.25923917 
-4.032272e-06 
0.03865288 
-0.12831204 
0.4945032 
-0.16288292 
0.1349166 
-0.16350012 
-1.7065597 
0.40523773 
-0.06458004 
3.8800013 
3.2893823e-07 
-1.9036223 
-1.1368369 
-0.13581488 
-0.30982897 
0.47657207 
1000.0 
-0.005011415 -1.8994849e-06 -0.008955722 -8.5341156e-07 -0.004670895 -0.0008069892 -4.716526 4.585663 -0.004944 3.9201064 1.7967006 -0.010280767 -0.00049556256 3.989423 -4.6881348e-07 1.9715835 1.2865797 -0.0011521889 5.3015795 -4.818991 
-4.1970105 
0.0 
