1 20 1 1 
-0.00088591303 -1.6015248 -1.4933326 0.15290302 1.2276723 0.072527274 0.17821936 -0.74546707 1.1268253 0.010614815 0.30666086 -0.77250373 -0.1668082 -0.01862523 -0.19652025 -0.44019416 0.17337573 0.27559805 -0.04020852 -0.67761594 
0.0055139638 
-1.846827 
0.11945887 
-3.0381606 
0.16216789 
-0.017798617 
0.26288295 
0.2837517 
0.124079995 
0.014460578 
0.037625037 
-0.13203448 
0.24070233 
-0.027830064 
0.68277705 
-0.09995633 
0.73440486 
1.1334946 
-0.03289224 
0.25522363 
1000.0 
-0.78619534 1.9262327 -0.027020622 -7.6439567 0.20726705 -1.3807589 -5.3685217 -0.030552424 -0.033947345 -2.452124 -1.0708016 -0.0082136905 -0.03001971 -0.00028106695 3.720847 -0.007758527 -4.7456617 -5.450834 0.63600624 -0.0302166 
0.9901244 
0.0 
