1 20 1 1 
0.12564397 -0.3616907 0.57024574 -0.034736414 0.015126244 0.08925091 -0.45131928 0.009682533 1.4867462 -0.68959117 -0.5336501 -0.16762197 0.3023468 -1.1819127 0.13281377 0.13652375 -0.9044817 0.109494545 -0.20168899 -0.09498647 
2.9631512 
-1.9181929 
0.19193189 
3.1767588e-14 
-0.034962952 
0.35215357 
0.0679217 
-0.04603727 
0.33814806 
-0.023108233 
-0.027973898 
0.13038433 
-0.031516813 
-0.017238826 
0.20292623 
1.6447787 
-0.10827779 
-0.6566907 
1.5554042 
-0.028316738 
1000.0 
-6.3555474 2.228055 -2.9307957 -4.4797646e-12 -2.457569 -5.1696258 -0.02365414 -2.2342517 -2.599306 -0.013747587 -0.009203627 -0.026724605 1.1918268 -0.014569091 -3.9008715 -6.994741 -0.020993836 -4.466788 4.170834 -0.009838332 
-2.1299992 
0.0 
