1 20 1 1 
-1.0093135 -1.597966 0.36031273 -1.0923986 0.5967504 -0.029914275 0.20553978 -0.12030075 -0.45339936 0.32190093 -0.6591273 1.3538456 0.013609622 0.25725046 -0.15773396 -0.532133 0.013223028 0.13417873 -0.23994578 0.089803845 
-0.18153358 
0.35902506 
-0.043803953 
-0.057809267 
0.09262523 
2.8027825 
-0.18882112 
-5.890509 
0.22654177 
-0.12551348 
-0.113424286 
0.26951826 
0.06533814 
0.23629653 
4.6551695 
-0.2675192 
0.007999102 
-0.34272605 
-1.240941 
1.2969509 
1000.0 
-0.0029365928 -0.05229162 -4.500323 -0.0026098362 2.5968993 7.0912976 -2.0500505 7.283444 -0.0648903 -3.2152214 -0.007801779 3.3062694 2.8344636 3.3155706 4.0045195 -0.008497175 -1.496939 -5.359026 1.288257 -4.434028 
3.7653894 
0.0 
