1 20 1 1 
0.3452808 -0.013181245 -1.8611857 -1.4976526 -0.046082344 0.0023252028 -0.14114171 0.16373545 0.06296779 -0.60512865 -0.196318 0.1268229 -0.59359014 0.0042040693 0.14278312 0.12869759 1.310951 0.18171307 -0.47557327 0.82535106 
0.2990504 
-0.059060812 
-2.1992004 
0.29358047 
-1.2585051 
0.019745277 
0.039917227 
0.85174024 
0.07758288 
0.09836565 
2.8937798 
-1.8349539 
0.10585123 
0.0035583954 
5.4862623 
-2.5610225 
0.349502 
0.1490601 
-0.17241134 
0.2250544 
1000.0 
-1.6778036 -0.006058695 2.2798035 -0.034138836 4.674271 -0.9333916 -0.027541794 -4.867907 -1.868338 -0.029278379 4.1573253 -5.0660644 -0.029697012 -0.5662534 -7.405592 -5.134544 -1.9323754 -2.4602447 -0.035653524 -3.1534932 
-1.0972353 
0.0 
