1 20 1 1 
-1.247982 0.10855031 -0.58411014 -0.25810763 -1.7366015 0.091752976 -0.03660987 -1.3119202 0.3660191 0.599611 0.0062392917 0.37049392 0.7573502 -1.4463726 -0.2528804 -0.7069119 1.0105448 0.16052642 -0.3705781 -0.25523016 
-0.34992003 
-0.8833105 
2.1530422e-11 
-1.8994897e-10 
0.07253962 
-0.46433684 
-0.15125427 
-6.420154e-09 
0.23090538 
0.17030719 
-0.029235408 
1.7488309 
0.39766964 
0.052207474 
-0.7225351 
0.19206497 
-0.087445304 
0.071306586 
-8.462157e-14 
-0.33504274 
1000.0 
-0.0074167987 -4.374758 -2.3561854e-11 -1.9998145e-10 -0.029896837 -3.7049613 -0.006201824 -8.335926e-09 -0.7406569 -1.6002209 -2.2923224 -11.074387 -0.40412486 -0.028803293 0.7801145 -0.032448202 -1.5218407 -1.4122152 -9.184293e-14 -0.009344867 
0.56693596 
0.0 
