1 20 1 1 
-0.17747533 -0.99943656 0.008054961 0.0029214635 -0.33823028 0.2731915 -0.52781975 -1.8646652 0.17967498 0.9983512 0.275719 -1.0009406 -0.36632776 0.01587769 -0.0024796268 0.008202295 0.22856048 0.2116738 -0.3846905 0.40534425 
-0.78190374 
0.079552114 
0.017589375 
0.011893769 
-0.30079117 
0.09863274 
0.12596709 
-0.39907217 
-3.8031206 
0.30797142 
1.3391021 
-0.089382924 
0.27984533 
0.01640087 
0.008951938 
0.008037683 
1.0621017 
0.92616004 
-0.6585418 
0.11167083 
1000.0 
0.8423449 -0.024154477 -1.0413796 -0.883784 -0.0029328342 -0.0829916 -0.026496718 -0.00220896 -7.2080336 0.47852847 -6.3013372 -0.001046429 -0.029504418 -1.9737939 -0.50665605 -2.0328202 -5.5005565 -5.312332 0.74705803 -0.2251211 
1.0043992 
0.0 
