1 20 1 1 
-0.9184793 -0.14227626 -0.7018679 -0.22997771 0.000100087695 -0.59053254 -1.6999326 0.19551517 -0.21091853 -0.4585716 0.1752769 0.8756857 0.18090677 0.21716335 0.32818303 -0.47696233 0.13176736 7.485143e-07 0.002424105 0.13623926 
0.33423746 
-1.6529772e-07 
-0.29088163 
4.3584805 
-7.120263e-05 
-3.5087422e-10 
0.8887121 
-0.15159993 
-4.6651587 
-0.36062044 
0.22791639 
0.42552003 
-1.0008705 
3.6716633 
-0.29790604 
0.33435923 
-0.12017575 
-3.3014416e-07 
-0.0026046454 
0.8381966 
1000.0 
-0.02050152 -2.4382655e-07 -0.0042430707 4.6014833 -0.013331255 -4.2774206e-10 -0.0027518899 -1.9571713 5.219231 -0.0053112097 2.1984863 2.4104207 -5.3958507 -9.371531 -3.2782445 -0.015087859 -3.928136 -0.000121885 -0.32949102 -6.763755 
2.8488607 
0.0 
