1 20 1 1 
0.46933588 0.08624728 -1.768953 0.014142379 -1.3233675 -1.8102401 -0.99702084 -0.28202292 0.7946094 1.6180499 -0.573876 -0.14181358 -0.4639438 -0.034773186 -0.8388165 0.044424802 0.025754228 0.026390944 -0.14478356 -0.13719617 
-0.050887465 
-0.024368554 
-1.1689026 
0.032682948 
-0.10923472 
-1.1602839 
0.029462973 
2.3899722 
0.26800823 
0.2645029 
0.059694905 
-0.08417612 
0.00013316472 
-0.014209107 
-8.185185e-14 
0.19214016 
0.018442642 
0.24425502 
-4.1908197 
2.657406 
1000.0 
-3.7405598 -3.554675 1.2224158 -2.2805483 -0.002757323 1.1907202 -0.02758587 5.3504124 1.8319796 1.7162632 -0.030967431 -0.0011168398 -0.00022410932 -0.002327109 -9.346611e-14 2.0709572 -2.7652974 -3.7960343 5.7536526 3.8387775 
2.626177 
0.0 
