1 20 1 1 
0.13735685 -0.23122874 -0.034916073 -0.7562881 -1.3313386 0.21222468 -0.9349763 1.1086795 -0.024910752 0.76920635 -0.5133919 -0.16464491 -0.2722044 -0.9872992 -0.8166738 -0.16625255 -0.63171405 -0.38462874 -0.036738686 -0.17372744 
-8.186792 
0.17865151 
3.0640575e-05 
-0.08275813 
0.13893068 
3.6394079 
0.12328312 
0.25452834 
-0.316888 
0.3085393 
0.42582825 
-0.39207956 
0.057327997 
0.17555407 
0.17004934 
0.077353634 
-0.19455543 
0.05676008 
0.00010043584 
0.6834539 
1000.0 
-9.870005 0.20015521 -2.6216416e-05 -0.00047094675 -0.011331704 -10.177507 -0.010927073 -3.2364762 -0.04440382 -2.3263326 0.52368873 -0.0026950722 -0.0054338877 -0.013145244 -0.012909865 -0.007679659 -0.0023167077 0.062218957 -0.000105508116 0.6996309 
-0.7417833 
0.0 
