1 20 1 1 
-0.120329425 0.5617408 0.2071211 -0.16773959 0.29792136 0.48920283 0.03995432 0.39144638 -1.4100176 -1.5552115 -0.031089105 0.4463327 -0.07150018 -0.521533 -1.6717736 -0.09805272 0.10012861 0.24634142 0.40461317 -0.3999246 
0.06226866 
0.37162206 
-3.7690418 
6.2892857 
-0.22118609 
0.3011144 
-0.028104143 
0.4353554 
-0.68093 
-0.102710076 
5.008519 
-0.3008683 
0.0498687 
-0.6286593 
-0.8228138 
-10.979795 
5.877085 
0.16931614 
0.1411493 
0.16784689 
1000.0 
-0.014005439 4.410216 -8.309357 5.8143463 -2.9979193 4.294974 -1.6480621 4.4512134 0.69726074 -0.0010612186 8.077306 -4.469247 -0.010509582 0.68773574 1.0573953 7.835925 -6.0557203 3.7408402 3.6509585 -0.031162817 
4.807604 
0.0 
