1 20 1 1 
-0.050683543 -0.09576985 0.34934017 -0.22564107 0.28045195 0.4036364 -1.6325125 -0.29350668 -0.85111886 -0.84929746 0.22339419 0.48379993 -0.068325914 0.95584446 -0.038808066 -1.475243 -0.15280323 -0.6074126 -0.6399044 0.35295755 
-1.8774314 
6.1044574 
0.20600395 
-2.8391386e-07 
0.2842943 
0.3563279 
0.079276256 
-1.1945068 
0.022119053 
-0.030153295 
1.8348701 
0.20469613 
-4.074485 
0.19433539 
-0.061680272 
-0.9902814 
-0.6753878 
0.20344691 
-1.0750728 
0.49350816 
1000.0 
4.5647902 6.671901 -4.0534616 -2.9462578e-07 -5.587851 -3.6096647 -0.012689225 1.2749193 -0.0063395477 -0.00095768005 -11.284977 -4.128829 6.1671944 -4.0217037 -0.0008294918 1.0218489 0.68281704 -0.014308746 1.1245344 -4.4681487 
-2.8297386 
0.0 
