1 20 1 1 
-0.77105355 -0.775762 0.98884654 -0.0043851924 -0.8236249 -0.05151251 5.9451835e-05 -0.65467376 -0.15559229 -0.56413007 -0.39550486 -0.02378604 -1.701574 -0.12953071 0.18676859 -0.27152118 -0.003781729 0.21513942 0.12500498 0.6803714 
-0.12817457 
-0.03110378 
0.2611136 
0.0014279563 
-0.1449452 
-1.514775e-05 
0.008322278 
0.15798508 
0.15667488 
-1.8526802 
-0.1305401 
0.03522002 
0.16271847 
-3.3297346 
0.09674135 
2.7210352 
0.0011967467 
0.87076396 
-2.422845 
0.40677854 
1000.0 
-0.006831484 -0.0009768954 0.7132547 -0.37585756 -0.005170192 -3.2237185e-05 -0.53816783 -0.031944305 -0.031908542 1.998828 -0.005683439 0.6850334 -0.03206967 5.048143 0.37387538 6.750574 -0.13193949 -4.3742685 -4.8933177 1.1211967 
1.4257803 
0.0 
