1 20 1 1 
-0.38670772 1.1238296 -1.0121865 -0.19009982 -0.112423494 -0.7058276 -2.0011066e-05 0.13557579 -1.1567432 -0.7536556 -0.29860923 0.0021396445 -0.23975883 -0.119033806 1.3115537 -0.15506563 0.25671983 0.008682668 0.008225849 -1.1890379 
0.29961497 
0.23098327 
-7.701707e-10 
-0.20381458 
-0.01893449 
2.8770748e-06 
0.00021862266 
0.17714022 
0.2839715 
-0.022705534 
-0.07451231 
0.026469316 
0.077874824 
0.2666068 
0.13054532 
-0.85734737 
0.8202896 
0.06053339 
0.036625918 
-1.2333373e-07 
1000.0 
-0.025561597 0.13487239 -8.342472e-10 -0.0080205165 -0.0010969496 -5.532819e-06 -0.028581679 -3.054655 -0.025350379 -0.0011207702 -0.0012787819 -1.2131028 -0.020909997 -0.025091339 -0.30742913 0.93446696 -5.727912 -1.9703283 -1.8966424 -1.3572046e-07 
0.77098584 
0.0 
