1 20 1 1 
-0.00066214416 -1.9729187 -0.2586927 0.4610944 -0.7755643 0.18819574 -0.6466469 -0.66599363 -0.08958 -0.13229036 -0.36643758 -0.023966344 -1.1153151 -1.0007606 -0.33841765 -0.45680583 0.23834445 -0.43112025 0.13524978 -0.018313352 
-0.06250502 
-0.0030804034 
-0.13465936 
0.58950585 
-0.00011913934 
2.3147612 
0.6599301 
0.031670876 
-2.7498844 
0.5454498 
-2.1830221e-05 
0.68602973 
0.9319293 
0.16127202 
-0.00034380966 
0.19205175 
0.46487898 
1.1160177 
-13.120876 
0.009441496 
1000.0 
-1.0227681 -0.014130992 -0.00050265685 5.223357 -0.00014007182 -7.446325 0.70321536 -0.020924188 6.157801 0.5140438 -2.8809836e-05 4.3365636 0.9882489 -0.03223398 -0.0004076371 -0.0331433 4.997457 1.2011099 -11.3942175 -0.017632745 
5.556397 
0.0 
