1 20 1 1 
0.45222262 -0.36163807 0.7091296 0.5705628 -0.10892675 0.5891821 0.6869978 1.2955287 0.13036379 0.026970915 0.2782828 -0.7463101 0.4199737 0.17169306 0.73589504 0.45547894 -1.2568163 -0.76709706 0.009783335 0.5010969 
-0.61275935 
-2.6420736 
0.8751069 
0.9306269 
15.278189 
1.0145568 
0.76462656 
-0.61297727 
-6.1475 
-3.5672648 
-1.3167098 
-3.9541814 
0.7582735 
3.2869186 
0.58580965 
0.79141897 
-2.5831718 
-2.564148 
-5.718328 
0.87794197 
1000.0 
7.9758043 2.760919 -7.3361416 -6.110632 9.375821 -6.188082 -7.313526 8.412906 -7.5491667 8.697709 8.623586 3.9631352 -4.87088 -6.8512416 -7.985392 -5.171881 2.8025155 2.8054435 7.85225 -5.479323 
-8.440189 
0.0 
