1 20 1 1 
0.78267014 0.28813142 -0.0034125182 0.16724877 -0.45408386 -1.044259 0.3226763 0.23744914 1.151854 -0.6748337 0.20512731 -0.24823478 0.5107591 -0.024686899 0.14786743 -0.1280491 -0.24706787 -0.101734325 -0.0001757794 -1.0423415 
0.42405918 
0.75189596 
0.0011973731 
0.23010865 
-2.0113833 
-1.6498168 
1.019237 
0.78308886 
0.4194494 
-1.3574364 
-4.522318 
0.22981776 
0.4830866 
-0.102257736 
-2.6233292 
16.283682 
0.20843767 
-16.628489 
0.003268673 
0.077528395 
1000.0 
-2.153712 -5.7635255 -0.30633974 -3.3536413 2.0816967 1.7607337 -6.4548674 -4.7519684 -2.1855774 1.2783253 -7.4684424 -0.025301103 -2.090618 -0.0022958731 -6.5076394 10.011737 -0.02487221 9.165812 -0.2259782 -0.026670307 
-1.916359 
0.0 
