1 20 1 1 
-1.1768389 0.11352958 -0.60050064 1.7577071 -0.10181395 -0.5588456 -0.42155844 -1.0128485 -0.97711086 0.026905714 -0.1827677 1.2751398 -1.1861515 -0.07294966 0.28391567 -0.13301258 -0.3015556 0.4353057 -1.233366 -0.18002214 
-0.17283882 
6.934295 
-0.054263655 
0.39733294 
3.9283972 
-0.10648719 
0.07605248 
0.28373674 
1.1414694 
0.0014335464 
0.23262654 
0.1733935 
0.033648472 
0.075206496 
-0.90273255 
-6.078269 
-0.102076195 
0.21430291 
0.16670522 
0.15430216 
1000.0 
-0.015276643 -7.8568006 -0.011696969 -0.29130834 7.0875835 -0.02132383 -0.0042281677 -0.010091324 1.1626856 -1.3509648 -0.009032223 -0.5743717 -0.0022104967 -0.0041170004 -5.8712335 4.793557 -0.018072281 -0.32104233 -0.007600184 -0.0070519918 
-0.047226116 
0.0 
