1 20 1 1 
-0.13433307 0.7050516 -0.6335309 -0.9107044 -0.3753668 -0.7929197 -0.85273576 -1.9850026 0.9536778 0.5110367 0.8103749 -0.71081793 -0.9136449 -1.3939911 0.110415846 -0.26955295 -0.024804125 -0.5942271 0.33383572 -1.5504863 
9.1148205 
0.70957106 
-2.2364786 
0.13870697 
-2.2391813 
-2.3567734 
0.09269965 
-2.743905 
1.1062323 
0.55427635 
0.25080138 
0.23573706 
-2.2484484 
-2.2371824 
-3.8567395 
0.17562127 
0.009464644 
-2.436124 
0.5064145 
0.06002149 
1000.0 
10.58726 -5.0492754 2.354605 -0.025995927 2.309685 2.1397135 -0.023232546 2.8691914 -9.522512 -4.55303 -3.9980977 -0.028907334 2.2588556 2.4029965 13.197686 -0.027400788 -0.009042856 2.567785 -3.3175652 -0.02479175 
-5.538592 
0.0 
