1 20 1 1 
-0.031065261 -0.03324754 -0.057036832 -0.88474613 0.55997425 -0.23564632 0.3294483 0.1849884 -1.5343871 0.38830608 -0.121902995 -0.10143052 -0.056471527 -0.29775026 -0.4631885 -0.95477194 0.66995496 -0.9161959 -0.08420512 0.29257727 
-0.19873217 
-0.25903112 
-4.345165 
-1.9890863 
0.7531972 
-1.9724228 
1.2664715 
-6.7651687 
-1.9708376 
0.48857993 
13.093089 
-1.038217 
-3.9373984 
0.024256479 
-1.9671752 
-0.0068170954 
0.6782348 
-1.9689674 
-5.7323856 
1.1419628 
1000.0 
-0.02333553 -0.021552498 5.974259 2.170656 -3.324918 1.8880888 -6.4683666 -8.497435 1.8999871 -4.860379 9.321052 0.7713 5.833812 -0.029841065 1.9542851 -0.02539445 -3.3172312 1.9181688 8.61726 -5.7373815 
-3.4849844 
0.0 
