1 20 1 1 
0.00048812176 -0.16220936 0.02142196 -1.6010071 -1.3209231 0.005419279 -1.3359607 -0.36738735 -0.6655738 -1.5225208 0.34786308 -0.10957479 -1.246786 1.4098561 -0.008195417 -0.37628654 -0.5548844 0.074747585 -0.40085772 -1.7321845 
-0.0006452146 
-5.343192 
-0.23640941 
-0.85755205 
-1.4238654 
-0.002436906 
-1.300037 
0.027294515 
5.0366747e-08 
0.26958752 
2.3977234 
6.452302 
-1.205315 
0.25272083 
-0.013810202 
0.09096937 
-1.253097 
0.21733318 
-1.2708972 
3.3300333e-12 
1000.0 
-0.0559996 6.7707934 -3.0161293 0.86540306 1.2762089 -0.79007787 1.2184285 -0.01555769 -5.7872406e-08 -0.022770055 -8.166667 6.487591 1.1628845 1.6949041 -1.6030856 -0.021002563 1.1922888 1.8180022 1.2025214 -3.8168553e-12 
2.0665255 
0.0 
