1 20 1 1 
0.7901191 0.0013824627 1.6345985 0.22536588 -0.029261805 -0.06200776 -0.26958656 0.0064518685 -0.7623944 -0.15641858 -0.501236 -0.9990307 -0.16641654 1.0235664 1.0130867 -1.1333992 1.2466701 -0.11646511 0.8371245 -0.22639152 
0.25910065 
-0.002633657 
0.24141861 
-1.7504913 
-3.2987484e-15 
-0.63911355 
-1.255201 
-0.0040113 
0.12993701 
-2.3410404 
0.002393176 
-1.4325341 
1.1799786e-08 
-0.11867506 
-0.15652533 
-1.3789047 
0.4623939 
3.555755e-09 
0.32993612 
3.4375474 
1000.0 
0.4630646 -0.22417845 0.45375237 -6.7239366 -1.0930266e-12 -0.0062333676 1.2042706 -1.5494627 -0.03206582 4.5739465 -0.02402949 1.483256 -2.9246948e-08 -0.9509103 -0.8471861 1.3712311 0.5193065 -5.8773526e-08 0.4909029 4.335349 
0.6327187 
0.0 
