1 20 1 1 
0.61814874 0.4472004 -0.15480064 -0.073666155 0.115845665 -1.1190268 -0.29199648 0.13860595 0.7820687 0.42907712 0.8803352 -0.078842446 0.0048061884 0.25125235 -0.4145109 0.15173583 1.1749147 0.8908733 -0.36507025 -0.6182432 
0.45282954 
0.33730963 
-8.704394 
3.769662 
-0.8475796 
0.33254823 
-2.1036317 
4.9552627 
-0.17506777 
0.5106693 
0.18610713 
-3.83546 
-0.0030978147 
0.38047656 
0.026749087 
-0.25379503 
-0.3053007 
-0.22282921 
2.6050205 
-2.2113206 
1000.0 
5.1109977 5.506177 5.200525 10.790131 -4.5780916 -0.03473585 1.9983497 -6.9519143 -4.5159736 5.1321435 6.557614 5.070936 -0.82831556 6.119857 -0.03184455 -4.6285806 -4.4571815 -4.466271 7.029257 2.3426282 
4.7551055 
0.0 
