1 20 1 1 
-0.054446217 -0.85690653 0.028028319 -0.05865155 -0.23208502 -0.2404053 0.37586814 0.061901264 0.11862148 0.3715043 0.21394026 -1.8784196 -0.15661041 0.34009013 -0.7279326 -0.0006652758 0.16043192 -1.0528204 0.024084764 -0.26742443 
0.004254072 
6.969727e-08 
1.2299106 
0.1050949 
-0.549485 
2.2467544 
0.20035082 
0.06420671 
0.45546877 
0.27103102 
0.32376766 
0.10832292 
-6.5745296 
0.2199378 
0.04646668 
0.001410545 
0.45977697 
-0.6135203 
1.2686374 
3.3453608 
1000.0 
-0.021838645 -8.695913e-08 4.9176087 -0.028589454 -0.016987612 1.6470742 4.7557907 3.5918891 5.53653 4.6625257 5.095576 -0.02873768 5.70186 4.86424 -0.029814897 -0.018913995 4.464149 -0.023079028 5.321746 2.2000496 
3.8411899 
0.0 
