1 20 1 1 
-1.3087325 0.63995767 -0.4557323 0.57422805 0.90583926 -1.0896987 -0.06469259 -0.06656602 0.9607435 -0.78358465 0.050907925 -0.14935812 -0.14815992 0.59413844 0.23888284 -0.870161 -1.2699349 -0.14044428 0.2296053 -0.44913754 
0.17760593 
0.1617586 
-0.4034458 
0.28003278 
0.46452904 
-1.1690286 
0.6118598 
0.19452325 
-0.10616946 
0.22579083 
0.41847607 
-2.8389254 
3.2113372e-12 
0.19301172 
0.24555576 
5.1776397e-07 
1.04093525e-08 
0.048164636 
-0.13198379 
-0.46091777 
1000.0 
-0.030358141 3.9986622 -0.016744705 3.9416807 3.8208134 1.3282086 6.956259 -0.030800806 -4.09099 -0.031472635 5.5953074 5.0282445 -3.2887386e-12 3.9920495 4.3631725 -5.017499e-07 -1.3299067e-08 -0.024404135 -4.218247 -0.026127495 
3.815896 
0.0 
