1 20 1 1 
-0.25291362 -0.25853673 -0.60024244 -0.27455342 -0.8156563 -0.3608868 -0.5420681 1.1666378 -0.08912546 0.5909438 -0.6190847 -0.96950567 -0.3862213 -1.001257 0.27722397 0.940169 -0.24739996 -0.30010122 -0.22247003 -0.2788321 
-0.13463357 
0.94487923 
-1.0900202e-06 
-6.365349 
-0.16031238 
1.0681294 
-0.11044908 
0.47003523 
10.286845 
-0.806188 
0.20920719 
-0.200683 
-0.20078635 
0.058184635 
2.4580946 
0.55600613 
-0.4009904 
-0.40790173 
-0.19362988 
0.1215205 
1000.0 
-0.058510073 0.47885728 -9.2855885e-07 8.983602 -0.06477854 1.2713614 -0.051693134 -8.395284 6.8285503 8.4026575 -0.0060504624 -0.05698087 -0.05704215 -0.0051971 -7.9808855 -8.381855 -0.03311713 -0.035024393 -0.052754655 0.12446058 
-8.094422 
0.0 
