1 20 1 1 
-1.438977 -0.9371595 1.0607002 -0.24710119 0.37784302 -0.22034597 0.38739392 0.26510018 -1.7947611 -0.1337495 0.23926042 0.007523074 0.26899913 -0.16934577 0.60031784 -1.3621978 -0.6288999 -1.6519892 -0.3939071 -0.38529533 
0.07648151 
0.07440932 
0.4328944 
-1.3677453 
0.39619675 
-1.3588701 
0.23855656 
0.9898733 
-1.3107806 
-1.2563984 
0.35891134 
0.05258299 
-0.19552158 
0.1891867 
-0.2948362 
-1.3740948 
-0.6061467 
-1.4438303 
0.050978217 
-1.3689657 
1000.0 
-0.0008433866 -0.0008084174 4.5419583 1.1319331 4.651058 1.1334478 4.794707 -5.294305 1.146923 1.1979448 4.7533355 -1.4708428 -2.6933396 -0.0014025979 -4.4174814 1.1309912 0.62420934 1.1253165 -0.00068548485 1.1317436 
4.5116396 
0.0 
