1 20 1 1 
0.4091162 -0.024760703 0.09882166 0.4217784 -1.2405472 -0.58376896 -0.09056895 -0.032821406 -0.27222875 0.28973615 -0.63370407 -1.1369042 -0.08844454 -1.3639023 -0.36528715 0.0061683827 0.39196986 -0.20368959 0.5120892 -1.3239146 
0.079352014 
0.11698053 
10.068754 
1.3258964 
0.06264278 
-1.1904266 
5.036711 
2.599126e-09 
-0.82097995 
0.11194074 
-0.8330348 
-0.84624434 
-2.8430417 
-1.574845 
-1.0297766 
0.07513148 
0.3766847 
-3.2496247 
0.13037135 
-0.8106804 
1000.0 
2.5007257 2.7580404 -7.9014654 -8.429151 -0.02452118 1.2546167 7.0560455 -2.1702542e-09 0.8057631 2.6315243 0.82600963 0.7457572 4.448367 1.7233686 1.1545031 -1.9079717 2.889415 6.260376 2.638504 0.78730726 
3.0706666 
0.0 
