1 20 1 1 
0.07597735 0.7969258 0.81426746 0.005185392 -1.1063216 -0.19690055 0.012262196 -0.3432974 -0.6889445 -1.1216178 -1.4549329 -0.6988666 -0.8067016 -1.5819801 0.007595547 0.5219229 1.1124986 0.9351909 0.07047756 -0.00087473553 
0.06014478 
0.16460614 
0.093149155 
-0.0073875156 
-1.3022377 
-1.1806735 
-0.002467619 
1.1223066 
0.122191414 
-1.3719221 
0.04818419 
-1.3611796 
0.046391204 
-1.3832458 
-0.008549297 
0.2735741 
0.20635243 
0.3290854 
0.4583501 
-0.00021383133 
1000.0 
0.24333224 0.26571372 -0.022942599 -1.3824792 1.3963256 0.76227564 -1.651862 6.4494658 -0.027013345 1.322853 -0.023426322 1.3280145 -0.023171427 1.3182303 -1.0083652 0.39691764 0.3187964 0.41552988 -3.4705882 -0.49937522 
0.55901784 
0.0 
