1 20 1 1 
0.5527434 -1.5865977 0.21279861 -0.5343239 0.12365627 -1.5457782 0.10447444 0.25234511 -0.18540345 0.13363776 0.07094208 -0.11138905 -0.3283018 1.0992246 -0.869509 0.71731657 -0.38769346 0.2620841 -1.0018971 -1.4050177 
0.2528192 
0.28094548 
-0.1187688 
-0.5734237 
-0.6462354 
0.14801979 
0.24299851 
0.15958786 
-0.40132102 
-1.6374496 
0.30625632 
-1.7681476 
0.22855794 
0.35092252 
-0.37699252 
0.35807368 
-1.2697867 
-0.12963177 
0.11614785 
-0.5440025 
1000.0 
3.6310573 -0.014876542 -4.247459 -0.011589522 -6.055091 -0.014878594 4.0708504 3.65677 -0.012871189 -6.545267 4.23535 4.883434 -0.013851973 3.6212087 -0.01068655 3.6785479 1.2901307 -5.2300267 -0.01295131 -0.037774336 
3.8502781 
0.0 
