1 20 1 1 
-0.060435947 -0.58125323 -0.95175904 -0.16092421 1.0718249 1.3739793 0.39954802 -1.7100194 -1.074464 -0.11688836 -0.07634811 -0.42524928 0.23257503 -0.5762331 -0.54145205 -1.985331 -1.2344303 -0.77661437 -0.016313776 -0.05606695 
0.18907236 
-0.6623894 
-0.6920546 
8.9869934e-07 
0.7598433 
0.50423115 
0.56842893 
-0.7755114 
-0.8778523 
12.249266 
-7.9201584 
-0.8745214 
-5.2119265 
-0.704085 
0.12623583 
-0.66508895 
6.3350006e-11 
-0.36839014 
0.011599025 
-4.6832476 
1000.0 
-0.029552579 0.6718414 0.72956884 -9.0303394e-07 -4.835015 -4.910173 -3.9954429 0.74356616 0.8109592 7.9565578 7.7991576 0.91063684 -10.344161 0.6943261 -0.027448842 0.6719215 -6.4858945e-11 0.37459707 -0.0031306825 5.7478633 
-4.6623664 
0.0 
