1 20 1 1 
1.056495 0.66481507 0.07903188 -0.20923336 1.2346942 -0.16628478 -0.25245982 -0.07191529 -0.056915116 -0.63665897 -0.5780201 0.04675399 -0.061264027 -0.81179106 0.85584116 1.2764772 -0.6340757 -1.1051698 -0.68773526 -0.059627093 
-0.15249848 
0.3045138 
1.0079103 
1.6446761 
0.21345817 
10.912602 
-8.144234 
-0.56921756 
-0.41220978 
0.08485739 
0.06681936 
-0.013523737 
-1.6897767 
-1.4649789 
0.32375836 
0.33383384 
-1.4644532 
0.31496716 
-1.5273168 
-1.1093353 
1000.0 
0.22201456 -0.8629251 -3.9993615 4.0031457 -1.0803282 9.382446 9.760108 6.4562926 5.292552 -0.024035966 -0.022277175 -1.8107411 5.6123834 1.6604581 -0.88314635 -0.9232686 1.5712472 -0.025993895 1.744092 5.4870806 
-0.64279175 
0.0 
