1 20 1 1 
-0.11219119 1.193184 -1.0945444 -0.07043061 -0.019523624 -0.035400715 0.0100469235 0.06523215 -0.1879492 -0.15503949 -0.5198206 0.21429309 -0.16279677 -0.11240857 0.0006980883 1.4366542 0.019376956 0.13277744 -0.47111318 -0.2500224 
-6.7537537 
0.29064488 
-1.8846022 
3.1176426 
5.798033e-12 
2.1967423e-13 
-0.0007329564 
0.047745723 
9.552565e-07 
-1.6264188 
-1.8727853 
0.48283112 
1.0777014 
3.872114 
-0.00024118132 
0.2039028 
-0.011645044 
5.1373825 
-1.8740264 
0.30266535 
1000.0 
5.3686156 0.0891002 1.6394132 6.383449 -8.5551544e-10 -9.380768e-13 -1.3643181 -3.5499787 -4.8360977e-05 4.4795127 1.7784712 -4.3168335 3.3253028 7.6074543 -0.113905005 0.15237471 -2.5109248 -8.754004 1.6944666 -0.032127514 
0.07574445 
0.0 
