1 20 1 1 
-0.5194607 0.31382358 0.0012387078 -0.6198229 1.623858 -0.31901443 0.16620263 -1.1500428 -0.19090231 0.14090249 0.9479301 -0.3539823 -1.6214615 -0.31082356 -0.47812995 0.47256544 -0.14055115 -0.50901496 0.5928032 -0.047059372 
-0.3880782 
0.18435898 
0.01715571 
-0.46382317 
0.26321682 
-0.6050427 
0.24410385 
-0.42601398 
-0.7133296 
-1.0256109 
0.17636822 
-0.46964562 
0.088831365 
-0.52878064 
0.11307039 
0.10120005 
-0.49930236 
0.23481737 
0.4876971 
-0.4172862 
1000.0 
0.3815885 1.864342 -0.69215673 0.42050472 1.8822681 0.49238333 1.5930047 0.47487172 0.53765136 -4.171444 2.0766244 0.53642774 -0.024813425 0.5974928 -0.026304968 0.668417 0.43982837 -0.027048199 1.5305457 4.5873837 
1.4711636 
0.0 
