1 20 1 1 
-1.0359735 -0.8285235 -0.24222817 -1.8907217 -0.39052385 -0.98348594 0.49674362 -0.14122672 1.264695 0.6495726 -1.3860667 -0.20348123 -1.2031977 -0.8250346 -0.16082032 1.3839417 0.28312802 -0.5179162 -0.53029 0.57611823 
-1.5851588 
-1.6153433 
-1.5963639 
-1.6707348 
0.021645239 
0.058867518 
1.2645155 
7.7214184 
0.7530913 
-0.7823242 
0.30149952 
-5.1322227 
-1.6897595 
-1.5558906 
0.026034875 
0.3855026 
-1.3346303 
-1.7974184 
-1.5683476 
0.7777829 
1000.0 
1.6389059 1.6205614 1.656463 1.601392 -0.02168837 -0.025813142 -6.668325 9.612453 -8.53208 9.193098 -0.030377945 4.720261 1.597213 1.6669483 -0.022974925 -8.345144 9.878437 1.5842396 1.6207446 -7.8933 
-8.368604 
0.0 
