1 20 1 1 
-0.7048862 -0.98970723 -0.037249863 -1.9392579 -1.5470932 0.25998148 -0.119109035 1.0531389 -0.74545276 0.9558422 -0.0355344 -0.94317985 -0.08348809 1.0770181 -1.1067928 -0.27590346 0.35302716 -0.40602943 -0.82252777 0.2951611 
0.24299382 
-0.9530555 
-0.17873834 
0.26060125 
-0.99344015 
1.1231002 
0.04903079 
0.3611951 
-1.1289175 
0.3641261 
-0.14013161 
0.2454433 
-0.041752 
0.24681047 
-0.92681545 
-0.93105215 
0.29745468 
-0.9698525 
-0.32042584 
-2.7538598 
1000.0 
-0.029961465 1.0819601 -0.011305086 -0.030212112 0.8752239 -5.1814165 -0.023827387 3.8193636 1.2038319 3.8592029 -0.0007487192 -0.02999819 6.677633 1.8585252 1.0680134 0.9298109 4.7055 0.8862245 0.3231081 -8.853269 
1.6902746 
0.0 
