1 20 1 1 
-0.2943073 -0.46612197 0.5445064 -1.3025978 0.5506113 0.0024280392 -0.82529545 -0.8838891 -1.2447157 -0.09450506 0.6411714 1.2070765 -0.067587584 -0.37454644 -0.38280305 -0.395972 -1.5852122 -1.3072138 0.14449252 -0.16822116 
-0.027310522 
-0.047284104 
0.8605408 
0.2956987 
-1.2588103 
1.6144269 
0.83252406 
-0.36131102 
0.20201716 
-7.135402 
-0.46976346 
0.5090749 
-7.082203e-08 
1.01108 
-0.3431335 
0.16071834 
0.018947847 
-0.24769135 
11.5972185 
-0.17508611 
1000.0 
-0.0055156797 -0.008262509 9.287764 -0.0007884878 -5.5102606 7.8066645 0.8397193 -0.0044918605 -0.0006556463 4.926952 -6.4195247 9.1250105 -7.396373e-08 1.0232023 -0.006157595 -0.0013107401 0.018997392 -0.026232587 -11.112491 -0.011633005 
8.232593 
0.0 
