1 20 1 1 
0.58773696 -0.3548312 -0.0745227 0.7710509 -1.2659547 -0.03193024 -0.95436084 -0.2522515 0.45069125 -0.21452624 -0.92906463 -0.112501495 0.17262338 -0.37591323 0.8380731 -0.21414313 -0.6837479 0.57009023 -1.4185228 0.71650076 
1.1053276 
0.12845571 
0.20139514 
0.3063709 
0.091045685 
-0.2631841 
0.032277923 
0.104223214 
0.7364157 
0.03554901 
-2.6618977 
6.627978 
0.75177515 
0.08359076 
0.3133744 
-7.381403 
0.043807186 
-0.885183 
-1.7039566 
0.44088668 
1000.0 
-9.858586 -0.03185254 -0.03388361 -7.301914 -0.029964915 -0.030851224 -0.027105194 -0.030736813 -6.9938865 -0.024094595 2.6755788 9.012453 -5.1499786 -0.029459478 -6.4686317 4.5722613 -0.025399365 8.847339 1.7420889 -6.8505754 
-8.088112 
0.0 
