1 20 1 1 
0.20004196 0.22882625 -1.7846762 0.19743954 -1.0584893 -0.07215193 -1.1327792 0.2607839 0.5161768 0.74336636 -0.10325522 -1.5342966 -0.59928536 1.2953638 0.71070963 0.39099634 0.23516476 -0.50837857 -0.3904612 -0.3607878 
0.14978352 
1.0023118 
-1.2229246 
0.7077915 
0.32888186 
-4.5487194 
-1.216233 
1.196298 
-0.058028627 
0.42248663 
6.0675125 
-1.2197613 
-1.1906049 
0.48461252 
0.13453841 
0.2453342 
-6.213203 
0.21162559 
-1.2185246 
-1.2055724 
1000.0 
-2.6338806 -4.5840425 1.2828654 -3.958928 -0.028360078 7.145563 1.2065583 -5.222868 1.4053864 -2.4481578 7.1558065 1.2485728 1.0548823 -2.4566088 -3.6469915 -2.5400302 -8.755547 -0.026304066 1.2342877 1.1071247 
-2.1661694 
0.0 
