1 20 1 1 
0.19007598 -0.1140756 -0.1178083 -0.5678494 -1.2183731 -0.5244296 -1.3705395 1.2292364 -1.5754654 0.025439216 -0.05933577 -1.3369054 -0.028313627 -1.2386644 -0.16713786 -0.6128316 0.02425976 0.98150617 0.83735114 -0.5709456 
-2.2320786 
3.1334138 
3.247976e-08 
-0.009355453 
-1.4603041 
-0.8498657 
0.054051142 
0.38808247 
0.13427533 
12.858968 
-2.0271335 
-0.78008866 
8.4376734e-05 
-1.0910335 
-0.4295641 
-1.2653084 
0.006138965 
0.37735757 
0.33067578 
-0.8611255 
1000.0 
-7.666633 7.171456 -2.0954134e-08 -0.013740571 1.6105927 0.8824276 -0.026745891 -0.73733336 -0.031633284 -7.927993 6.2567544 0.8032403 -5.9366033e-05 1.2287067 3.8827226 1.342341 -2.7841413 -0.6785457 -0.6327509 0.9145048 
-0.58526236 
0.0 
