1 20 1 1 
0.47621405 0.094755046 -0.18971036 0.8826061 0.071087055 -0.40021768 0.4065034 -0.18090399 -1.44864 -0.79885715 0.59256506 -0.60642105 -0.9512297 -0.08482841 -1.3077168 0.544424 -0.80853766 0.008953552 -0.4275396 0.09621649 
3.024717 
0.45542175 
-14.567994 
-0.14845738 
-0.30625972 
-0.23749946 
0.15349981 
5.964687 
-0.4560479 
0.31866756 
-0.32643986 
0.10733388 
-3.662406e-07 
7.342628 
-2.1755142 
0.036657482 
-0.63348204 
-0.055690616 
0.00032884927 
0.49020106 
1000.0 
-10.16813 -4.9910817 7.2599998 -1.0999743 5.0218167 -0.024222426 1.752145 9.299752 -0.02573949 -0.035680596 -1.2717081 -0.032704186 -4.007065e-07 7.510535 2.2896056 1.8421075 -0.020436753 2.8053813 -0.0004898364 -5.075182 
1.4143146 
0.0 
