1 20 1 1 
-1.4324574 0.5087276 0.329709 0.29120988 -0.5850854 -0.52733797 -0.5592464 0.1941555 0.33212486 0.5891955 -0.40306205 -1.371363 -0.6389222 -0.09068303 0.5602668 0.12101377 -0.194992 -1.9917257 -0.13653214 0.5710339 
-1.8754958 
0.44627282 
0.9228789 
0.66622627 
-2.325612 
0.1027653 
-0.34142503 
-3.0824366 
0.5532773 
0.4359845 
-1.0765907 
-0.00039570464 
-0.42529464 
4.0225253 
0.51514083 
-1.0986557 
0.23161688 
0.13787293 
-0.8585731 
0.40573907 
1000.0 
1.8926504 -5.946557 -5.198921 -4.8632107 2.33195 -0.030653352 -0.015011108 -7.686963 -3.993252 -6.5852456 1.1431893 -0.00040994346 -0.013191301 6.326926 -6.2534304 -4.7892246 -0.004091314 -0.025557484 0.9006142 -6.513368 
-14.487272 
0.0 
