1 20 1 1 
-0.014794745 0.114983946 -1.3530053 -0.5537506 0.0034495366 -1.3122152 -0.24500567 -0.09545369 1.4538265 -0.100568905 -0.112388775 1.5595663 0.4285965 -0.7722166 0.81282836 -0.22106282 -0.007870448 -0.12123168 -0.5277887 -0.20390727 
-3.51912e-13 
0.14784084 
-0.017149374 
0.09300872 
0.0032983758 
-0.34980524 
-1.1190192 
4.2066575e-05 
0.5086344 
0.08410458 
-0.5286525 
0.2501077 
0.03324748 
-0.14950626 
-0.28175318 
0.19010887 
0.05470635 
0.9081779 
1.2523502e-09 
-0.13249192 
1000.0 
-7.908637e-12 -1.1135653 -0.0017230159 -0.02846728 -0.94027233 -0.0075486125 1.1267487 -4.4590066e-05 -1.017992 -0.028052662 2.188064 -1.1786708 -2.4809344 -0.010927666 0.8633389 -0.030935291 -1.0234076 3.9137678 -1.262888e-09 -0.010516161 
-0.8748181 
0.0 
