1 20 1 1 
-0.4745999 -0.90099454 -0.51581323 0.24026527 -0.90361696 0.5625911 -0.7693725 0.32944757 0.4657452 1.328832 -0.5135343 -0.1021359 0.2796247 -1.2182573 0.4331439 0.45886365 -0.8522226 -0.3970219 0.49868023 -0.028732605 
-0.36554736 
0.09210473 
-1.4155955e-05 
-2.8437493 
3.1985625e-08 
0.7468052 
-2.319831 
-0.60125756 
0.2836854 
0.2433048 
-6.9786336e-11 
2.9340334 
0.42618346 
-0.6009493 
0.46811777 
0.32579914 
-2.3953776 
-0.25882292 
0.66645795 
0.15455605 
1000.0 
-0.0036821158 -0.0063382327 -1.4847736e-05 -9.4182415 -3.542951e-08 -5.636026 2.5016816 5.023558 -4.6728973 -5.344271 -7.068944e-11 6.8280563 -2.8078191 -0.0067784796 -4.343392 -4.6023235 2.5530162 -0.0045862575 -4.9974494 -0.009243471 
-5.0844913 
0.0 
