1 20 1 1 
-0.94610626 -1.0391854 -1.399803 -0.049724516 -0.09893227 -0.077374645 -0.07685137 0.15763184 -0.5817366 -0.19322425 -0.85761803 -0.16933516 1.0477738 -0.085666314 0.6038341 -1.5911884 -0.82262355 -0.07595697 -0.53799784 -0.28412494 
-0.31892654 
0.0801082 
0.809742 
0.052598935 
0.27829927 
1.6622757 
2.138706 
4.0028286 
0.21190192 
0.23302448 
-0.21977983 
-6.207847 
0.5326144 
0.1539127 
0.26835966 
-8.2389625e-12 
0.97377783 
-0.88777953 
-0.5684109 
-0.110461615 
1000.0 
-0.016705649 -0.024170924 0.8165187 4.1232467 -0.028930696 6.5401936 6.6049967 -9.456436 -0.027655412 -0.028126795 -0.027258815 4.5547853 3.3190703 -0.025853895 3.3658922 -3.9108045e-10 0.9794798 5.2838645 -0.033691652 -0.012745919 
3.3876448 
0.0 
