1 20 1 1 
0.12665819 -0.38269544 -0.37505406 0.62946594 -1.5649393 -1.8769153 -0.69798446 -0.15511009 -0.19083399 -1.3347536 -0.42601934 1.1680349 -0.007909045 0.31174687 -0.14259574 -0.4898714 -0.022867687 -0.010313708 0.21487 0.57362735 
7.6850386 
-0.09586343 
-0.18838894 
0.5725199 
-0.071305275 
-0.19352536 
0.10347076 
-0.010252509 
0.19123602 
1.2874277 
-4.9842e-14 
0.32226843 
0.00669658 
0.32960528 
-1.5288092 
0.0011070028 
-0.22042495 
0.01054325 
-3.6328814 
0.374946 
1000.0 
-7.950577 -0.014672764 -0.0063226316 1.8516269 -0.011408131 -0.00660359 -0.02981159 -0.016257528 -0.032045912 1.372162 -5.4070446e-14 1.9484541 -0.8145586 1.8533757 4.3284817 -0.02065889 -0.02623527 -0.884049 -8.328231 1.8655477 
1.8744198 
0.0 
