1 20 1 1 
-0.9010931 -0.017349273 -1.8613974 -0.63053966 0.42986113 0.42578793 -1.2389894 0.3749512 -0.01923275 -1.011273 -0.91413593 -0.65202755 -0.035926487 0.11642121 -0.0005638397 -0.009333206 -0.14132366 -0.22205818 -0.57184696 -0.3585647 
-1.8694166 
-0.04669217 
-2.0357628 
-1.8536208 
2.055206 
2.2719526 
0.10546291 
-0.14595577 
-1.4674519 
-1.903117 
0.20058021 
0.08322533 
-2.415491 
-3.1179407 
0.0015591225 
-0.7454229 
11.876082 
-7.0173154 
0.117094204 
-1.893861 
1000.0 
1.7885997 -0.008157643 1.7904048 1.792873 -8.256878 -8.196073 -0.030387852 5.0799627 6.845353 1.7843983 -0.028266031 -0.028987283 7.815767 -6.1724105 -0.08918628 5.551773 9.000561 7.714488 -0.030969251 2.0001678 
-1.5381455 
0.0 
