1 20 1 1 
-1.6556596 -0.51492524 -1.4389377 0.13173197 -1.0757147 -0.24450512 -0.46760947 -0.071766265 -0.371347 -0.2645696 -1.3279047 0.010971258 -1.5324806 -1.569379 0.7291745 0.33115926 -0.25276121 0.5013504 -1.3361075 0.71986884 
-0.76605266 
-0.86719936 
-0.850535 
2.7304726 
-0.816177 
0.046994306 
-1.0850848 
0.07782935 
-0.892946 
-0.87702 
-0.76224834 
-0.036693737 
-0.82465297 
9.0198043e-10 
0.48859164 
0.7728134 
-0.90053296 
0.17788637 
-0.91963756 
0.16783342 
1000.0 
0.7832393 0.80744356 0.80137354 -7.420958 0.78927654 -0.001218046 0.8764552 -0.00073173555 0.81677854 0.8110175 0.79024094 -3.529705 0.79214287 -1.0296011e-09 3.0601752 3.076695 0.8194817 2.582688 0.8262069 2.3314147 
3.031402 
0.0 
