1 20 1 1 
0.0079060085 -0.53332824 1.5318469 0.13143088 0.048800536 -0.95888007 0.010690257 -1.8271848 -0.620225 -0.75594276 -0.036021736 0.5862285 -0.6910401 -0.17837399 0.35584822 -0.13198923 -0.6107124 0.19503064 0.64150083 -0.7754073 
-0.0155750215 
0.19086808 
0.27104932 
10.52753 
0.02744466 
0.84662527 
-0.0152318515 
0.6589391 
-0.1421474 
-4.6263776e-06 
-5.5088098e-05 
0.42330807 
0.06801888 
2.821621 
0.16149165 
-4.2350707 
0.7336307 
-6.1395044 
0.4972044 
0.95120406 
1000.0 
-2.7592394 0.19454193 1.9962571 -8.3773155 0.790361 0.9333653 -2.0702055 0.70570594 -0.0028179737 -8.813142e-06 -0.00033251426 2.0739174 -0.030684026 5.1607904 1.8552071 5.34562 0.8169035 -9.547646 2.101826 1.0743773 
2.2709055 
0.0 
