1 20 1 1 
-0.40079838 0.11145259 -0.2900859 -0.29382885 -1.3832147 1.3617198 -1.1786486 0.7852112 -1.0592544 -0.05857427 -0.13934757 -0.7758425 -0.53583884 -0.9160632 0.36386037 -0.35072067 0.6430093 0.32716915 -0.55236113 -0.37030867 
0.082231775 
3.646074 
0.16069028 
-3.41449 
0.1270571 
-0.36271593 
0.11098138 
0.40662888 
0.016188929 
-0.7739002 
-0.63326937 
-0.42477745 
-0.3236089 
1.374476 
0.60532236 
0.04209598 
0.39472765 
0.7274101 
1.3671943 
-0.36028266 
1000.0 
-0.022085471 -6.7364693 -0.023778653 8.133219 -0.022303186 -6.1590505 -0.024487576 7.387803 -0.013525537 -0.02148819 -0.01592101 -0.021175776 -0.022982948 1.5141628 8.092581 -0.016398821 9.031039 7.505271 1.505111 -0.021984925 
6.638647 
0.0 
