1 20 1 1 
-0.24884042 0.38553733 0.5111153 -0.07902511 -0.5133758 0.8642371 -0.5387959 0.4792671 1.6579056 -0.7486071 0.2918387 -0.77819175 -0.38472575 -0.43792135 0.1901781 -0.54489535 0.19213687 0.1334015 -1.294014 -0.23815686 
0.34193197 
-0.26601696 
0.413692 
-0.9677644 
0.24920566 
-0.20594783 
-1.0736305 
0.34437734 
0.3051215 
-1.1040703 
1.1764395 
0.14718014 
-1.3796481 
-1.0728452 
0.4779873 
0.030013787 
-5.058211 
6.8823066 
-1.0800931 
0.26483184 
1000.0 
-0.02866345 -3.8451622 4.8649874 6.4769974 -0.033862375 -4.271915 1.031081 5.184433 4.8463135 0.96198606 -5.8480787 -0.03162329 1.5348349 1.189416 6.80416 -0.024876015 -7.6692266 -8.087543 1.0076771 -0.034073852 
4.353957 
0.0 
