1 20 1 1 
0.6552824 -1.3231728 0.568426 -0.637977 -0.030725041 0.9594212 -1.6418544 -0.71873724 -0.5084169 0.97357994 -0.10786302 0.31750166 0.2978956 -0.022104008 -0.095156476 -0.6729263 -0.40331447 -0.5101108 -0.75980234 0.41993284 
0.39889267 
-0.6075017 
0.967135 
-0.2705481 
-0.13276626 
0.36547083 
0.17533894 
-0.40355182 
-1.2840937 
0.542196 
0.0959443 
0.3707682 
-4.1151423 
-0.04140958 
1.7448215 
-0.14771943 
0.050812636 
-1.0338415 
-0.64907634 
0.2901264 
1000.0 
-6.566393 -0.009341081 -9.143024 0.4216564 -0.0069054603 -4.6509995 -0.031036885 -0.007352536 1.3947302 -4.746667 -0.028035376 -3.1897843 -9.0910015 -0.0066857273 4.784259 -0.003693709 -0.027991777 1.1515493 0.7158776 -4.219607 
-4.782689 
0.0 
