1 20 1 1 
-0.36761698 0.0626999 -0.12626459 -5.5925106e-05 -0.52938455 -0.20721364 0.62439066 -0.5795757 0.7788755 0.24389157 0.9202396 0.87271017 0.29554838 0.08495782 -0.5561449 -1.8459749 0.4259223 -0.0016969286 -0.50880736 -0.043240204 
2.247705 
-0.031383388 
-0.34401843 
0.0074439915 
-0.51679116 
-0.43965733 
0.28117806 
0.054918036 
0.42753989 
-3.378332 
0.30220753 
0.42919502 
0.2552765 
3.908955 
0.18713652 
-2.7383647 
0.43966958 
0.0009177858 
-0.13992782 
-0.6581943 
1000.0 
5.819134 -2.0567458 -0.0063146777 -0.4876322 -0.0049373247 -0.0077799703 -2.851391 -0.022706345 -2.7001605 -7.554734 -2.8456643 -2.7041514 -2.8003473 -6.244151 -0.027702343 2.8083076 -2.656497 -0.22614552 -0.02088579 4.5145717 
-2.4391983 
0.0 
