1 20 1 1 
0.13998774 -0.106575325 -1.7395253 -0.055591743 -0.16039498 -0.18359508 -1.8338135 -0.17299004 -0.13939938 0.20680392 -0.11766346 -0.3909746 0.84833956 -0.18803681 0.120512016 -1.9573034 1.0165808 -0.1581085 0.50788826 -0.47615573 
-3.5883813 
6.260067 
-0.83188236 
-2.2214484 
-0.800151 
-0.9049791 
-1.1607726 
-0.016487796 
-0.25203282 
1.3348924 
-4.3980618 
-0.93190515 
0.15717062 
-0.96369004 
6.0584054 
-0.7786221 
0.49239528 
-0.79266286 
0.27716216 
-1.1559703 
1000.0 
-7.5170474 6.384797 0.96569175 4.7645473 0.74617046 3.0887716 1.3297123 -0.0036946964 0.1655197 -6.1962113 4.8577933 0.74397105 0.5582021 0.89092565 -9.336844 0.7812716 0.96207523 0.7513465 0.936058 1.3232886 
1.1266687 
0.0 
