1 20 1 1 
0.045547813 0.25460058 0.26221418 -0.99766195 0.7199361 -0.017237242 -0.005166007 0.1304777 0.7406941 -0.033155523 -0.42920193 -0.001128953 0.41193676 -1.2082906 -0.09926507 -0.30341822 -0.5097235 -0.7533161 -0.5695334 -1.1754001 
0.083701864 
0.36610323 
-2.5023892 
-1.4828827 
0.3002476 
0.019113246 
0.028179077 
6.449965 
0.49403736 
0.1985982 
0.0055413777 
0.0006477446 
1.6589851 
0.057224132 
-0.048624575 
-0.8386326 
-1.2630702 
0.17354712 
-1.4673548 
-1.3687011 
1000.0 
2.7051117 3.3669224 -7.82904 1.6443734 3.2474043 -0.018946134 -0.6287205 -9.7726345 3.4011085 3.3429058 -0.015873302 -0.053781677 -8.248331 -0.023347951 2.9625163 0.8529602 1.3495445 -0.029475035 1.2011439 1.2031332 
3.625455 
0.0 
