1 20 1 1 
-0.91438454 -0.19908895 1.0260023 1.2604616 -0.29903448 -0.79025984 -0.57222784 -0.58972347 -0.4020281 -0.19943546 -0.54706955 -0.4177326 -0.8407053 -1.5363729 0.0014811441 0.2996445 -0.22839616 0.86235386 -0.06684565 -0.6023601 
-0.4508997 
-0.57611746 
0.50191045 
0.24256265 
-0.2675995 
-1.5315303 
-1.1904827e-05 
0.16008691 
-0.18556249 
21.018625 
-0.091000006 
0.14740746 
0.20663764 
-1.2023021 
-1.5374224 
0.4875729 
-19.880316 
0.4090137 
0.011742348 
-0.82816786 
1000.0 
-0.006721668 -0.01959961 -4.294045 -5.241628 -0.01625409 1.587172 -1.2499332e-05 -0.0041557187 -0.015208046 11.022426 -0.006032342 -0.004213945 -0.005148051 1.3505225 9.837057 -5.9883885 10.453683 -4.361633 -0.00075701607 0.890636 
-3.9384165 
0.0 
