1 20 1 1 
0.5637655 -0.21536742 -1.9645582 -0.23558864 1.1332611 -0.59358907 -0.10083634 0.23548514 -0.45208973 -0.23544681 -1.7415384 0.42629465 0.12480254 -1.0103278 0.17027195 -0.6870115 -0.86649156 -0.8016711 -0.2539569 0.110885814 
0.51612115 
-1.473391e-10 
-0.07315917 
-7.601812e-06 
-0.12489995 
0.018923841 
-5.5048637 
0.67064315 
0.14937003 
1.407347 
0.2726153 
-0.4156691 
0.86073315 
0.066749856 
0.7773327 
0.17129484 
0.22141628 
-0.008273884 
0.018416543 
1.4516169 
1000.0 
6.4601984 -1.4774372e-10 -0.012530657 -7.861526e-06 -4.0140233 -0.016782647 5.415684 9.345412 -0.025812903 1.426954 -0.028808042 -5.621645 8.007579 -0.02399994 7.1641536 -0.026591178 -0.027896358 -0.008565721 -0.01891993 -4.423835 
5.7845054 
0.0 
