1 20 1 1 
-0.8312428 -0.10882077 0.337525 -0.13368729 0.18480487 -1.0970086 -1.0177057 -0.08673782 -0.12708744 -0.55335844 0.6664054 -1.8686833 0.3529861 0.9000584 0.6718967 -0.44727707 0.492567 -0.24722505 0.15752763 -0.21306373 
0.11598758 
-0.812949 
0.2440306 
0.7405886 
0.4341178 
0.33768463 
-2.2313917 
-0.28242552 
8.509413 
-2.0358512 
0.36434337 
0.11377713 
0.6291192 
0.27523825 
0.2445836 
0.07411472 
0.2359933 
-2.028978 
-0.9802784 
-5.147737 
1000.0 
-0.013616013 3.181452 -3.1318524 2.5758045 -3.6465144 -0.019296253 2.5312173 2.4455757 7.5216403 1.6535518 -3.0938284 -0.013339845 -6.9495673 -3.2620301 -3.2851703 -0.01219001 -3.2389581 1.6694187 -5.4098263 9.21332 
-2.7844343 
0.0 
