1 20 1 1 
-0.0002447609 0.12219737 -0.5628659 -1.4858094 -0.03477895 -0.020962315 -0.9466985 -1.3356413 -1.158889 -0.3147976 1.8673445 -0.0037423095 -0.0034189122 0.1092508 -0.0049838563 -0.7345372 -0.63490945 -0.54115206 -0.7680579 -0.1748955 
0.005048829 
-1.4366351 
-0.4462656 
-0.27520275 
3.732274e-11 
-0.05582092 
0.13695067 
-0.25130066 
0.18996961 
-0.22917981 
0.5019008 
0.016444756 
0.011233261 
0.108325765 
0.0036854406 
-0.23502575 
0.043775033 
-0.31875432 
0.022986483 
-0.34403864 
1000.0 
-0.7181826 -4.802882 0.36284587 0.25924525 -6.843896e-11 -0.00062191667 -0.0009939366 0.24163382 -0.0014541084 0.22524206 0.33816034 -0.69636685 -0.779768 0.2982836 -0.69420403 0.24751785 -0.0010098481 0.2896112 -0.00060015713 0.306005 
0.3976475 
0.0 
