1 20 1 1 
-0.94255924 -0.6599588 -0.27562228 0.31670249 -0.018153071 0.6310001 -1.7419677 -1.2571468 -0.14026622 -1.9799335 -0.77638394 0.025492553 0.01818435 0.1973361 -0.6446581 0.9015592 0.40986472 -0.8573561 -0.1027886 0.500657 
-7.791552e-07 
0.22873357 
-0.00024393026 
0.5440699 
0.124688506 
0.39710647 
-0.36113256 
5.6823075e-05 
8.634904 
1.262536e-07 
-0.0006066428 
1.0170374 
1.3928839 
-4.3778853 
-7.672401e-07 
0.4200296 
0.34370354 
4.339438e-06 
-11.780717 
0.3497652 
1000.0 
-3.6340097e-07 -0.020215146 -8.599495e-05 4.8523083 -0.017307982 4.7503037 0.42599642 -6.2575666e-05 8.170185 -1.2596615e-07 -0.00042272412 4.964379 5.074296 -7.9754 -6.350223e-07 4.78632 4.626509 -5.6570548e-06 8.259315 4.6620903 
5.0772085 
0.0 
