1 20 1 1 
-0.35811734 0.21052136 -1.213632 -0.9347359 0.7017073 -0.7915377 0.004654054 0.29832995 -0.4064859 0.21141146 0.6263196 0.41457066 -0.79582286 -0.21377212 0.57040256 0.21846533 0.2274091 0.098392844 -0.028789569 -0.13926557 
-1.6345426 
-3.1156337 
0.037073858 
-0.32374364 
0.33215553 
-0.42385402 
-0.009426533 
0.20403938 
0.15027685 
0.21457852 
0.6044896 
0.1950947 
0.29771015 
-0.31480095 
0.38200456 
0.14006259 
0.17511392 
3.8382013 
-0.09276699 
1.6963817e-08 
1000.0 
1.6922692 -8.176843 -0.028097544 0.28471953 1.5052524 0.42022157 -0.954941 1.613212 -0.03480554 1.1910235 0.796893 -1.5662454 -0.03680451 0.26509935 1.090846 1.9932004 1.493329 -5.9092813 -0.017017163 -1.3599523e-08 
0.59011436 
0.0 
