1 20 1 1 
-0.100195944 0.009796231 0.14950198 -1.5309856 -0.0012583769 -0.057572123 -0.31902063 -1.1763587 -0.51738584 -0.64259636 -0.046042714 0.6130363 -0.86607945 0.07019065 0.20261955 1.036658 -0.14781617 -1.8073794 0.08868299 -0.046530332 
2.9537165 
0.0146782715 
-0.95077825 
-0.5139597 
0.0035147783 
-0.019683033 
-0.38303667 
-0.42384058 
-0.33914724 
-0.54591525 
-0.002534006 
0.4965799 
-0.34025532 
0.043134272 
0.44955233 
0.5925566 
-3.0437362 
-0.66846555 
2.8312256 
0.066233456 
1000.0 
4.9742184 -1.2019285 -4.611782 0.5590061 -0.24287683 -0.0007129649 0.4062677 0.3977453 0.3373852 0.47886524 -0.0089920135 0.60606676 0.3379679 -3.4433146 -4.0135913 0.5980255 4.7369313 0.5465824 -6.0951586 -0.022073312 
0.58997834 
0.0 
