1 20 1 1 
0.4529026 -0.009638039 0.24214351 -0.3825662 -1.9955392 0.50344455 -0.20569232 0.15818296 -1.1108235 -1.6009064 -1.1757416 -0.02844414 0.17676155 -0.6344773 0.71469814 0.48627833 -0.73737293 0.5367342 -1.6130743 0.22060892 
0.55608815 
-0.059542768 
-4.335475 
0.032923907 
-1.4375179 
2.0954561 
-1.2307506 
-0.3627963 
0.18620288 
-1.4474641 
0.14425436 
1.0871485e-08 
-0.9991373 
-1.4732699 
0.12382631 
-0.3410493 
-1.8557872 
0.32819667 
0.081876695 
0.30769184 
1000.0 
4.83632 -0.00061344384 -9.475747 -0.021856712 1.2360057 -10.082484 1.0696013 -6.336602 -0.026993953 1.3892679 -0.03009395 -8.848833e-09 -7.0717363 1.5017519 4.4969587 -4.851403 2.0762382 4.795194 -0.027194617 5.1155543 
4.746604 
0.0 
