1 20 1 1 
-0.7484957 -0.17680414 -1.9144725 -1.0189693 1.211447 -0.1421142 -0.165668 0.022027284 0.6195259 -0.27614048 0.22063212 -0.13112326 -0.095530726 -0.17684296 -0.8824701 -0.13345337 -0.07827604 -0.07181125 -0.27553988 0.24426652 
-0.2642375 
1.3695754 
0.050648224 
-0.00052046304 
0.527646 
17.505056 
-7.4405746 
0.029193513 
0.50633645 
-1.1671395 
0.8638811 
-0.5824607 
4.8984393e-06 
-0.2300467 
0.20212466 
-4.303438 
-8.117483 
-8.1022 
6.2905386e-08 
0.21827865 
1000.0 
-0.037428673 3.2325056 -0.023674099 -0.00022688847 -2.25439 10.938472 5.8248053 -2.3903399 -2.209258 1.1994098 -5.340085 -0.0479648 -3.1540123e-05 -0.03289514 -0.02974132 6.3249984 7.8182435 7.1811786 -7.1138004e-08 -2.2475305 
-2.1121252 
0.0 
