1 20 1 1 
-0.20514748 0.3188934 -0.29165426 0.38682476 -0.054214105 -0.101717934 -0.03616885 0.37785757 0.20185047 -0.25905338 0.17590557 -0.78210646 -0.19913466 -0.25819653 -0.03250954 0.5709652 0.33159932 -0.87889737 -1.2670225 0.64275235 
-3.0527568 
1.6610851 
0.03466277 
-0.39835653 
0.5269864 
-0.6759528 
-0.091274425 
0.37699166 
0.27882838 
-6.4219413e-10 
0.62952787 
-0.9545198 
-0.97608596 
0.07452016 
-0.08861277 
-0.4112411 
0.40919423 
0.09174579 
0.05134165 
0.2662343 
1000.0 
6.654393 -6.4186187 -0.028151054 -3.8289266 5.6144233 -0.009557037 -0.0013797911 6.473499 6.697228 -7.425811e-10 6.243508 0.97051615 -0.00802068 -0.032240428 -0.00236837 -5.288508 6.463037 -0.033284653 -0.030256987 6.46595 
5.6255774 
0.0 
