1 20 1 1 
-0.4417909 -0.048672475 -0.16993721 0.45186839 0.21200344 -0.16489123 -0.99209154 -0.68599164 -1.0353267 -0.38002357 0.00067913294 0.8075171 -1.303889 -0.8381022 -0.6494658 0.00010051007 0.8241704 0.116762385 -0.4384794 0.35463917 
-0.051338963 
-0.24059281 
-9.354365e-09 
0.13563377 
-1.1159341 
-2.0939772 
0.8869738 
1.0364915 
-0.28163776 
-0.0083945645 
-0.0058262353 
0.38744065 
0.6644827 
-0.07588387 
-0.08347004 
-0.0059158937 
0.30235165 
0.046418607 
1.033664 
1.4324414 
1000.0 
-0.0034969547 -0.003701501 -2.334349e-09 3.2168155 -6.3442063 4.947626 0.89561605 0.9203416 -0.0042382255 -0.0004710264 -0.39517912 3.7525856 0.6944964 -0.00030689678 -0.0012734379 -0.33437514 3.6675894 2.3804865 0.9199762 -7.1004634 
4.057097 
0.0 
