1 20 1 1 
-1.0222136 0.0014645739 -0.03704855 0.17974024 -0.17394932 0.099277355 -0.808716 0.0012349559 0.49227917 0.0008432339 -0.23473924 -0.13582233 -1.585518 0.0988534 1.57689 -0.6280096 0.0013508319 -9.525507e-05 0.2604575 1.1916332 
-0.28499827 
0.00015235394 
-5.1418403e-10 
0.17739385 
0.29955882 
0.30509973 
-0.14242716 
0.0024485684 
0.24902739 
0.0023951598 
-0.61455333 
-0.51876795 
0.68161845 
-1.3081799 
0.34734806 
1.4627948 
0.0023576482 
0.0036743905 
-1.8751029 
0.4328367 
1000.0 
-0.004019678 -0.24546544 -2.3303453e-09 0.05607926 -0.031056358 -4.0118284 -0.0116131725 -0.14398068 0.023801593 -0.15668313 4.5777264 -0.0061371163 0.6826096 -4.910152 -0.08544233 1.5296454 -0.16627012 -0.18534301 -5.975749 -0.09940914 
0.10471735 
0.0 
