1 20 1 1 
-0.81040335 1.3436308 -0.07932867 0.33229908 -0.6506539 0.1539425 0.0004682602 -0.029787766 1.4040363 -0.36567858 -0.0090053575 -0.12986709 -0.07884276 1.271214 0.2736285 -0.6016171 -0.76364386 -0.6277351 0.18404377 0.6515937 
0.09909862 
0.44827917 
6.6902018 
-4.5356135 
0.4194077 
5.923183 
0.001795997 
-0.06938369 
0.4219756 
0.82041633 
-0.004860076 
-0.62852585 
-6.0203066 
0.24878415 
0.13173813 
0.1946084 
0.673863 
-0.3166381 
0.4893765 
0.1945037 
1000.0 
-0.023299765 -2.0815768 7.198467 -10.7762785 0.4650192 -11.126827 -0.4904678 -0.0024241845 -2.1017096 0.9609265 0.9167631 -0.0056560985 7.937582 -2.317336 -2.4162943 -0.02613617 0.76670396 -0.011732505 -3.669613 -2.349744 
-1.8365921 
0.0 
