1 20 1 1 
0.012971165 -0.3684386 0.23531628 0.103472404 -0.13943963 -0.2442605 -0.6661776 -0.9223923 -0.50039047 0.04845677 -1.1767772 0.16872282 0.8875912 1.0977465 -0.11499896 -1.7801557 0.11745971 1.0765727 -0.0631296 -0.27099365 
0.0055638007 
0.0058260933 
-1.7009989 
0.15391837 
-0.1837719 
-0.34725896 
0.17173669 
0.15944362 
-0.1979869 
0.01676689 
-0.81008244 
0.057812545 
0.24332282 
0.4533768 
0.486593 
-0.65142745 
0.041933544 
0.3920093 
0.05763203 
-0.8861434 
1000.0 
-1.7131498 -0.021086566 -7.615393 -0.2447836 0.17678364 0.34014425 -0.029878974 -0.029510532 0.19064942 -2.4887984 0.9115228 0.52180165 0.5516949 -0.47337085 5.73192 0.702231 0.5210741 -0.33171892 -0.029190162 0.99088144 
-0.7499963 
0.0 
