1 20 1 1 
-1.3005599 -0.901935 -0.31772435 -0.48746306 -0.6066151 0.2024078 -1.7577095 -1.6854622 0.45451343 -0.22684073 0.08767266 -0.84045416 -0.21365775 0.26702383 -0.46382308 -0.8807432 -0.78000766 1.1043278 -0.1647633 -0.15447663 
-1.0144415 
-1.0785446 
0.22860353 
-1.0495559 
0.08073106 
0.27959096 
-1.0268217 
0.32802063 
0.37511793 
-1.2224755 
0.36291063 
-1.058488 
-1.0702654 
-2.1532521 
0.11885163 
-0.73010284 
-1.1808921 
0.5437618 
-1.1755637 
0.3521364 
1000.0 
1.2126279 1.3407545 -0.0076207626 1.1067291 -0.0058475286 5.2778015 1.2316793 -0.009518872 4.17885 0.8747842 5.715234 1.030116 0.995521 -9.384872 -0.008139573 0.79368645 0.8912256 3.7550104 0.89373124 -0.009839374 
3.8610075 
0.0 
