1 20 1 1 
0.63266724 1.1648388 0.011274252 1.0683495 -0.2615984 -0.795173 0.098492086 -0.59406644 0.23546721 0.27353823 -0.45145115 -1.3551022 0.11464318 -0.09756283 -0.5143635 0.29249656 -0.25791937 -1.5508323 0.08677255 -0.79741794 
0.45100188 
0.40772703 
0.00962921 
0.24389136 
-0.22666913 
-0.78313273 
-1.4505775 
-1.7557071 
0.2708691 
-2.4563634 
0.10219195 
-0.78440833 
-1.41119 
0.31938946 
0.061883137 
0.1091022 
0.18955919 
-0.8804135 
3.3842494 
-0.7234888 
1000.0 
2.4828281 2.55322 -1.6592426 1.6055598 4.7757974 0.98319274 -4.8966646 1.8249539 3.1482112 -9.232698 -0.03564333 0.9867433 -5.7044787 6.771165 -0.033096362 -2.3043184 -0.032777656 1.0750531 -6.4090943 0.79017377 
1.766328 
0.0 
