1 20 1 1 
-1.1361433 -0.06854337 1.6800469 -0.00451607 -0.37571856 0.2425986 -0.39240462 0.087209724 1.6244555 -0.1028044 0.41008428 -0.045701303 -0.45020396 -1.3415903 0.016100058 0.30946377 0.015695497 -0.061885037 -1.1249675 -0.21448962 
-1.7758414 
-0.82370555 
0.30084163 
1.1566975e-05 
-1.7447805 
-3.1917653 
0.25819528 
0.026655613 
0.30715922 
4.6010666 
0.26697135 
0.14702676 
0.04278019 
-1.7441314 
0.036090966 
0.17802869 
-0.0003347834 
-3.6859956 
-1.7422266 
-1.4688843 
1000.0 
1.2816253 5.968899 -1.5719318 0.30635667 1.4144471 -9.626316 -0.032934494 -0.9095831 -1.5666403 8.103929 -4.0811467 -0.03128607 -0.02898668 1.4213593 -2.5460982 -1.3019234 0.38633627 5.4362135 1.4500582 0.6897999 
-1.5027246 
0.0 
