1 20 1 1 
1.4972914 0.49995366 -0.89293635 -0.9612986 0.2828764 -0.760481 -1.2249945 -1.028128 0.15026942 0.28122672 -0.862947 -0.4488167 0.19524324 -1.5846046 1.1691797 0.0002151872 -0.037595302 -0.07368904 -0.044704493 -0.46255305 
0.41927186 
0.23870136 
-1.3251944 
-1.3461647 
-1.9135729 
-1.392876 
0.0061500366 
0.057801 
0.0809639 
0.23734824 
-1.4806691 
-1.3849252 
-1.5338446 
0.36146015 
0.25085834 
-0.0026791312 
-1.64252 
4.4762692 
-2.5508873 
0.07274504 
1000.0 
-1.0621116 -0.8385925 1.5346813 1.3402478 -12.875217 1.2003919 -0.0014199968 -0.013426017 -1.5867 -2.8234282 1.1072745 1.2149118 -5.8310294 -0.021753095 -1.2940307 -0.15469837 3.9689345 6.267622 4.6957664 -0.013363907 
-0.74999577 
0.0 
