1 20 1 1 
-0.20825037 -0.018619543 -1.8217658 -0.11962874 -0.08196614 -0.61839163 0.027008688 -0.65026397 -0.04953998 -0.08700389 -0.33832237 0.29680806 -0.05263649 0.50847495 -0.3588233 -0.47168076 1.551906 -0.34307754 -0.5839596 -0.46923792 
-1.5073594 
0.045310345 
0.32322556 
-0.90460646 
4.716839 
-1.3301289 
0.0053888746 
-1.9867722 
-1.9507766 
0.30340767 
-1.3868959 
-4.2344794 
-1.1586812 
2.1375325 
0.28418207 
0.12629536 
0.3190059 
0.13816018 
-1.8149471 
0.1365763 
1000.0 
0.99492043 -0.020840082 -0.026866725 -0.0030674094 5.9281917 1.0702296 -0.090990156 2.2492402 4.516122 -0.026618509 1.3071681 -11.285338 4.796934 -8.552183 -0.026349396 -0.021907154 -0.6503596 -0.022499036 2.0856998 -0.02242433 
-0.66680247 
0.0 
