1 20 1 1 
1.2153066 0.24074963 -0.40417105 0.040443927 0.19530284 -0.32488748 -0.10822559 -0.16439828 -0.1646308 -0.8050506 -0.19300541 0.1584596 0.7810822 -0.86908114 -0.17974779 0.09241496 -1.2104557 0.6424188 -0.6117579 0.026188994 
0.36876497 
-0.9077583 
0.23033816 
-0.9178021 
-2.487852 
-0.8918249 
0.15825853 
-1.1695472 
-0.9664703 
-0.8677604 
-0.68216527 
-1.3558282 
0.4764591 
0.13477685 
-0.59064525 
1.5594548 
-1.0433013 
0.3134327 
-0.81525403 
0.083179735 
1000.0 
3.0407166 -6.6539946 -0.025902258 -4.606371 -8.357049 1.0781652 -0.02463908 1.3447596 0.6988612 0.7355441 0.58266616 -7.956784 3.0594985 -0.024009459 0.49697077 -5.4874616 1.2171926 3.2554078 0.8137246 -3.190203 
2.8910549 
0.0 
