1 20 1 1 
-0.42379624 -0.26152727 0.0025419511 -0.052465264 -0.54576546 -0.66486984 -0.5155673 0.19670753 0.2793467 -1.0445639 -1.0026822 1.3628769 0.10766395 -0.098725796 -1.6415296 -1.0304081 -0.15653104 0.8464303 -0.06957083 -1.5789914 
0.057439853 
0.025214704 
0.016217059 
-1.0661798 
-0.9004862 
-0.91878414 
-0.96433675 
-3.0596023 
-1.3574721 
-0.8526632 
-0.84447247 
0.61580956 
-0.12940815 
4.294276 
-0.9178538 
-0.84291965 
-0.9649496 
0.456534 
-3.1564338 
-0.84606606 
1000.0 
-0.028682766 -0.02835288 -1.0892588 4.7941227 0.76525813 0.7501588 1.1318645 -9.873745 -7.0215693 1.0534256 0.87152714 0.822801 -3.425627 7.17417 1.0924648 0.8804589 0.52183425 0.9970365 6.3703475 1.0311403 
0.7113015 
0.0 
