1 20 1 1 
0.8639619 0.11314437 -0.058717776 -0.5785096 -0.17747073 0.00028544405 -1.1771477 -0.09544988 -0.23567593 -0.73455113 0.62460387 0.0011482753 -0.86722064 -1.7786065 0.8923092 -0.3388103 -1.0019945 1.0483706 -0.47415724 0.007883716 
0.22772089 
-2.8116589 
-3.5554438 
-1.0282464 
-0.680093 
-0.0010989859 
1.7101318e-09 
6.6698747 
-2.933606 
0.26941934 
0.16542642 
-0.005383606 
0.18664873 
-0.50624865 
0.17950387 
-0.5632343 
-1.2483408 
0.34600136 
-0.7203626 
-0.028712487 
1000.0 
-2.3404112 -7.564414 6.0391774 1.0812603 3.1204247 -0.09756038 -1.4618367e-09 7.662966 7.3433666 -0.027934114 -2.4936137 -0.6562018 -0.026884554 0.5378226 -2.4962544 0.6093876 1.3913541 -2.186742 0.8317157 -1.9943947 
-1.8867028 
0.0 
