1 20 1 1 
-0.45628548 -0.8030072 -0.75792956 -1.0214957 -0.42151615 -0.6892002 0.18378413 0.64642394 -1.7185836 -0.17770614 0.90931416 -0.102761656 0.23454931 -0.79128426 0.45041868 0.38106045 -0.509407 -0.6340309 -0.072875805 -1.8300718 
-1.0940251 
-1.1196938 
0.11211154 
-1.0832534 
0.13270365 
-1.1076581 
0.1780937 
0.6736193 
0.18199244 
-0.75786906 
0.52107596 
0.13439886 
0.09998717 
-1.0907468 
0.1539056 
-1.7286048 
-1.0833079 
0.20066667 
0.024925297 
-1.1075025 
1000.0 
0.9897118 1.4142636 -0.01607879 1.11883 -0.014975775 0.94371104 5.1363506 3.3587246 -0.017087294 0.31922495 2.9327433 -0.015066641 4.6595464 1.2283002 3.101495 -11.750358 1.0870905 -0.017674152 -0.006389836 0.94410354 
3.060519 
0.0 
