1 20 1 1 
0.36779693 0.65883225 0.2721359 0.060539618 0.35526052 -0.41816342 -0.46296763 0.88766205 -0.43848705 1.007976 0.3114166 0.29701915 -0.34682944 0.42341533 0.19622676 0.34817666 -0.1107652 -1.086625 -1.0753751 -0.83836573 
-0.31098467 
0.2847418 
0.4310825 
0.7557729 
-0.21919322 
0.16493751 
-0.52896655 
0.22286549 
-9.493919e-08 
0.20344956 
0.34094873 
-0.108638175 
-1.12957005e-05 
0.2159019 
-1.3464956 
-0.55271673 
-4.807563 
-1.2898326 
0.24809662 
0.24699987 
1000.0 
-3.665585 5.1100655 5.6640005 8.67173 -3.5412977 -0.028470777 -0.014077592 5.01425 -1.4093285e-07 4.9528327 6.065312 -2.9626777 -1.3320828e-05 6.3770185 -7.79863 -3.467228 3.9342127 1.4493556 -0.029755592 -0.029743474 
4.7270446 
0.0 
