1 20 1 1 
0.0019652515 -0.7986068 0.35219932 0.010476528 -0.50544405 -0.108444065 0.9832901 -0.46513295 -0.7260624 -0.8148659 0.26106066 -0.2058383 0.39172265 -0.50914603 -0.31675002 -0.2958085 0.5965654 -0.84286404 -0.618042 0.24393673 
0.00811257 
0.09898069 
0.5504679 
0.013102268 
-2.6330905 
2.831916 
0.36839986 
0.18057668 
0.15287805 
0.006368517 
0.23417696 
-1.6736711e-11 
0.37062204 
-2.582478 
-0.0025182485 
0.08187609 
0.98287857 
-2.62801 
0.09099645 
-3.949378 
1000.0 
-1.3658829 -0.028742325 -3.917042 -2.344657 2.153184 8.423997 -6.136145 -0.025454883 -0.024745379 -0.018857159 -3.3410928 -9.409301e-12 -4.1946344 2.2145817 -0.015012903 -0.027489278 -6.2846794 2.1583571 -0.028195672 -10.977901 
-6.7848325 
0.0 
