1 20 1 1 
0.9149961 0.54010284 -0.030794501 -0.038946148 -0.8649573 -0.21894623 0.87406576 0.48522484 -0.4573433 -1.8308306 0.06383423 -1.1003149 -1.373168 0.15371135 -0.22131097 0.79743487 0.2848176 1.3832179 0.24457198 -1.1759943 
0.17640331 
0.16240783 
1.1434261 
-1.125037e-06 
-1.9645125 
-2.0282025 
-0.16297027 
0.18048632 
0.26419485 
-0.0010539592 
0.5211573 
0.093465164 
-2.0670905 
0.5212435 
-1.8353695 
0.48616394 
0.1994213 
-0.28270432 
0.2548513 
-3.035553 
1000.0 
3.8955338 4.4937572 6.504274 -1.0646625e-06 2.1094766 1.7422477 -3.592475 4.483659 -0.034667138 -0.020945918 6.193463 -0.031215822 1.6827173 4.3282385 1.3362316 3.6847484 5.426287 -3.5054183 5.5398684 3.0902615 
3.5526288 
0.0 
