1 20 1 1 
-0.34162858 -1.7879854 0.30091316 -1.4150717 -0.20110324 -0.39687827 -1.0674713 -0.18586569 1.3598019 0.10161136 -0.7713065 0.23340139 -0.66677505 -0.052181505 0.3615865 -0.49940675 -0.837466 0.6227535 0.43697813 -0.18165407 
-1.018196 
-1.0328088 
1.3575093 
-0.6766682 
0.027027484 
0.2594562 
-1.1441956 
-0.8928931 
0.43945393 
0.29357144 
-0.0040394384 
-4.082934 
-1.0640098 
-0.0073053134 
0.2313486 
-0.95661455 
2.9865683e-11 
-0.21523996 
0.25651544 
-0.92300844 
1000.0 
1.1868116 1.2011005 -6.00332 0.70211226 -0.01795849 -0.027257666 1.2464762 0.82780915 3.3258517 3.8068433 -0.006993514 -10.503156 1.1474739 -0.004666738 3.4809167 0.7629978 -3.053954e-11 -4.2882605 3.459911 0.78014916 
3.5320137 
0.0 
