1 20 1 1 
-0.7452256 -0.93393993 -0.87447 -0.12310681 -0.17309535 0.24647526 -0.5169368 0.08242101 0.49828526 0.36505896 0.14386877 0.5001669 0.14488013 -0.84973776 -0.4077309 0.23230506 0.47422054 -0.15295292 -1.2695369 -0.61653984 
-1.7463351 
0.26490143 
-0.012320484 
0.11768383 
-1.9821897 
0.4742751 
0.11356401 
0.6247554 
0.13707528 
0.33338958 
0.4431407 
-0.18260102 
0.57147396 
-1.7476077 
-2.5753403 
0.42356756 
-0.10460205 
0.029647399 
-1.6477559 
-1.6413246 
1000.0 
1.3995845 -0.03148743 -0.0112158265 -0.03312336 1.0359728 4.628207 -0.032926142 5.429015 4.935505 4.668336 5.7061377 -3.9353292 4.890365 1.3983123 2.6143005 4.8235693 -3.877393 -0.027902734 1.6030898 1.6545058 
3.8740644 
0.0 
