1 20 1 1 
-0.07820438 -0.22963187 -0.16054565 -0.10332675 -0.14389388 -1.9544069 0.018349856 -0.40976733 -0.2640954 -0.41718838 0.6697569 0.018732857 -0.1162397 -0.19919851 -0.18040994 0.043568183 -0.5411204 -0.15260114 1.3799781 -0.98401976 
-3.540449 
-0.008300263 
2.1339918e-13 
7.543514 
3.4612066e-07 
-1.8245572 
0.051863935 
-1.4491321 
0.017222399 
-0.373894 
0.44501656 
0.017401934 
-5.220167 
-0.43674725 
1.4788888 
-0.016815584 
0.07857382 
-2.7326882 
0.27297175 
-0.9564421 
1000.0 
7.774007 1.9101535 -1.6989444e-12 9.322285 -1.2406305e-06 1.8779525 -2.3164198 1.5391904 -0.026360745 0.33562458 -0.028258719 -3.473816 5.4920163 0.40323725 3.462764 -2.5815382 -0.029014535 4.467303 -0.20232388 1.0924352 
-0.017879637 
0.0 
