1 20 1 1 
0.0006307931 -1.408647 -0.019345604 -0.06706225 0.9284607 0.10637038 -1.3300301 -0.92624366 -0.917044 -0.3857948 -0.014814118 0.27037552 -0.07009076 -0.4037827 0.34191647 -1.5273644 0.41281193 0.58706266 0.6348786 0.0027341805 
0.004859065 
0.11624147 
0.33255166 
1.1658695 
0.52829224 
2.2292137 
0.11430142 
-1.0585895 
0.25376222 
-1.3373095 
-0.32953227 
0.60213935 
-1.2938906 
-1.0769377 
-3.3634534 
0.23708782 
0.2696891 
0.39030698 
0.618117 
-0.001318835 
1000.0 
-1.2848538 -0.029102003 -0.032432597 6.10301 -0.8276826 -5.282631 -0.029030552 0.69899946 -0.0317854 1.4838393 -0.037864134 -5.394211 2.1007597 0.71779776 -11.205943 -0.03160116 -0.510635 -0.67470175 -0.8087474 -0.44766694 
-0.91406626 
0.0 
