1 20 1 1 
0.037648708 -0.43813258 -0.025150621 -0.17681308 -1.5052686 -0.50031406 -0.08204293 -0.94427097 -0.059269086 0.2634454 -1.2076993 0.1599279 -0.10571363 -0.65582657 -0.000927746 -0.22019725 0.48147103 1.0170292 1.111978 0.098911814 
0.03172561 
-1.8786455 
0.12637973 
-0.85577947 
-1.318569 
-0.8568053 
0.0970518 
-0.8604321 
0.024928719 
-3.683065 
0.19518371 
0.8651796 
0.6937252 
0.011176307 
0.03462864 
-1.0738672 
0.16058747 
0.49093512 
0.3920578 
5.6889644 
1000.0 
-4.2016444 1.9197521 -0.031645622 0.82899696 1.4512161 0.7540448 4.146361 0.8764273 3.0893838 -10.534975 -0.033187214 -4.8005586 5.348716 -0.024713784 -2.4520476 1.245557 2.7482922 2.3489368 2.3444576 -8.319479 
2.3142693 
0.0 
