1 20 1 1 
0.35441965 0.2582584 -0.66688573 -0.31262073 -0.13746494 -0.7450536 -1.0033593 0.8228868 0.38075587 -0.4717201 -0.035690498 -0.11376089 -0.86387897 -0.1650525 0.86173576 0.23918772 0.72857976 -0.7968024 -0.089589484 -1.2944112 
-0.16079475 
0.25448304 
-0.8456971 
0.28993577 
-0.71530366 
-0.4660017 
-0.45598063 
-0.31971222 
0.5517751 
-0.47912028 
-0.17366892 
-0.75857335 
-0.47080356 
0.019550335 
0.3088906 
-1.28411 
0.5672161 
-0.5116949 
-2.9079099 
-0.0012779074 
1000.0 
-3.5300608 7.4223485 0.8797992 -0.030195843 0.79138166 0.47323763 0.44320378 -5.781306 8.58044 0.49910137 -0.00082077616 6.9847755 0.4831165 -0.024721632 7.373651 -7.8568583 6.2954264 0.5580078 3.5779934 -0.018233173 
5.652076 
0.0 
