1 20 1 1 
-1.0616177 0.30370855 -0.5836243 -1.254053 0.3326009 -1.6327497 -0.52162564 -0.13785784 -0.36194286 -0.08035211 1.1520716 -0.08564679 -1.4295019 -0.85853857 -0.5826075 -1.0423037 0.9856274 -0.37380332 -0.30937132 0.2678403 
-0.8957262 
-3.7232883 
-1.0789915 
-1.0480089 
1.1068174 
-1.0038931 
0.11017497 
0.05243158 
0.2543451 
1.3029442 
0.3671811 
0.07621502 
-1.0168926 
0.15791601 
-1.2275012 
-0.5742724 
0.48279637 
-0.9021077 
-1.1084981 
0.7114052 
1000.0 
0.93797916 -10.988401 1.160846 1.1834466 -6.356415 1.0895959 -0.024246203 -0.022840658 -0.028454073 6.057572 1.792471 -0.021846602 1.0392829 -0.02629426 0.9506216 0.58390766 1.1336609 0.9454397 0.96856827 -5.364359 
-0.235574 
0.0 
