1 20 1 1 
0.58833665 -0.07607004 -0.93334365 -0.28546345 1.1379286 -1.3991603 -1.0294915 0.17168845 -0.7890796 0.2440677 0.4047915 0.13277107 -1.5048407 -0.4326624 0.13994539 0.040333755 -0.03172668 0.8319168 -0.70787597 0.04915404 
0.3364571 
0.24483421 
-1.0682567 
-1.0700846 
0.23622632 
0.12937115 
-1.1152285 
0.18503119 
-1.0675008 
-2.6586306 
0.33841813 
-0.1765812 
-1.0715016 
-1.1471684 
-0.3616644 
7.726594 
4.4664765e-09 
0.39174652 
-1.1285225 
7.0967436 
1000.0 
2.6724343 5.599876 1.0098877 1.1047326 3.3132505 -0.03313055 1.3638442 2.9107792 1.0324672 -10.1891165 2.6897936 -3.9715059 0.9744301 0.8113628 -4.1064773 -6.6087523 -3.1068559e-09 2.5657692 0.8319653 -7.6483665 
2.2832913 
0.0 
