1 20 1 1 
1.3753576 0.054741684 -0.5405129 -0.676267 0.17010166 -0.014474874 -0.032661866 0.3306557 -0.1235306 -0.99531233 0.18771045 0.025721774 0.11018438 -0.13597032 -0.7814439 0.03431233 -0.98722386 0.50177276 0.24098584 -0.3442077 
0.5592823 
0.07835641 
0.31281832 
-1.5642167 
-1.7367849 
0.00096154696 
4.8444707e-12 
0.9725381 
0.18876268 
0.19429804 
-1.4617805 
0.14652951 
2.940819 
-0.82490855 
-1.1956117 
0.21282676 
0.08112701 
0.24837154 
-2.443702 
-1.7748369 
1000.0 
3.185637 3.1296175 -0.024412213 1.6379021 -8.440752 -0.0020368898 -1.3367409e-11 -6.631936 -0.022238903 -0.022382978 -7.076989 3.5362988 -6.6649337 0.58489996 1.084091 3.6919916 -0.021113057 3.1292284 -7.7828584 1.7898146 
3.3776007 
0.0 
