1 20 1 1 
-0.08353169 1.0194149 0.0706529 -1.8865752 -0.9536817 -0.41048008 -1.1382347 -0.1812115 0.2320041 -0.1061642 -1.5324266 -0.11931068 1.0942308 -0.88740015 -0.63488626 1.060024 0.48150432 -0.75462055 -0.35384005 -0.80575866 
-3.0292025 
0.39387184 
-0.6933001 
-0.9167871 
-0.93034 
0.26370466 
0.089558735 
-2.3149776 
-3.641329 
0.0020138428 
-0.98324734 
5.3273315 
0.23562413 
-0.9507304 
-0.9087098 
0.23902541 
0.29556254 
-0.907006 
-1.085169 
0.063293986 
1000.0 
8.514007 -0.580089 -4.0662336 0.9973966 0.8184221 -0.029891057 -0.027926529 5.830673 -12.379672 -0.014147822 0.78117293 8.818742 -0.92081213 1.1327951 0.94644326 0.085300386 -0.1754799 0.88408035 1.2581359 -0.025467284 
-1.104237 
0.0 
