1 20 1 1 
-0.38708693 -1.8281436 -0.350876 -1.1869787 1.0535463 -1.0401316 -0.47928494 1.1716422 -0.3658154 -0.083972804 0.28726885 0.103226535 -0.62317145 -0.11036196 0.44049105 -1.4390887 -0.4577069 -1.9981414 -0.37586182 0.26360324 
0.24867888 
0.18739559 
0.17296304 
-0.72623694 
0.43342003 
-0.722831 
-6.83072e-17 
0.7043282 
0.018374918 
0.4316141 
-2.7049096 
2.0919003 
-0.72444016 
-1.0021517 
0.14857306 
-0.7275997 
-0.72491264 
-0.7597169 
-0.8185336 
-2.195669 
1000.0 
-0.02283433 -0.02142079 -0.020975543 0.75506896 1.2497587 0.79837257 -1.0287571e-14 0.15481538 -0.008919118 7.4815784 -10.962867 -6.475158 0.7677937 -0.0026084369 2.5042958 0.7480007 0.76387227 0.6865739 0.65260464 -10.4006815 
-0.41608933 
0.0 
