1 20 1 1 
0.62158394 0.52881086 -1.0882088 0.201324 -0.13194828 -0.16403167 -0.24776621 -0.43468282 -0.24935398 0.23485272 -0.5109795 -0.86664784 0.42140505 -1.2380439 -1.37889 0.47959197 -0.4330372 -0.88976806 -0.13175978 -1.1933067 
0.42201313 
-0.7544322 
2.5376116e-15 
0.07700563 
-10.092396 
0.0010725902 
0.00028547432 
-0.54633003 
0.18183541 
0.5806014 
0.08806737 
-0.628608 
0.48121756 
0.08107464 
3.5148162e-10 
0.42322475 
-0.00011972628 
-1.3253255e-06 
4.0980244 
8.433685e-09 
1000.0 
5.4701266 -5.284716 -3.0865275e-15 3.6512003 5.7051954 -0.00025481917 -0.0003303193 -0.01478208 -0.018312838 7.457788 -0.014839286 0.6367006 6.1366706 -0.0142099885 -3.5153777e-10 6.243136 -0.00010423314 -1.574398e-06 10.014652 -3.5601997e-09 
4.3785577 
0.0 
