1 20 1 1 
0.2300033 -0.51627606 -0.067875765 -0.021300763 -0.01749253 0.7874228 -0.1155564 -0.29719117 0.5755874 -0.09682761 -1.1234059 -0.20706418 -1.2097905 -0.017922943 -1.4376485 0.24940939 0.67085063 -1.6539049 -0.10754272 -1.0441542 
-4.2361445 
-0.927857 
-3.97176 
0.012353027 
0.123295434 
0.624378 
6.3845835 
-1.6348479 
0.5795334 
-3.2515285 
0.1543908 
-0.28483224 
-0.8878576 
-0.114578485 
-0.8947485 
0.68981934 
0.3696304 
-0.89302325 
2.605401e-05 
-1.0391387 
1000.0 
-9.326151 0.8205322 6.7324176 1.9955161 -0.030469967 0.38834506 8.279196 1.6656983 0.5912424 6.0904217 -0.031249495 0.221412 1.0104806 -0.0511312 0.8905408 -4.9757514 -4.2944636 0.89823264 -4.587556e-05 0.7527716 
-0.16385305 
0.0 
