1 20 1 1 
0.67610747 0.05046887 0.38246763 -0.010229693 -0.1521147 -0.77047575 -0.12616101 -1.2530938 -0.29776868 0.020551326 -0.4696489 0.16636454 -0.55765355 -0.9383501 -0.21249317 0.00054892484 -0.70826215 -0.022231765 0.28261498 1.3119507 
-0.23707591 
0.8472009 
-0.3384196 
0.08754657 
-0.501091 
-0.4204318 
-5.921452 
0.21688738 
2.528388e-06 
0.8952357 
-0.5703764 
0.338461 
-0.33272406 
-0.81464076 
0.21367557 
-4.336289e-05 
5.8482236e-10 
0.7349368 
-0.025623461 
0.4083743 
1000.0 
-4.2566 5.68442 -3.813241 -0.025512215 0.5453584 -0.0067872778 4.2406044 -0.025642643 -2.2048116e-06 7.9535847 -0.0045123235 7.120918 0.35200733 0.93412846 -0.025581371 -0.14182994 -2.0397854e-10 8.204719 -2.8874435 4.2384706 
4.10498 
0.0 
