1 20 1 1 
-0.6403862 -0.68560374 -0.063307635 0.4414592 -0.17663126 0.4090847 0.5422495 -0.8918794 1.583684 -0.20644958 -0.33855414 -0.3371764 -0.98825455 -0.057301432 -0.091715895 0.48162568 -0.3392853 0.3798821 0.2688038 -0.5952634 
-1.2420017 
-1.0196 
-2.2523959 
0.27204844 
-0.01514965 
0.37791914 
0.24037701 
-1.0030699 
0.38774455 
-1.2113914 
-1.0037636 
-1.2090623 
-1.0504475 
1.3470678 
3.2155588 
0.45685142 
-1.0636846 
0.42801967 
-3.9729958 
-1.1645708 
1000.0 
1.4261198 0.9696317 8.363721 -0.70051956 -0.0025971788 -4.0841208 -5.3002796 1.0720186 -0.9706864 1.3920609 1.1089596 0.80093765 0.9072827 4.1063824 8.22547 -4.80893 0.89031935 -3.791784 -10.183862 1.3410041 
-2.0453901 
0.0 
