1 20 1 1 
-0.020247953 -1.031126 -0.30886674 -0.2253979 -0.22083431 1.3137846 0.16431399 -1.3959526 0.38818854 -0.0995695 -1.0824462 -0.53385216 0.24387571 0.13222578 0.19113913 0.35110888 0.25007844 0.1494819 -0.1471901 0.044129957 
-0.2903683 
-1.4927664 
-1.5020257 
0.17656547 
-1.4441208 
0.24905944 
0.22268459 
0.015325988 
0.40589103 
-1.1549184 
-1.4575781 
-0.0093170265 
-0.07317708 
0.33015025 
0.8897199 
0.2389097 
-2.6083956 
0.6072213 
0.26315123 
0.38325623 
1000.0 
-5.8899404e-05 1.631043 1.0048951 -0.030262096 1.281292 3.3105876 4.1701717 -0.025654718 3.7911618 5.894042 1.4257197 -0.015423855 -3.9415503 4.1879 -4.896208 3.8206058 -9.991794 4.140078 3.942656 4.537806 
3.7619398 
0.0 
