1 20 1 1 
-0.27044693 -0.06526597 0.18926618 0.039892513 -0.19312254 -0.94983643 1.3148124 0.25213584 0.35642993 -1.5926422 0.4027502 -1.1771815 -0.0874059 0.68886787 0.11301985 -0.07515121 -0.8896257 -0.65410125 -0.9510459 -0.04336628 
-1.1846561 
-0.045359578 
-1.0905844 
6.637769 
-1.8014673 
-1.6989143 
0.4064636 
-2.2894282 
0.27731115 
-1.1893 
1.177748 
-1.2148803 
2.8192194 
0.384769 
-2.2312882 
-0.86816764 
0.18494964 
-1.3100307 
0.096943565 
-1.1782753 
1000.0 
1.1473368 2.3236542 -7.4196053 -5.8081474 1.164919 1.846083 -0.46451953 -8.264383 -0.24364243 1.091983 -5.7613254 1.0209254 5.7072535 -0.37287986 -5.6711516 -0.0037987935 -0.03187273 0.9439796 -0.030057378 4.4523263 
-0.35035208 
0.0 
