1 20 1 1 
0.1481974 0.6116704 -0.038789287 0.22863042 -0.26484796 0.009443636 0.42017868 0.9358392 -0.65941614 -0.00024991122 0.015643481 -1.0108466 -1.5425303 -0.00615607 -0.45803925 0.0035887545 -1.8757104 0.26901847 0.25218344 -1.4282289 
-1.1057361 
0.27244556 
-0.22385809 
-3.0816412 
0.26608944 
0.029980097 
0.3268529 
0.47084892 
0.0997477 
0.032363757 
0.027124288 
-1.9479548 
-1.9451542 
0.017869191 
0.24767838 
0.009230619 
-1.9456933 
0.48779577 
0.50361055 
0.016730955 
1000.0 
-4.4392385 4.784138 -0.0051172418 -9.9248 -0.034233928 -1.1771643 4.8333483 2.906144 -0.030188134 -1.8220118 -2.6715062 1.6748565 1.8124303 -1.0869871 -0.034013093 -0.7378517 1.8467658 4.385982 4.581784 -0.02869647 
1.6904554 
0.0 
