1 20 1 1 
0.22166832 0.16630095 0.23969002 -1.0375757 -1.850881 -0.6073016 -0.092049524 -0.858692 1.0042862 1.3288414 -1.1916289 -1.2591865 -0.35932142 -1.4413782 -0.03596527 0.34269652 -0.7797415 0.35074118 1.535768 -0.0473084 
-0.9181777 
-0.107420854 
-2.9635434 
0.052632626 
-1.1263516 
-1.0091417 
-1.9553214 
0.12331635 
0.22477731 
0.24128976 
-0.9827747 
-0.15882081 
-0.9774014 
-1.0660979 
5.4197676e-07 
-0.26590702 
-0.96728814 
1.2865936 
0.27631345 
1.51269 
1000.0 
-6.6822124 -1.671343 -7.2206836 -0.0042387797 0.8210694 0.88554007 4.5607886 -0.010884455 3.8507993 3.854931 0.9276622 0.16410238 0.94195914 0.8434026 -1.0387314e-06 -3.4308326 0.9883356 -7.4659324 3.9004896 4.8502336 
4.2800407 
0.0 
