1 20 1 1 
-0.71342105 0.09150436 -0.14607503 1.3301067 -0.5285329 -0.7028805 0.22520626 -0.8511248 -0.5096512 -0.19377048 -0.9354098 -0.90618896 -1.1513649 -0.2958334 -0.9059993 -0.5594653 -0.6613113 -0.6158058 0.41881964 1.1517128 
-8.743101e-10 
1.1398315 
-3.8791614 
0.27818894 
-1.0855223 
0.02525302 
0.614922 
-0.7027565 
0.098323815 
0.26070043 
-0.48479357 
0.14732635 
3.300235e-09 
0.24439546 
6.411342e-08 
-0.45894304 
0.22697063 
-0.31754422 
-1.0856755 
0.22330749 
1000.0 
-3.0300034e-09 6.8790636 4.843343 5.0898967 1.23799 -0.0018519438 7.136073 -0.018720027 -0.007177795 -0.007486134 -0.020476978 -0.00808521 -4.133718e-09 -0.0071843113 -1.0003545e-07 -0.027976668 -0.0068232375 -0.02308158 -6.9679985 5.071067 
5.3787384 
0.0 
