1 20 1 1 
-0.58904994 0.30744615 -1.9145709 -1.636314 -0.04935313 -0.9969937 0.14905383 -0.11222911 0.13879673 -0.039613664 -0.19193816 -0.31291005 -0.8311685 0.15241829 0.32269946 -0.2851188 -0.18252909 -0.7979716 0.07401723 -0.028671188 
-0.4378066 
0.49375343 
0.13301027 
-0.16696896 
-0.39184344 
-0.34934625 
0.7715218 
-6.158967 
0.72821707 
5.198536e-05 
0.20207863 
-0.44766054 
0.03208877 
0.72415787 
-0.98983055 
-0.8487267 
-1.1905868 
0.23970965 
1.0217661 
3.0126184e-15 
1000.0 
-0.008825013 6.7382555 -0.030856626 -0.007013472 -0.014651549 -0.0085983025 6.9324675 4.8851657 7.9234533 -5.42588e-05 -0.033135578 -0.011709918 -0.023966629 7.1980505 -6.1675463 0.91071594 1.1161517 -0.029022781 7.1059713 -1.9483102e-15 
5.2776937 
0.0 
