1 20 1 1 
0.14512822 -1.0303029 -0.11299986 0.4319699 -0.3069388 -0.032073647 -1.4793645 1.1757479 -1.9930886 -1.1118569 -0.29413232 0.118887246 -0.7900871 0.17838341 -0.13407691 0.25416198 -1.2189469 -0.09158238 0.35760444 1.0393317 
-0.011834657 
0.019030476 
0.044831183 
0.25570738 
0.2936421 
0.014016742 
0.11460654 
0.47204188 
-1.5106146 
-1.5094122 
0.12966056 
6.374133 
-1.5174932 
-2.4751887 
2.4500293e-06 
-2.8153021 
-1.5917544 
0.24577077 
0.12901916 
0.39674303 
1000.0 
-3.915819 -0.013509289 -0.018944925 3.0508819 -0.024956219 -0.012026706 -0.021030497 2.7639 1.3320649 1.3436759 -0.021663288 -9.1298485 1.2883692 -8.921056 -4.6549778e-07 -8.916059 1.1364403 5.4992695 3.4142578 2.7749615 
2.8554435 
0.0 
