1 20 1 1 
0.41427615 -0.116945975 0.0011545761 -0.7086643 -0.43929487 0.54975265 0.23153104 -0.91726923 -0.7513763 0.88484865 -0.39263478 1.3151054 0.28413182 0.72488713 0.33237144 -1.4377539 0.8748084 0.48902965 -1.027316 -0.65074754 
0.37720633 
4.092613 
0.018935485 
-2.260117 
0.17730097 
0.9108146 
-4.4000506 
-2.2495952 
-2.3105345 
-0.60083896 
0.075289145 
0.1946473 
0.4276348 
0.21510465 
0.54205906 
-2.2651281 
0.25014946 
0.8815214 
-2.4409587 
0.016397106 
1000.0 
-4.1385694 8.980594 -1.2698627 1.9088982 -0.026864769 -5.4927807 -10.206157 1.9314916 1.8264083 8.004524 -0.02217308 -7.0198035 -2.836904 -6.713878 -3.3187006 1.8990322 -6.9708953 -4.885707 2.8317091 -0.012759518 
-7.865328 
0.0 
