1 20 1 1 
-1.656555 0.87751603 -0.1586414 0.5904976 0.43884674 -0.5014801 -0.4266062 -0.2732729 -0.11317158 -0.03187794 0.041343056 0.14950837 0.77705777 0.0038889614 -0.5219854 0.0073300395 -0.22541812 -0.9472308 -0.3086907 -1.8112198 
-1.6004286 
0.31642023 
-1.219987 
0.13894002 
0.41638425 
-1.63791 
0.014769859 
0.058507062 
-0.21878588 
0.5979573 
0.5107058 
0.15346512 
-0.14374799 
0.8935026 
-1.5885648 
1.1214238 
-1.9657252 
-1.6182833 
-1.5907825 
-1.6135 
1000.0 
1.3156433 3.139479 0.80258954 2.9733226 3.24927 1.8172059 -0.016753322 -0.02373722 0.1671419 5.6144767 3.708966 3.3547769 -3.5048735 4.222242 1.4846538 4.123884 2.2163851 1.7173458 1.5193855 1.2723593 
3.2696345 
0.0 
