1 20 1 1 
-0.09132217 -1.7367084 0.26545167 -0.7583613 -1.4277527 -0.44900912 -0.35948864 -0.0011512095 0.4209277 -1.0877403 -0.3800181 -1.0253638 -0.19474345 -0.026443249 -0.4675181 1.4575349 0.674487 0.15660122 -1.7543168 -0.020989396 
1.8664402 
-1.1388291 
-3.826669 
-1.2013117 
-1.3344518 
-1.1601814 
0.03527384 
-0.0072191525 
0.89498985 
-1.3623282 
-1.1872363 
0.008476859 
-1.3745108 
0.005856057 
0.028156715 
0.51158655 
0.3046869 
0.12033591 
-0.79083616 
-0.038621176 
1000.0 
7.3006573 1.2841924 -10.043294 1.1247876 1.0505503 1.1865664 -0.016860517 -0.6649804 -6.131815 1.0422097 1.3704039 -0.009252229 1.0389448 -0.008133104 -0.015965426 -2.6639922 -1.8387355 -1.5752647 0.81075007 -0.027115177 
-2.9057317 
0.0 
