1 20 1 1 
-0.12659825 0.010428098 -0.5772826 1.5113486 -0.009457746 -0.26509222 -0.09090797 -0.041707925 -0.019002972 0.15665044 -0.21603939 -0.20376383 -0.21678737 1.2255758 -1.0395797 -0.76957417 -0.3872419 0.09511006 -0.21917988 -0.29366446 
-1.7729844 
0.6867595 
0.117741205 
0.31284368 
-0.029308697 
-1.5750024 
3.8406343 
0.00029801027 
0.15137959 
-1.0351094 
-1.712599 
-1.1587105 
-0.50117624 
0.28179568 
-1.2713597 
-1.2191874 
-1.2030704 
-7.237897 
-0.19629514 
1.247723 
1000.0 
4.9079638 -3.6444786 -0.025700692 1.2341379 -2.9143348 1.7374121 5.3437343 -0.005101332 -2.6225028 -7.1977754 5.3533688 1.0335866 3.2446446 1.2102963 1.5257404 1.3307371 1.261988 -7.736792 1.7208095 4.7774315 
1.6030055 
0.0 
