1 20 1 1 
-0.71402246 -0.09509078 -0.18332154 0.5173467 0.99075586 -0.50499636 1.0447782 0.61625665 -0.042616695 -0.23229969 0.2030535 -0.53729045 0.2309321 0.13474926 0.31135407 -1.2675618 0.32999805 -0.65465075 -1.5773071 -0.54578626 
-1.6583164 
-1.01934 
-1.6613116 
0.21615037 
0.235272 
0.30728176 
-0.18600465 
-0.46429133 
0.016578289 
-1.6739787 
0.2316308 
0.059017994 
0.47361022 
0.5517875 
0.5511528 
-1.7081168 
0.523615 
-1.7101952 
-1.4153167 
-1.0831819 
1000.0 
1.9148574 0.5939412 1.64185 4.242428 3.972419 -0.02595536 -5.560476 -4.785188 4.168096 1.5820342 5.601634 -0.020506263 4.7515707 5.104294 4.543412 1.4992138 4.5249057 1.4956561 1.4377983 1.0885694 
4.276928 
0.0 
