1 20 1 1 
-0.418653 0.30572972 0.0019928657 0.09175373 -0.062543854 -0.18753377 -0.8321154 -0.013442598 -0.7323723 -0.05502549 1.4437603 -0.7255122 -0.093973115 -0.06428189 -0.42054904 -1.4957825 -0.66957134 -0.6432722 1.3891405 -0.591142 
-1.0594863 
-2.9940271 
0.005124814 
-4.6717463 
-2.5540123 
-0.9662059 
-1.2190176 
0.2082426 
-0.9627063 
-1.8451575 
0.6380006 
0.08697511 
6.585153 
-1.6912789 
-0.38037196 
-1.0948755 
0.026383452 
-1.3516599 
0.3284794 
-0.007745397 
1000.0 
1.1619745 -10.636978 -0.3503022 -5.6163597 6.1840377 0.70590365 1.5059536 -0.025471522 0.6067543 5.322861 -1.2499979 -0.022812728 6.8433433 6.24226 0.3867579 1.30543 -0.015415199 1.4619588 -1.6539414 -0.0010152482 
-1.0253277 
0.0 
