1 20 1 1 
-0.09636173 -1.0868168 -0.054050762 -0.33979136 0.16762117 -0.44418368 0.0006482817 0.537429 -1.3447623 -1.1018742 -0.058597587 -0.02872703 -0.16397457 0.62641186 0.46443915 0.33814788 0.2164057 -0.60998625 1.9165064 -0.2024407 
5.4044533 
-1.5707637 
-2.3825438 
0.022245945 
-2.7196605 
0.12905541 
-0.0027316178 
-0.07211998 
-1.0499421 
0.16088225 
-3.039978 
1.1511312e-06 
-0.9252449 
0.31529844 
0.12374061 
1.2919166 
-4.396037 
-1.0497384 
0.49783286 
-0.9503054 
1000.0 
5.688116 1.5906663 4.4068627 -0.021500958 -7.3006096 -0.02552551 -0.27435312 -1.08316 1.146577 -0.026790172 4.795939 -8.384897e-07 0.62007517 0.25895414 -0.076638006 -6.7592683 -7.7002144 1.149916 0.23921303 0.9261608 
0.48868763 
0.0 
