1 20 1 1 
-0.57199496 0.08555663 1.4954364 0.11349271 -1.8098627 -0.46421653 -0.22173287 0.9861988 -0.09547017 -0.096952885 0.26946923 -0.6409904 -0.11193044 0.9683048 -0.074138425 -0.9475562 0.97801554 -0.18559214 -1.1390077 -0.43097824 
-1.4472789 
-6.6187763 
0.24791577 
-0.5033041 
-0.13316019 
-1.0526185 
-0.1891843 
0.3705331 
0.084749915 
-4.580054 
-2.0135963 
-0.07077723 
4.770163 
0.3432574 
-0.3205089 
-0.31434074 
0.19899262 
-3.2021354e-08 
0.21756104 
3.8499802e-05 
1000.0 
1.5550094 -6.803998 1.9716439 -4.4725432 -0.010400095 1.0598946 -0.014891563 2.2272189 -0.004316182 7.524093 -8.522554 -0.0082403375 6.8846693 2.2071948 -0.0030685363 -0.02135707 1.9350823 -4.332773e-08 -0.007915058 -4.089518e-05 
2.4671469 
0.0 
