1 20 1 1 
-0.42987832 -0.4093519 0.21620023 0.3299884 -1.5136732 -1.4279594 0.2385337 0.45428506 -0.25356174 -0.14310832 -0.06485023 -0.024495462 -0.1881242 -0.15281302 0.42174247 0.15947454 -0.7847002 -0.5591262 -0.6902204 -0.21041453 
-1.0700837 
-0.39444336 
0.701833 
0.4396513 
0.016168261 
-1.0053581 
0.43897203 
0.10986598 
-1.1152833 
-7.7458963 
0.03508437 
0.014118027 
2.989615 
-0.98958325 
0.30525306 
0.098276466 
-0.89437443 
0.12664936 
-1.0122398 
-0.8470733 
1000.0 
0.9199883 0.39836946 5.1778016 5.7402186 -0.01322653 0.93830603 7.0104585 3.9626894 0.9144279 5.7743773 -0.018314509 1.5893956 11.9351015 0.94673294 6.8023605 -3.166684 0.9729956 -0.025223564 1.1469406 0.66839343 
3.8499098 
0.0 
