1 20 1 1 
0.09715211 -1.3100886 -1.7433314 0.24983633 -0.8918883 -0.21266717 1.3536836 -0.45809025 -0.7843531 -0.042646833 -1.8257418 -0.3118052 0.08230262 -0.07948811 0.10018378 -1.443388 -0.9848295 -0.33241194 1.1527315 0.24881555 
0.4344493 
0.12239109 
0.1412422 
-3.455999 
-0.45174915 
0.053405937 
0.41897377 
-0.659565 
0.11442562 
-0.2202685 
0.07411878 
0.11364606 
-0.61863935 
-0.9243977 
7.4482083 
5.97225e-09 
-0.28975922 
-1.4451503 
0.27174348 
0.31899685 
1000.0 
4.1362467 -0.029982038 -0.030735748 -10.463098 0.5303995 -0.024841096 3.901806 0.79211664 -0.029610397 -0.0036636607 -0.026985642 -0.029572038 -4.2993264 7.140587 -7.3397684 -6.5269314e-09 0.30560064 1.5827827 4.140628 4.2052217 
3.824412 
0.0 
