1 20 1 1 
0.48435536 1.6532505 -0.5490043 -0.5873476 -1.9524713 -0.432803 -0.21686707 -0.5540319 -0.31667095 -0.6209526 -0.26876247 -0.029956581 -0.03634267 0.22912286 0.24557436 -0.013677509 -0.03229642 -0.24042144 0.36951002 -0.11497676 
0.22567192 
0.52437645 
0.10969988 
-0.7926081 
-0.8411547 
0.08879095 
-0.7560315 
-0.84713566 
-1.0383804 
0.037977327 
0.09241513 
-0.09525225 
0.21764587 
-2.2292738 
-2.4281683 
0.10987472 
-4.322803e-09 
-1.2945354 
1.0258712 
0.13295247 
1000.0 
2.9838881 2.6526434 -0.019673059 0.6990924 0.798338 -0.018211683 0.6168874 0.81062186 1.2546152 -0.013089289 -0.018494716 -0.0011021878 3.8345466 -9.630392 -10.195292 -0.019683696 -3.1086984e-08 1.5449975 -7.3901925 -0.018951718 
2.8136616 
0.0 
