1 20 1 1 
0.25202417 -0.9525989 -0.015475712 0.00034330308 -0.88587016 -0.50721484 -0.3411678 -0.40337357 0.0054049073 0.18544713 -0.026059747 -0.78099114 -0.057816733 -0.276125 0.60582596 -1.9101706 -0.07143363 -0.60340863 1.2660222 1.4327563 
-3.9366784 
-1.7475883 
-0.04780652 
-0.02142271 
-1.7535219 
0.101410836 
0.28111413 
-1.773013 
-0.036759138 
0.4988266 
-0.15394057 
0.009189539 
-4.121831 
0.05929331 
0.28926837 
0.09975168 
5.5055466 
0.23190011 
0.34600884 
0.45115218 
1000.0 
-10.649815 1.4302949 -0.0015887411 -0.9995609 1.4852492 -0.03125309 -0.035079118 1.630092 -1.4200528 -3.7107458 -0.0007894967 -0.02606003 6.0152726 -0.028397193 -5.9056787 -0.031172154 6.268312 -0.03453623 -1.922309 -1.9286351 
-1.782813 
0.0 
