1 20 1 1 
-0.72705567 -0.3815822 0.15663 -0.14807469 0.0025793826 0.6144814 -0.9934743 -0.21455577 -1.2084846 0.27821818 -0.07234866 0.0092565 0.001712214 -0.31529415 -0.07668563 -0.79460347 1.1337773 0.78013194 -0.18339929 0.23541848 
0.091942064 
8.059199e-11 
9.620615 
-0.0016192333 
0.01983462 
0.42206305 
1.1908718e-10 
0.19499174 
1.7148023e-11 
0.44159725 
1.3764399 
0.18537842 
0.053753417 
2.5689196e-11 
0.2037707 
-2.011494 
0.37861103 
0.56774604 
0.3085864 
-6.6434355 
1000.0 
-0.030234728 -7.971486e-11 -11.228852 -0.00035514974 -0.85025036 -1.4943899 -9.1639155e-11 -0.0335081 -1.5439686e-11 -1.3603243 4.2927265 -2.2938006 -1.4834284 -4.2273858e-11 -0.03365928 2.0591898 -1.4055789 -1.6269279 -0.034872305 -11.268229 
-1.7987933 
0.0 
