1 20 1 1 
-0.13743883 0.05175785 0.16805647 0.3596196 -0.09649003 0.40297168 -0.25275308 -0.50691086 -0.5037896 -0.01763241 -0.09214095 0.10200668 0.026410775 -0.79657704 -0.5482192 -0.0637465 -0.8824341 0.08414214 1.1073836 0.58993614 
5.1371603 
0.32026333 
-3.0911694 
0.35560971 
-13.487002 
0.41957402 
0.1732628 
-2.1418977 
-0.41653433 
-0.097231455 
5.9393907 
2.1495087 
0.060068358 
0.065633506 
-0.5450361 
0.07469835 
-0.5227266 
0.7531671 
0.21769142 
0.43061936 
1000.0 
6.6735187 5.489384 -6.731236 3.4537694 6.804342 3.3968558 -0.03140224 2.2529294 0.3759357 -0.018229011 8.307511 -6.122466 -3.5882835 -0.033339553 0.50871533 -0.03410448 0.48505113 4.944226 3.7525146 3.337743 
3.1448855 
0.0 
