1 20 1 1 
-1.0097432 -1.3514606 -0.15396589 -0.89808995 -0.19973229 0.51631564 -0.9041319 -0.47326142 8.422116e-05 0.68580014 -1.7896079 -0.06304846 -0.022517456 -0.1340032 1.4473453 -0.045776274 -0.14188978 -1.4151242 -1.4683434 0.42229602 
0.157396 
0.20929621 
-6.3121157 
0.3125758 
0.78581715 
0.410712 
0.30870405 
-0.307337 
1.0743597 
0.22518393 
-4.103051e-05 
0.023724822 
1.278358 
-0.17687067 
0.21559854 
1.5615739 
-0.4196138 
-9.937805e-09 
-0.08935637 
-0.63138 
1000.0 
0.17836072 -0.030305844 5.533939 0.38547918 0.871247 4.5140486 -0.031661272 -0.011214257 6.556417 4.4596334 -4.219082e-05 -0.020370228 6.7462106 -0.0069117714 4.1017585 6.63389 -0.008327659 -1.0256234e-08 -0.0030924159 -4.2092953 
4.31278 
0.0 
