1 20 1 1 
-0.3733099 0.08693463 0.5045586 0.1748987 -1.0836362 -0.05020867 -0.373991 1.1176519 0.62604964 0.6546272 0.45257884 0.8705275 -1.2655215 0.19702606 -0.1788696 0.91351706 -0.6067457 0.39045417 -1.140967 -0.9912693 
0.2837576 
0.63308275 
0.4153601 
0.45365638 
0.07480569 
0.3550992 
0.32352668 
-0.25962383 
-0.19212532 
0.17379418 
0.32560524 
0.20492315 
-1.7734225 
0.16394034 
-1.73486 
0.12760505 
-1.9252313 
0.24091622 
-1.8060043 
-1.8321745 
1000.0 
-0.019712197 4.478173 3.7267146 4.1829886 -0.0142968455 -0.016928183 -0.016518543 -4.1363325 -6.02724 3.494606 3.7610683 3.450764 1.9844264 5.150527 1.1009959 3.1701372 1.5476766 3.822971 1.7534238 1.6782035 
3.6866236 
0.0 
