1 20 1 1 
-0.10886081 1.0719615 -0.28501907 -0.93406135 0.50002944 0.10790168 -0.8564526 0.23300529 -1.0179907 -0.79888636 -0.34820879 -0.13103694 0.6222995 0.0020594352 -0.9441754 -0.15507275 0.5271146 0.15243448 0.28528973 -1.1295357 
2.892703 
0.4423422 
-0.9118914 
-0.87299025 
0.16279674 
3.1967046 
0.17781319 
-3.2869904 
-0.8421102 
-1.6656201 
-0.83214545 
7.4598403 
0.16773638 
0.030278485 
-0.83252007 
-9.135244 
0.37822932 
4.7966 
0.35805792 
-1.5325503 
1000.0 
4.038073 0.92008454 1.0550416 0.9548701 1.3881043 -6.532947 -0.030473754 -8.229849 0.75669 1.7768164 0.79096 8.957762 1.4038835 -2.3907032 0.8081448 7.885936 1.0985073 -9.207746 1.2906079 1.65018 
0.949119 
0.0 
