1 20 1 1 
0.8425018 0.662852 0.21823913 0.52925557 0.58955365 -0.02730574 -1.1293912 0.25253156 -0.8576526 -0.43881294 -0.17016086 -0.13234338 0.35774013 -0.035086706 -0.12245863 0.505024 -1.0493047 0.8058392 -0.036397323 0.8944248 
0.56120294 
1.0098366 
-1.074706 
-0.69974625 
0.3851845 
-0.19050768 
-2.7722769 
-1.8155158 
-2.6768143 
-2.6662424 
-1.5803432 
8.911328 
-0.68722874 
-0.097133994 
-6.8261104 
0.5280035 
-2.6581814 
0.5460134 
-0.08456117 
0.43761995 
1000.0 
-7.4696593 -6.629009 7.4011264 7.4110193 -5.898244 -0.0023830787 3.025454 -8.638518 2.3406966 2.5984738 1.4352634 9.885498 7.0059457 -0.0011873078 4.7569847 -5.0964737 2.4451668 -7.459338 -0.0024969839 -7.4483085 
-7.447911 
0.0 
