1 20 1 1 
0.57405764 -0.42718613 0.25335366 -0.07585692 -0.9646656 0.27127793 0.4021054 0.40178287 -0.101951055 -0.45805472 0.16458872 0.294442 0.98599094 -1.0934047 0.41262293 0.29277438 0.036518622 -0.103287764 0.94096506 -0.081337854 
0.37590203 
-0.0011802062 
0.585962 
-3.9823968 
2.2037175 
-3.8881943 
-0.7443191 
0.39794672 
0.057291754 
-0.00019242207 
0.68881893 
-0.48447996 
0.2823982 
0.21316388 
0.5491773 
-0.5092636 
-1.0115787 
4.6428905 
0.56803983 
-4.4206553 
1000.0 
5.608493 -0.00017834957 5.8863554 6.8191304 2.2142136 -10.270166 -4.630391 6.255937 -0.03091224 -8.859158e-05 6.1977634 -3.9798865 5.427755 -0.035420503 5.621118 -3.4909663 -4.522376 6.2305775 5.3959265 7.2640047 
5.470821 
0.0 
