1 20 1 1 
0.97077274 -0.2854772 -0.13762233 -0.30310157 -0.19432732 -1.2995987 -0.041943997 -0.06869666 0.1004937 -0.48007149 -0.008939307 -0.65548325 0.3294017 -0.46490204 0.34259218 0.2669977 0.0042012213 0.16491412 -0.5071375 0.37538803 
-0.1657536 
-1.3058124 
-5.701384 
-1.2099899 
0.12872754 
-1.2206664 
0.18005589 
2.246276e-09 
0.7766376 
0.10415264 
1.4625916 
0.13914414 
-0.06805671 
0.30664966 
0.43565238 
1.4453511 
0.03255382 
-0.59870344 
-1.5727408 
0.44690752 
1000.0 
-3.6261022 0.9808754 4.1196327 1.1297306 -0.031827636 1.07595 -0.033129845 -1.0581165e-09 6.9035344 -0.030879283 9.821158 -0.032151993 -3.373671 -0.03468974 6.6791897 -5.334733 -1.076411 -4.952028 1.7109646 6.2839575 
4.7206306 
0.0 
