1 20 1 1 
0.5749652 -0.03161918 0.14159364 -0.5518818 -0.23797596 -0.52129143 -1.566661 -0.17622758 -0.45596057 1.0511762 0.40259492 -0.4687941 0.73841596 -0.09170875 -1.3088158 0.07501992 -0.13009928 -0.0983472 -0.3102332 0.39238346 
0.65337145 
4.9642174e-12 
0.76587456 
-1.8517437 
-0.9669808 
0.03247338 
-0.2972753 
0.18449672 
1.2223486e-08 
0.5020443 
-0.704333 
0.32792118 
-0.27473277 
-0.5939002 
-0.49544072 
1.0856638 
0.14348044 
-5.528149 
0.07695828 
-0.2886565 
1000.0 
4.8743005 -3.0204292e-12 7.2904015 1.9662573 1.1043307 -0.0212452 0.32169014 -0.029992202 -1.18762316e-08 4.7303467 -4.0374956 -0.027237019 -4.823265 -0.013790051 0.58323824 7.4530373 -0.02858244 3.3667583 -0.024361959 -3.9350715 
4.541994 
0.0 
