1 20 1 1 
-0.52131957 -0.25807974 0.113556996 -1.2839185 -0.13298312 -0.38745433 0.8568323 0.8195275 0.46625876 -0.5303823 0.25310966 -0.887284 -0.15138705 -0.11440094 -0.14974576 0.23185062 -1.0381258 1.028431 0.45268217 -1.2843047 
0.08330293 
-0.078096785 
6.0372252 
0.33870438 
-0.05434014 
0.7418198 
0.31066927 
0.43614683 
0.16434123 
0.8386759 
-3.376346 
0.05386327 
-0.544373 
0.18299842 
0.2571665 
0.23737645 
0.44926518 
0.3176586 
0.3871934 
-0.12823701 
1000.0 
-0.022313716 -0.0065156044 -7.8410683 -0.027000213 -0.005818749 0.77458525 0.4250809 0.27470526 -0.1274056 0.89325964 -8.288439 -0.021297395 4.560861 -0.024256371 -0.02591207 0.38373348 0.5698825 0.44466737 0.32814696 -0.0025704685 
0.29368556 
0.0 
