1 20 1 1 
0.073522344 -1.4319589 -0.90590227 -0.9884531 -0.67447376 -1.0895119 -1.3410844 0.4594186 -1.3809965 0.32708302 -0.92365414 -1.4001136 -0.32646605 0.30730087 -0.07021842 -0.06711518 0.9224804 0.7953051 -1.83945 0.085118644 
-1.6314949 
-0.45814604 
-0.5112705 
0.09369052 
0.24010476 
-0.363354 
7.993813e-09 
0.46262372 
0.07205791 
0.1540307 
-0.5608837 
-1.326528e-05 
-0.027930386 
-3.4892628 
-0.6726307 
-0.52891654 
0.58770865 
0.41855285 
1.4990334e-08 
5.3546124 
1000.0 
-4.883405 0.55160683 0.6354477 -0.023281038 -0.027649859 0.41454986 -7.50501e-09 3.8248224 -0.02174284 -6.071922 0.70887107 1.3015888e-05 0.028040731 -12.563581 6.3525853 6.1467776 3.4260309 3.5168312 -1.4169443e-08 -6.81174 
3.3643277 
0.0 
