1 20 1 1 
0.21628132 -0.35272208 1.0214517 -0.22746225 0.004626094 -0.7684823 -0.7026166 -0.39979196 1.5890538 0.3867934 -1.5404038 -0.58330435 -0.24397016 0.53557074 -0.05082669 0.3021897 -0.0922821 -0.053470414 -0.28519744 -1.2532185 
-3.6077137 
-0.43826938 
0.24622011 
-2.023448 
0.0121251205 
-0.608701 
0.025750263 
7.330171e-11 
0.2866926 
0.36583588 
-0.26671976 
-0.015107157 
1.0015886 
0.43143162 
2.6556807e-08 
0.31380272 
2.5673442e-08 
2.4933846e-09 
0.20716488 
-0.50134426 
1000.0 
-8.887405 0.4504339 -2.9688096 2.0502772 -1.6148322 0.6463632 -0.025069633 -3.954762e-11 -0.22114542 -0.106639884 0.26996604 -0.008956425 5.2139554 -0.17025277 -1.7499767e-07 -0.0612359 -8.851139e-08 -3.891658e-08 -0.031755794 0.52016914 
-0.18267894 
0.0 
