1 20 1 1 
-0.8223025 -1.4074374 0.41841152 -1.143296 0.67982465 0.2926563 -0.03556694 -0.93273795 -1.6071355 0.88187706 -0.026252998 0.5407903 0.4217472 0.5899077 -0.25924313 -0.45908314 -0.020345371 -0.0812434 -1.581031 -1.5162747 
-1.7777894 
-1.118584 
0.18072872 
-0.87949866 
0.28867233 
-2.8208997 
-0.4081 
-0.986194 
-1.4958533 
0.4230312 
-0.08613159 
0.47069132 
0.28620133 
0.36351922 
0.319536 
-0.9180606 
-0.035367094 
1.4876833 
-0.0023900517 
-0.90958846 
1000.0 
1.8014488 1.2425156 1.6041361 0.9034996 1.2628857 -10.7448225 3.9107592 1.136831 1.5825889 0.9874559 2.878648 -5.4169807 -4.227296 -5.5464516 -0.035792865 1.0919696 2.4811094 7.380876 -0.017945897 1.0645521 
0.7581651 
0.0 
