1 20 1 1 
-0.3293995 -0.13935173 -1.0238885 -0.21790391 -0.041332148 -0.09742007 -0.031287227 -0.30249414 0.11795358 -0.42657062 -0.0036503347 0.08108096 0.25710124 0.16002914 -1.2750136 -1.1051717 -0.36164412 0.8808347 -0.7237886 0.5804172 
-0.76135516 
-1.2144965e-12 
-0.83545524 
-0.040492367 
6.5980116e-06 
-4.226276 
0.15627187 
-0.71244514 
5.3492336 
-0.59291524 
0.0095594525 
0.51056224 
0.52900153 
-1.3695852 
-0.6347961 
0.06533598 
-0.7571824 
0.34780702 
0.051974762 
0.45997122 
1000.0 
0.8354956 -2.6267814e-12 0.68519276 0.04147481 -4.2236024e-06 3.093363 5.057432 0.63618124 -7.0907717 0.6370973 -0.47657213 6.6409845 5.2951064 -6.4430737 0.60575444 -0.023236446 0.83098054 5.1032567 -0.021876037 5.1219234 
4.9841776 
0.0 
