1 20 1 1 
-1.8660289 0.937296 1.4118011 0.23355204 -0.11104403 0.37414604 0.31644616 -0.89408 -0.6906153 -0.12741905 1.2931495 0.3744908 0.022761941 -0.06286435 -0.23004179 -0.28458846 0.6611236 -1.089835 -0.30777726 -0.12675889 
0.11951898 
0.14619277 
0.32207328 
0.061102435 
-4.8081765e-05 
0.34266636 
1.4574038 
0.33232766 
-1.0700591 
-5.9112687 
0.26693508 
-3.4946513 
-0.0022024421 
0.32488436 
1.2785376 
-1.3579994 
0.206117 
0.17847969 
-1.0995945 
4.4147873 
1000.0 
-0.031945337 0.106791385 0.31045187 -4.6623135 -0.00031384223 0.7971184 -6.576474 -0.031154152 1.21367 6.2329526 0.2680651 -11.238993 -2.5969388 5.833267 4.279436 1.5632708 0.4891676 -0.029345194 1.25093 7.503264 
0.6194984 
0.0 
