1 20 1 1 
-0.2589755 0.20410338 0.2717756 0.1573821 0.49848402 -0.49691477 -0.035816018 -0.1031448 0.21026303 -1.061729 -0.12688065 0.20160757 -0.3495558 -0.9410496 -0.7758559 -0.90939283 -0.18194072 -0.13422419 -0.60198367 -1.7442763 
-1.0332111 
2.8831534 
1.2481081 
0.940199 
0.22980432 
-0.95837146 
-0.08893319 
0.059213195 
0.9396661 
-1.0287814 
11.199481 
1.6229457 
-1.2494167 
-1.1166946 
0.060000174 
-0.9767448 
-14.692326 
3.0393001e-09 
-0.9650373 
0.11422641 
1000.0 
0.95846695 -8.166491 -10.876314 -6.2980714 -10.442719 1.0803173 -0.005309787 -0.021933978 -8.409491 0.9607574 10.415663 -8.064918 0.92120266 0.9334549 -0.022018168 1.0104357 6.5980535 -1.3241349e-09 1.03965 -0.023746086 
-12.52011 
0.0 
