1 20 1 1 
0.0041995863 -0.287186 -1.4739016 0.24950562 0.36676216 -0.05519365 1.1653408 0.32353655 -0.44849524 -0.12434078 0.9176255 -0.8155099 0.003118372 1.191301 -0.95785993 0.2165967 -1.6137899 -0.055961035 -0.70458263 -1.5600886 
0.036330152 
-2.2530344 
0.18077917 
0.3710169 
0.5017803 
-1.8958657 
0.4631261 
-0.27408075 
-1.3501931 
8.67843 
0.73133427 
-2.1089718 
0.0061099892 
0.39597863 
-1.4476037 
-6.154451 
0.22271393 
-3.5932803 
-1.437487 
0.18342555 
1000.0 
-0.9462626 2.2892396 -0.031645294 -3.0358236 -4.01543 5.708788 -5.5347657 5.377229 1.3811538 7.3818407 -5.5976176 2.1516593 -0.9419949 -5.4563584 1.220155 -10.279545 -0.032246232 8.665488 1.2227746 -0.031689852 
-5.600062 
0.0 
