1 20 1 1 
-0.097066 -0.7835935 0.25947377 -1.26841 -0.42870077 -1.507884 -0.0076361154 -1.1418731 -0.15476339 -0.037482683 -0.90726656 -1.2496676 -0.19991377 0.12643701 -1.7175825 1.6652288 -0.8603149 1.0853755 -0.8768286 -0.09320498 
-0.21321172 
-1.0058664 
0.08299746 
0.3247847 
1.2813687 
0.01713015 
-0.056097373 
0.20880638 
-6.8386106 
-0.104464844 
0.17268518 
-1.7731233 
-8.7109085e-13 
1.0929846 
-3.133432e-08 
0.37135524 
7.1802537e-09 
-0.11051049 
-0.1004014 
1.9784842 
1000.0 
-0.0063597253 1.0822484 -4.9577074 -0.032160044 8.07601 -0.018981053 -0.057441577 -0.030677835 5.2618027 -0.0022908761 -0.02989135 1.7891973 -7.63057e-13 7.774102 -6.03494e-08 5.9975786 -7.835222e-09 -3.8368223 -0.0062567275 7.263111 
4.7792325 
0.0 
