1 20 1 1 
-0.61578065 -0.37377656 1.0314509 -0.81650686 -0.11164129 -0.71854675 -1.9946165 -0.92025095 0.68219215 0.008115145 0.034368098 -0.03511727 -0.16095863 -0.91205436 0.014749582 0.34142768 -0.24020895 -0.37694195 0.30678442 0.1769987 
-0.74793875 
0.090944596 
0.20340654 
-0.70549023 
9.344109e-09 
0.033584233 
-0.7129021 
-0.7922941 
0.45289868 
0.10105105 
0.10164517 
-0.040294882 
-0.70489985 
-0.92084026 
0.51224214 
0.35266757 
-1.3199632 
-0.7144133 
-0.0551598 
0.54124075 
1000.0 
0.7037361 -0.028292893 5.0179744 0.69051975 -3.6751284e-09 -0.028146565 0.6848314 0.810558 4.1723313 -3.011254 -2.6939962 -0.0045908056 0.68522936 0.9816226 6.3721743 4.5502715 7.565104 0.6854321 -3.1022089 4.4002085 
3.8427095 
0.0 
