1 20 1 1 
-1.7697424 -0.35560262 -0.18440215 0.32119268 -0.3910295 -0.22487898 0.7468414 -1.0858232 -0.021713289 -0.117730625 0.10496417 -0.06995336 -0.5591687 -0.63364166 1.4160595 0.5385034 -1.7165505 -0.83658904 1.1685215 0.21979268 
-1.0733285 
-0.6647474 
-0.85537 
-3.5663047 
-0.7293248 
-0.6492799 
0.31059292 
-0.63743484 
-0.08445709 
2.9409854 
-2.9775698 
-1.7058625 
0.2152497 
-0.6605627 
0.37415034 
0.22994061 
-0.7510307 
-0.7438584 
0.41535884 
0.10736985 
1000.0 
1.2108548 0.7470626 3.6197448 -12.071372 0.85207325 0.6959771 -3.866642 0.55223477 -0.031241251 7.043422 -5.5301237 7.3290024 -0.033494867 0.7340731 0.46660826 -2.3640697 0.86646503 0.50263554 0.22341444 -2.2203074 
-0.6599516 
0.0 
