1 20 1 1 
0.91337854 -0.4410911 -0.013637161 0.33126208 -0.1593149 0.119635604 -0.6205767 0.45908734 0.74804986 0.0012187939 1.090105 -0.2747798 0.1983436 -0.02105104 0.068307854 0.4969593 1.1831863 -0.27205575 0.20546354 -0.7461529 
-0.20881625 
0.2207301 
-0.018474141 
-0.2197015 
-6.7939587 
-0.059509467 
-0.4456472 
0.28609478 
0.1394009 
2.0366266 
0.276013 
0.060297135 
0.273476 
0.28422824 
0.09245086 
-0.2384335 
0.31802893 
2.2557666 
0.045605533 
-0.15081364 
1000.0 
-5.540874 -0.013048022 -0.0014212764 -3.3345258 4.929442 -2.9959586 -0.037961178 3.3864775 2.811503 5.825145 3.2468712 -0.008510813 3.5376923 4.5039253 3.1906805 -4.985182 3.2993593 5.3957977 1.8156654 -0.028311532 
3.634787 
0.0 
