1 20 1 1 
0.62781155 0.18721646 -1.3830817 0.060297597 0.5157333 -1.9312334 -0.6298384 -0.6107975 0.19735682 -0.12409726 0.5605955 0.07595923 0.43826687 -0.23427415 0.54774684 0.41978067 -0.12996794 0.47769243 0.8961665 0.78311884 
0.9782373 
-0.6529143 
0.13134369 
-4.8014812 
0.49533018 
-4.1255116 
0.17544365 
-3.506864 
-1.4042287 
-7.686118 
0.45203748 
-2.1692426 
0.5273748 
0.11928669 
0.45616037 
0.43289313 
13.0084715 
0.3970299 
0.3927008 
0.33274767 
1000.0 
-6.2977734 5.966137 -0.028818201 9.95001 -5.849201 4.1552773 -0.03018378 3.6579843 -7.568811 4.732485 -5.689032 8.093245 -4.8604603 -0.0283179 -5.566697 -4.879772 10.905862 -5.0803823 -6.733961 -6.823486 
-6.3785086 
0.0 
