1 20 1 1 
-0.525074 0.02669107 0.31049934 -0.065512344 -0.42611602 0.42751125 -0.9730928 0.3013641 -0.12727326 -1.2384896 0.38057572 -0.23219332 0.36893162 0.52192014 -0.02556569 1.2721602 0.051463213 -0.17686683 0.011255727 -0.49416727 
0.19669408 
0.27009496 
-0.4012691 
0.14271748 
-0.5819691 
-0.09864245 
0.45133922 
-0.41514394 
-4.2746553 
-4.228167e-08 
-0.12035823 
-2.3586896e-05 
0.48183808 
0.32341814 
-0.18579334 
0.41270968 
0.69543064 
-0.6168644 
0.6328184 
-7.930925e-07 
1000.0 
-0.023651809 5.000231 -3.1049588 -0.021681974 -0.018819531 -4.287692 0.6097701 -3.0134366 4.182728 -2.6549532e-08 -3.8157167 -9.349091e-06 4.2155433 4.0965962 -0.001171497 4.0378857 4.675513 -0.01335173 5.9393883 -4.8200667e-07 
4.2517347 
0.0 
