1 20 1 1 
-0.16785857 0.48218673 0.085147664 -0.57531816 -0.8265992 0.14745459 0.16994941 -0.6694379 -0.97063786 -1.1145768 0.2284723 0.32633057 1.1550561 0.2179295 -1.1481105 0.77160174 0.122715145 0.58908343 -1.4212861 0.5268834 
-0.924104 
0.37821436 
0.9110569 
-0.9292832 
-0.9509867 
-0.1319305 
-0.86368287 
-0.9291572 
-0.8964243 
-0.8983201 
-1.5871353 
0.32781282 
0.41310427 
-1.6396166 
-0.9216465 
0.24469939 
-0.06458159 
0.19078203 
-0.9022044 
0.31962475 
1000.0 
0.78372294 2.3129332 -5.08764 0.7767921 1.0612086 -2.9894562 -5.9107146 0.7769474 0.8688983 0.9574008 -7.085742 2.431638 2.1393566 -6.7416625 0.7873833 2.1728733 -3.0467203 2.235506 0.98997307 2.2913127 
2.2260711 
0.0 
