1 20 1 1 
-0.93481815 0.115189165 -0.91040146 0.98555356 -0.27366218 -0.2522035 0.35984823 -0.043797936 -0.4172078 0.10916082 -0.6619786 -1.2870154 0.017538361 0.33617973 0.094067566 -0.43061253 -0.423124 0.21755315 -1.0891538 -0.0831602 
-0.009908335 
0.7802769 
-0.9216259 
0.33502343 
-0.86216617 
-0.9419277 
0.3575143 
0.974199 
-0.8510094 
-0.08851469 
-0.866072 
-0.8886845 
1.079551 
0.5155087 
1.3071551 
0.17207518 
-1.1955215 
-1.8583007 
-0.85091436 
-3.3098102 
1000.0 
-0.015777018 4.932144 0.77034837 4.681692 0.84300524 0.75972587 6.1526895 6.0639787 0.9137903 -4.3745623 0.8328893 0.79717034 7.7010665 4.625757 -4.519892 -0.035540562 1.2311795 -7.711467 0.92118716 6.5369687 
4.079386 
0.0 
