1 20 1 1 
-0.28906792 -0.42029366 -0.033072405 -0.026127603 0.5819203 -0.86982715 -1.6322138 -1.5886159 0.482881 0.52365357 0.4086865 -0.87204057 1.0703903 -0.8694089 -0.4359279 0.3685036 -1.4061683 0.016578574 0.4344439 -0.12937324 
0.06235825 
0.33237338 
0.10555964 
-0.067769535 
-0.6430683 
0.6415399 
0.17080931 
1.2184216 
0.28860858 
-0.8808597 
0.76219803 
0.10171809 
0.39438096 
0.65461373 
-4.704808e-10 
0.14134118 
0.05132086 
-0.07351354 
0.7214144 
-4.8453426 
1000.0 
-0.028290775 -0.030666832 -0.031433746 -0.029925127 -5.8127728 0.7195636 -0.028650492 1.4004875 7.8330564 -5.2276616 9.532607 -0.031228011 7.975066 0.715303 -5.3915206e-10 5.932774 -0.027054818 -2.729362 8.818009 5.9596076 
6.2788134 
0.0 
