1 20 1 
-1.2835282 0.7310673 -0.19999626 -0.16691884 0.87873644 0.017997706 -1.1498996 -0.110770285 0.032110672 -0.085657634 0.75124896 0.013988246 0.4301236 -0.393079 -0.11967282 0.105502546 -0.14620122 0.018718349 -0.21297163 -1.2151918 
-0.9150543 
0.33826086 
-4.371012e-05 
3.0561907 
-0.084583454 
-0.005322021 
0.54751897 
-1.1431615 
-0.00357395 
-0.00078560936 
0.28771037 
0.003234495 
0.13384165 
-0.013298194 
1.51119875e-05 
0.0876502 
2.1776337e-05 
-0.001879797 
-0.94715834 
-0.025688564 
0.93003887 -2.49642 -2.217143e-05 3.1702042 1.5408213 -2.3165305 -0.040906083 4.965326 -3.7281787 -0.026829408 -2.5735152 -1.9647074 -2.9773192 -0.016632725 -0.00013378971 -3.1628807 -5.280549e-05 -2.6247766 0.9636023 -0.017956112 
-2.116589 
