1 20 1 1 
-0.35830566 -1.3665001 0.82255924 -0.8003823 -0.12700553 -0.7289713 -0.789237 -1.201311 -0.5770238 -0.09592494 0.70039773 -0.82454085 -0.6059998 -1.2219425 -1.2807652 -1.0128312 -0.4311529 -0.3672628 -0.7182248 -1.0906155 
-0.13571121 
-0.1515949 
0.5361131 
0.73550814 
-0.0030096183 
-0.042399745 
0.4506274 
-0.07855829 
0.487474 
-0.31377503 
0.19055822 
-0.29379767 
-0.022251962 
0.52331614 
-0.21466517 
-0.22679056 
0.4634269 
0.58624 
0.34554243 
0.5718707 
1000.0 
-0.008864587 -0.009005847 -2.5277894 0.59114796 -0.0032665704 -0.0011901855 0.48552346 -0.004336401 0.5087829 -0.0029520625 -3.4740348 -0.0025080445 -0.023998197 0.52477765 -0.013188081 -0.0030624738 0.49482182 0.54793525 0.37623546 0.54297507 
-2.1622946 
0.0 
