1 20 1 1 
-0.9495573 0.018783087 0.98716855 0.21766362 0.08104459 1.2093937 -0.10406076 -0.17851865 -0.8481436 -0.039882958 0.14341466 -0.66194236 -0.0038850196 -1.1187549 0.07268752 -0.06814718 0.013597375 -0.31093317 -0.08606397 0.18503825 
0.08606567 
-0.014643556 
0.30681348 
3.8003676 
0.37445727 
-0.2054941 
-3.7375429 
0.23621927 
-0.20956093 
1.4283708 
3.5656583 
-1.9991905e-08 
0.0015216365 
0.85276353 
-0.02374078 
1.664368 
-0.02856466 
-0.35792395 
0.5338637 
-6.066689 
1000.0 
-0.022398146 -2.2917194 1.7227802 -6.060899 -3.2700894 -2.5091257 5.2190366 1.6357511 -0.009284263 4.777205 -5.7591133 -1.9960604e-08 0.15521519 0.98807704 -2.220758 4.6103067 -2.401232 -0.011368022 2.1623728 -9.245773 
2.1448407 
0.0 
