1 20 1 1 
-0.1197556 1.3655083 0.98056567 -1.881329 -1.2284662 -0.014736992 0.8222833 1.3396097 0.6696586 -0.15504019 -0.15935655 0.1680925 -1.7124102 -0.9250435 0.035790857 -1.1670907 0.5341352 0.5165962 0.40186822 -0.88135034 
0.13649228 
0.26725835 
0.17311734 
0.031368498 
0.16727296 
-0.0006926718 
0.10467287 
-0.34149462 
-0.15502921 
0.1652611 
0.4137373 
-6.8988137 
0.29799542 
-0.069280215 
0.01771819 
1.0299373 
0.19920947 
0.29975367 
2.6319017 
-0.07993678 
1000.0 
-0.011835479 -1.5167161 -1.7099382 -0.0044275816 -0.011187012 0.24562342 -2.0044076 1.168663 1.09429 2.6773205 0.4863483 -7.910743 -0.012102347 -0.00024987521 -2.169965 1.0163629 -1.6416627 -1.5056498 -9.679001 -0.00059308694 
-1.1253369 
0.0 
