1 20 1 1 
0.09850635 -0.1957458 -0.560161 -1.0066426 0.0022445435 -0.20578448 -0.15716037 -0.31018704 -0.18427852 -0.08795484 -1.3886278 0.6507492 -0.37200475 0.18631972 0.09316634 0.07705981 -1.3598315 -0.37976372 0.23004474 0.14451064 
0.16706575 
-0.07878476 
1.9037938 
-0.036770098 
-0.034842256 
2.3593593 
3.5572705 
0.14334036 
-5.3699236 
0.08274491 
0.1382705 
0.42467755 
-0.19582877 
-0.19377564 
-1.521806 
-0.074271664 
-0.26917666 
-0.14846206 
0.5370643 
-0.10589813 
1000.0 
5.386734 5.5461135 2.0148375 -0.03583324 -2.4514818 4.907062 6.286659 -0.024603404 9.40289 -0.02267685 -0.024488507 5.8936033 -0.021539068 -6.013668 -6.601539 -5.2675323 -0.029547898 -0.025807079 6.1197686 -5.5834584 
6.43186 
0.0 
