1 20 1 1 
0.13821572 0.23242392 -0.88994104 -0.11527259 0.71948904 -0.059211727 -0.80697787 -0.5905904 -0.19283873 -0.17366186 -0.026525786 -0.21590944 -0.16468374 -1.9911226 -1.0641483 -0.10236806 0.30901062 -0.91902035 -0.060310036 -0.3772288 
0.24491428 
4.613757 
1.2016687 
2.7617846 
-0.3063512 
6.4361567 
-3.4941007e-08 
1.1945329 
-0.001105453 
-9.041986 
-0.07975568 
1.287406 
0.21949442 
-0.09000118 
-0.23580581 
-0.0036520667 
-0.71045196 
1.2042396 
1.660426 
1.1465216 
1000.0 
3.7321064 -7.8662734 1.0626974 4.370727 -4.752563 7.078407 -3.533211e-08 1.0818186 -0.015046966 8.557871 -0.0017503392 0.99703157 3.136208 -0.0011036722 -0.0017424974 -0.0044570966 -3.5931358 1.2592632 4.2474704 1.3394835 
4.1062818 
0.0 
