1 20 1 1 
-0.006477464 -0.093708485 -1.1530663 0.55355144 -0.06166105 -0.2042164 -6.641397e-05 -0.20253001 0.3149336 -0.4753201 -0.10393854 -0.19929674 -1.3239883 -0.14836136 -0.10214927 -0.12434885 -0.43843263 -0.83597755 -1.4131625 0.259866 
-0.00799115 
2.3382945 
-0.06593143 
0.2548783 
-0.11310919 
-1.4596348 
-0.00839125 
-0.076525465 
3.9456604 
1.9098849 
0.28924206 
-1.429295e-06 
0.022766832 
-2.9413965 
0.5307831 
0.8174555 
-0.010468201 
0.0662193 
-0.1219917 
-4.4020267 
1000.0 
-0.4547799 5.5919 -0.0026759347 2.2333627 -0.0038539728 3.9034877 -0.3671081 -0.0045854724 -9.629523 2.0371737 3.789061 -2.7057877e-06 -0.03699813 7.3774037 3.9195182 3.634197 -0.030588789 -0.039842658 -0.00490646 -13.025303 
3.7177567 
0.0 
