1 20 1 1 
-1.0481445 -0.21496065 -0.73577446 -0.5277453 0.2392499 0.020395333 0.3538197 0.25842524 -0.20633738 0.7088327 -0.6447872 -1.9735329 0.01094513 -0.63809353 0.084850475 -0.1387015 -0.121353336 0.32967722 -0.15115987 -0.040006876 
-0.35639787 
-0.09953647 
0.1328602 
-1.16483 
-5.180627 
0.019126872 
1.7737828 
0.3255313 
-1.4875101 
0.29017413 
-0.08055382 
0.096368626 
0.09285484 
0.028586684 
0.009943378 
-0.18299884 
0.08195541 
1.6642153 
2.451756 
-0.030910477 
1000.0 
-0.0066490322 -0.011056453 -0.044330027 1.1718553 -12.075221 -2.4601543 -8.686239 -5.226503 4.8791385 -7.522542 -0.01063071 -0.04361122 -4.382172 -0.045628235 -4.4936376 3.9928305 -0.04320165 -8.171897 5.8905473 -0.011321119 
-5.0917063 
0.0 
