1 20 1 1 
0.017089369 -0.7038563 -1.9776579 0.18240808 0.016866155 -1.0782155 -1.6502751 -0.14023055 -1.2280309 -1.0561868 0.24872054 -0.009829942 0.28973877 1.0510902 -0.06309314 -0.09537128 0.16376543 -0.570888 -0.81643033 -1.4856523 
-0.061255075 
0.6107365 
0.4922565 
-3.5875063 
-0.04253069 
-0.045290787 
0.71311563 
2.1042442 
0.59259444 
-0.00037285296 
2.741973 
2.1514082e-09 
1.9524859 
0.22448543 
-6.355415e-07 
-2.683124 
-3.875312 
0.6406559 
-0.19434443 
0.14739683 
1000.0 
-2.3884954 0.5418202 0.551153 -9.837553 -2.607843 -0.001504298 0.5717398 4.177297 0.59667563 -0.00033019212 -6.6788554 -2.0514129e-07 -7.922995 -0.96866465 -2.8139082e-06 3.786466 -6.678206 0.54897904 -0.0015446913 0.1590685 
-0.38793653 
0.0 
