1 20 1 1 
1.3346808 1.0406035 -0.20702274 -0.0008589569 0.576731 0.75849456 -0.9963258 0.67802685 0.7184177 -0.4237872 1.7918835 -0.11596155 -0.7168545 1.2363125 -1.1374177 -1.3482732 -0.13015805 -0.63025826 -0.75509393 -0.16819876 
0.3789206 
-0.4014788 
7.5725594 
-0.009620725 
-0.72855264 
-0.64163095 
2.5115607 
0.62747693 
0.42098364 
-5.963656e-10 
0.37149835 
-0.19462378 
0.20504168 
-0.3542336 
-0.17723827 
-0.13401376 
0.24833544 
2.5645308 
-0.10246835 
-8.366776 
1000.0 
6.2031374 -7.692968 5.118327 -0.18596086 -7.1050925 -6.862121 2.5589142 6.446053 6.4003086 -6.30346e-10 6.1378074 -0.0012730423 -0.017936392 -7.4857745 -0.001484603 -0.0012762124 -0.016195832 2.6993182 -0.00074449653 8.343709 
6.260927 
0.0 
