1 20 1 1 
-1.9671857 0.94319874 -0.15973549 -0.03745652 -0.6934498 0.16520898 -0.40684822 -1.5025176 -0.19138205 -1.3511674 -0.827721 -0.7668418 0.40572116 -0.27568635 0.17598502 0.4333892 -0.18581174 0.32203537 -0.29948175 -0.29706803 
0.6805709 
0.41229895 
-7.208358 
-0.05151073 
-0.02848762 
0.6853293 
0.24459794 
0.021047479 
8.000139 
0.46798941 
-0.1327442 
0.10386388 
-0.2675233 
-0.11284956 
0.17353714 
0.27428055 
-0.030749898 
-1.0430915 
-0.03891409 
0.03986555 
1000.0 
0.72409195 5.998268 8.1689 -0.00013385067 -0.0010097405 6.7590046 -0.027965715 -0.017149625 5.292151 0.4813626 -0.009357816 -0.023480546 -8.363721 -0.009933211 6.227348 6.0026736 -0.0061292634 -7.566134 -0.0050485088 -0.021490475 
6.1088214 
0.0 
