1 20 1 1 
-0.8027877 -0.40452978 -0.26916263 -1.8091317 -0.19582582 0.34170854 -0.5391455 1.214859 -0.26744068 0.22820732 -0.23546693 1.847334e-05 -0.9218207 0.2524935 -0.009268931 0.023086853 0.49718148 0.3197127 -0.1962626 -1.0401945 
-0.008241121 
1.1150807 
0.9970297 
-0.013354586 
0.34281805 
0.14784847 
0.096098825 
0.27902162 
0.061335236 
-4.734343 
-1.3460313e-07 
0.049197104 
1.0507106 
-0.0599763 
-0.02161403 
0.039619405 
0.37737986 
2.272317 
-0.32335195 
-0.055393968 
1000.0 
-0.005024717 1.2502786 1.0805901 -0.0013998161 -0.019798454 -3.524522 -0.016572641 -3.3569613 -0.014452087 -11.586006 -8.987673e-07 -3.072815 1.1557767 1.7582442 -1.3917764 -3.9571247 -2.966649 -9.708182 3.6603308 -0.0148205515 
-2.4071803 
0.0 
