1 20 1 1 
0.28769255 -0.25162274 -1.6011099 0.97735244 -0.026466435 0.12982595 -0.07969688 0.5618697 0.68718034 -0.13591984 0.1912909 -0.9315018 -1.4621844 -0.5367971 -1.838882 -0.6348467 -0.13754463 -0.028644603 0.4966294 1.0311877 
5.266939 
-0.0553199 
0.08497923 
0.2729652 
-0.0863411 
0.5141451 
5.210924 
-1.0316314 
0.34022495 
-9.997804 
-0.50200987 
-0.025537405 
-0.13751836 
2.5163112 
0.08097709 
2.2630298 
0.882233 
0.26019493 
-0.6249878 
-0.42558953 
1000.0 
-8.920331 -0.013071374 -0.009318859 4.5353217 -0.01546193 4.6981907 8.317619 -8.137523 4.605654 6.709877 -3.8491642 -0.0034317384 -0.018327618 2.6696484 -0.009085072 2.34022 0.55184126 4.4393597 -5.028037 -5.16152 
4.935468 
0.0 
