1 20 1 1 
-1.3363413 -0.009361615 1.117785 -0.04551486 -0.14112975 -0.34865817 -1.3074664 0.06755956 0.10981338 -1.4646157 -0.1609214 0.087431274 -0.93661743 0.33981597 -1.8264493 1.2995857 0.2295158 0.30367303 -0.59140474 -0.4731486 
-0.26024204 
-0.016341977 
0.22982873 
-0.099579 
-8.381738 
1.0012677 
0.97984385 
-1.3805513 
0.17234738 
-0.14020205 
9.4636 
0.106592424 
0.92128634 
-0.08073629 
0.91717815 
0.365453 
0.3472356 
-1.5389457 
-0.095995985 
-0.15350819 
1000.0 
-0.0010015871 -0.010589184 2.8463566 3.4691517 6.9750886 1.1359696 1.2867665 -4.8802176 -4.3401423 -0.0008120929 5.1229815 3.1183555 0.9102688 -3.2563941 0.8436815 2.964018 3.1425347 -6.074879 -0.00080462237 -0.0010251416 
3.1530888 
0.0 
