1 20 1 1 
-0.18925327 0.062282104 -0.1927527 -1.0349224 -0.98533505 0.0018726074 0.49161607 -0.31891197 -0.9774886 -0.92622405 -0.06625977 0.0030121421 -0.58553743 -0.5516724 0.0116318 -0.98421496 -0.736677 -0.17409931 -0.011000314 -1.5543509 
-0.12215156 
-0.5799031 
-0.14292498 
-0.116187975 
1.3817072 
-0.007103763 
0.4732767 
-0.00033590267 
3.7021387e-06 
-0.09392038 
-0.92638326 
-0.1120051 
-2.0113232 
-0.19216602 
-0.1338176 
-0.25507203 
-0.16808635 
-0.122060426 
-0.028661609 
0.0514308 
1000.0 
-0.19796777 -12.709501 -5.12959 -0.19797005 26.712633 -0.8678981 -0.8778596 -0.35396332 -2.2739747e-05 -0.19797724 -15.01475 -1.8425527 30.823877 -0.19792238 -6.4366684 -0.19775526 -0.19794352 -0.11742055 -3.3324733 -0.19800189 
24.532103 
0.0 
