1 20 1 1 
0.19468789 -1.1734521 -0.83089095 1.2436647 -0.34395412 1.405663 0.16902114 0.22739771 -0.12275123 0.15913399 -0.033882357 0.40135202 -0.39066795 -0.8251343 -0.34040597 -0.027352484 -1.6788123 -0.14305343 -0.17473209 -0.2912285 
0.47691146 
-0.1464294 
-0.016813308 
-0.10534434 
3.9838536e-12 
0.21810035 
0.18514754 
0.2263693 
-2.3466482e-08 
0.6834027 
-0.082749054 
0.36717874 
0.21376108 
0.97053784 
-0.17789206 
-1.301659e-09 
0.214392 
0.059139535 
0.17676474 
-0.017011963 
1000.0 
-3.8194628 -0.00044608468 -0.0023717019 0.6513985 -6.5687035e-12 -1.7379754 -1.5827789 -1.5488657 -4.869148e-08 -3.1178744 -0.00030828864 -1.4098092 -0.024736045 1.1678954 -0.0009407285 -3.0613106e-10 -0.024750989 -0.019531125 -0.023707129 -0.0026105156 
-1.0643432 
0.0 
