1 20 1 1 
0.02208239 0.20357542 -0.14388742 -1.4448653 1.2381148 -0.40995932 0.25558928 -0.5721965 -1.1557863 -0.27891123 -0.862124 0.033461902 -1.4753077 -0.2768184 0.74344045 -0.44177458 0.19714381 -0.13721958 -0.0584533 0.11383687 
0.5501139 
-0.907874 
-7.68802 
-0.05060023 
0.36771598 
0.68493885 
-0.13029665 
-0.3822996 
1.350103 
-4.573912e-05 
1.479523 
0.068737194 
1.4110254 
-0.10423948 
0.3680255 
-0.3205012 
-0.3775838 
9.403642 
-0.06539448 
-2.5277693 
1000.0 
3.5546615 -4.089479 7.1548457 -0.0025181267 2.9334252 0.6929339 -3.3701036 -0.006101855 1.2363235 -4.9088183e-05 1.177392 -3.5326915 1.1990415 -0.001482277 2.9473476 -0.0064910804 -4.086595 4.4862027 -0.0027270832 -7.2834764 
3.1196377 
0.0 
