1 20 1 1 
1.065358 -0.021533443 1.1175772 -1.4448054 -0.4669604 -0.17056179 -0.40941337 -0.9318506 -0.15996128 -0.59233767 0.19271432 0.22667752 1.5417463 0.99366057 -0.98988813 -0.12055874 -0.18476482 -0.28000733 0.31332263 -0.14760843 
0.12183948 
-0.08425897 
-0.38472062 
1.1338302 
-1.8292897e-07 
1.0692011 
1.1302133 
1.5632238 
-0.09480355 
-0.22666945 
1.1719775 
-1.334206 
0.48959744 
-0.3068683 
-0.010779743 
-0.16150662 
7.9903083 
-0.0408226 
0.27031195 
-7.9146657 
1000.0 
5.141311 -0.00038134912 -5.9538445 1.1681557 -2.4068456e-07 1.1616089 1.1681527 1.4892288 -0.0011605573 -0.0027117417 6.0112743 -6.5263 5.3795614 -7.223959 -0.0010002442 -0.0013673499 4.3959136 -0.0012621713 5.8462396 7.4092226 
5.3767533 
0.0 
