1 20 1 1 
0.60525763 0.15358415 0.20307727 -0.8755655 0.22667712 -0.18367973 0.0033076904 -0.00060314394 0.18866909 -0.0020175513 0.00013345852 0.1747952 -0.10055123 -0.7095296 -0.09169984 -1.9144623 0.1860856 0.28705117 0.0042008883 -1.2243657 
0.4128742 
0.096540995 
2.064879 
-0.26908046 
1.7753533 
-0.2568582 
-0.013650598 
-0.010481275 
-6.321639 
-0.03673465 
-0.0008015118 
0.10604992 
-0.006639639 
-0.41022873 
0.25340658 
0.7071678 
1.6331993 
0.12551484 
-0.0021800385 
0.32678246 
1000.0 
-1.1989242 -1.5359929 -6.4298205 -0.004978684 -7.31854 -0.0045937486 -1.4936981 -0.54095984 -9.504149 -0.8280185 -0.03889008 -1.7476337 -0.0073489677 -0.003074612 -0.02557454 0.77858657 -6.1544547 -2.6120014 -0.8203772 -0.019743454 
-0.54964006 
0.0 
