1 20 1 1 
-0.526818 0.28662062 -0.6415379 0.4362384 0.15525371 -0.44500425 -1.8862244 0.45090848 0.21405832 0.16597593 0.19020411 -0.30605957 -0.08494189 -1.0072294 -0.16518153 -0.48835537 0.34177387 0.72650427 -1.4642464 0.1030267 
-1.549425 
-0.19300768 
0.06246136 
0.5857802 
1.5556624 
0.29627165 
0.32627654 
0.36471692 
-7.60952 
1.0243287 
-0.1973923 
0.21920481 
2.0843065 
0.0026328808 
0.05817901 
0.0006466469 
2.5756106 
0.3030381 
0.043897845 
-0.41618547 
1000.0 
1.6718982 4.5412436 -0.005605838 -4.370196 -6.209368 -0.011767542 -0.012281345 -4.519846 -10.708721 -6.6379657 4.4932985 -0.01135124 5.4279447 -0.0032649394 -0.004677361 -0.00075575744 -8.016228 -5.436256 -0.0035235253 5.185752 
-4.799627 
0.0 
