1 20 1 1 
1.1533215 -0.35419545 -0.62251854 -0.27145475 -0.3601388 -0.003713727 -0.024497902 -0.011420031 -0.7614663 -0.048797622 -1.3065746 -0.6845314 -0.022368891 0.0005567139 0.8378647 -0.13513039 -1.420835 -0.025489392 -0.7534646 -0.090495855 
0.95425045 
-0.10142537 
-0.24558245 
-0.21740678 
-0.06047613 
-0.0041127508 
-0.033754922 
-0.038925085 
0.0025591864 
0.02688304 
-0.14918913 
-0.0951852 
-0.04677129 
-0.0023718406 
-1.0798789 
-0.1490735 
0.061373904 
-0.06948214 
-0.113200754 
-0.05663367 
1000.0 
-22.061434 -0.26628366 -0.20934942 -0.072059706 -0.0124523165 -0.10126403 -0.929289 -0.7323605 -0.27362588 -0.13797638 -0.017845828 -0.26694298 -0.7072676 -0.057689294 -42.676666 -0.017834727 -0.059217863 -1.9071213 -0.01523482 -0.06708856 
1.5570445 
0.0 
