1 20 1 1 
0.385465 -0.060913257 -0.08650914 -0.2010484 0.6049188 -1.987936 -1.7489789 0.66197217 -0.81446034 -1.4329618 -0.10912078 0.15603401 0.02811234 0.38580677 -0.43086687 -1.0778103 0.121596664 -0.1145214 -0.47769475 -1.1477193 
0.11142833 
1.9117758 
1.3130631 
0.00018825725 
-0.03728284 
-0.14554326 
-0.22719276 
0.24127753 
-1.4952415e-09 
0.31255716 
-2.2900364 
-7.4780436 
0.007073168 
2.914478 
-0.33016756 
0.18297568 
0.6538188 
0.047626782 
0.0013834785 
-0.07386919 
1000.0 
-2.3538744 4.807817 3.4167104 -0.0001888676 0.43475813 -0.00614115 -0.006041292 -2.0465553 -1.7664796e-09 -0.0078321 5.388145 -7.780294 -3.2770996 -9.635314 -0.0027569807 -0.009290671 -4.881979 0.799067 -0.0006851467 -0.0011528778 
-1.3573245 
0.0 
