1 20 1 1 
-0.7398309 -0.14665258 -1.6342131 0.961515 -1.472072 0.5586238 -0.31446382 0.38443062 -0.7391559 0.12962556 -0.18336761 -0.29627725 1.2169933 -1.019321 -0.27467206 -1.2269533 1.0411761 0.7224443 0.69632405 0.76865375 
3.2910664 
-9.937493 
-0.14397027 
0.2773544 
0.2141889 
-0.6084775 
0.066219546 
0.2839552 
-0.24622811 
1.2081057 
7.3462977 
0.040234 
-0.35031483 
0.032222953 
-0.257275 
-0.3250882 
0.2704445 
-0.50340796 
0.30636087 
0.3328055 
1000.0 
3.3617346 7.2400866 -0.0038927149 5.4111757 -0.019546026 -6.948576 -0.017721986 5.375409 -0.0043891217 6.1290493 5.431872 -0.016130675 -6.5092897 -0.014814459 -0.004475397 -0.0037182535 5.3903494 -6.9556937 5.4881144 5.5248237 
5.5904484 
0.0 
