1 20 1 1 
0.56759506 -0.4746812 -0.89163065 0.17092311 -0.39101747 -1.751446 0.23504856 -0.7031186 0.011986857 1.2795935 -1.019203 2.114723e-05 -1.8004283 0.48421985 0.80764776 -0.09466839 0.24486643 -0.27865267 -0.66370153 -0.12720288 
-0.21717718 
-7.0930514e-07 
0.6786129 
-6.7502923 
-0.15498969 
0.00056368264 
2.7176359 
-7.191956e-06 
0.33636642 
0.2876795 
-0.12539166 
1.14300505e-07 
-1.7953046e-07 
-0.17941591 
0.087839834 
-4.3813116e-06 
2.0667021 
2.6835996e-05 
-0.107565306 
0.35083553 
1000.0 
0.7068622 -7.8292834e-07 0.46977907 -8.5740385 -0.0010067971 -0.002151075 -6.3474374 -9.452272e-06 -4.3531623 -1.2853955 -0.0014170259 -0.0021852688 -1.963297e-07 0.665283 -1.8168168 -1.5931562e-05 -6.8763967 -0.00011802334 -0.0009517766 2.3756464 
-0.8737021 
0.0 
