1 20 1 1 
1.0732024 0.25238377 -0.012922326 0.35482946 0.3934352 0.56541693 -0.21901345 -1.100078 -0.15981685 -1.2675232 0.17370132 -1.3886865 -0.5117914 1.2337427 -1.7141215 -0.2289415 0.054230105 -0.46113008 -0.074139 0.17937806 
0.39515042 
-1.7264467 
1.7446252 
-1.5388919 
-0.8094612 
-0.7354632 
-0.04945915 
0.05699506 
-11.410339 
-0.06269666 
-0.7155977 
0.2516835 
2.3324456 
0.31678137 
0.15086247 
9.149828 
1.5066102 
0.006597178 
-0.1732958 
6.434665 
1000.0 
6.524398 -7.2729344 6.62136 -8.581683 -7.268515 -7.1925845 -0.006491883 -0.019248739 7.972243 -0.0047325785 -5.2072773 -0.024247644 2.5666418 6.368606 -0.021833204 5.642884 6.88962 -0.00871694 -0.012315385 -7.186443 
6.825052 
0.0 
