1 20 1 1 
0.3972041 -0.21182214 0.8487755 -1.6048169 1.5588434 -0.121760584 0.769527 -0.93319094 1.1600966 -1.4242073 -0.5149627 0.4587334 -0.26152068 0.43772304 -0.98464423 -0.553765 -0.68763804 0.65912443 -0.37340495 -0.41258466 
0.7443045 
-2.1372694e-08 
-0.5150496 
-0.021087635 
0.33046207 
-6.3929863 
0.6064138 
-1.3476056e-06 
0.20643964 
0.19938107 
0.14451192 
-1.4086548 
-0.17075484 
0.28851292 
-0.26633427 
0.06322481 
5.021638 
-0.6300864 
-0.024538407 
-0.15783523 
1000.0 
6.1905465 -2.4415908e-08 -6.2529335 -0.002242689 5.7166567 6.9983506 5.9443917 -1.4792553e-06 5.308472 -0.019262824 -0.01817294 -4.579688 -0.0026625833 5.267825 -0.006809428 -0.019124134 5.218086 -6.581648 -0.0019078089 -0.0022396175 
5.854282 
0.0 
