1 20 1 1 
1.0381999 -0.22271028 -0.90305537 0.41160607 0.71325934 -0.6013233 -0.08837269 0.86280483 -0.5825926 0.33797568 -1.6780584 -0.2784595 0.6152161 -1.2989918 -0.87852794 0.2513816 -0.12785517 0.33726978 1.0236902 -0.21107881 
-0.3922922 
9.095916 
0.5641034 
-0.49490574 
0.23569953 
0.44149542 
-0.26583603 
0.30012068 
0.6586064 
-0.8390549 
0.855007 
-0.19704483 
0.39157206 
-0.032351986 
-6.395321e-08 
-0.89974785 
-10.536785 
0.34193358 
0.48872957 
-0.0858839 
1000.0 
-5.767589 5.8512216 0.70453507 -6.0487194 5.539074 0.51331973 -0.0012290642 5.526598 0.8497403 -6.299811 1.0541911 -0.00076604326 5.6197906 -0.0014309805 -7.212295e-08 -5.3355584 6.703683 5.7340136 5.5118823 -0.0006333102 
5.521874 
0.0 
