1 20 1 1 
1.4284258 -0.10889073 -0.22894274 0.0075707645 1.3925706 -0.0003687276 -0.02284844 0.018744722 -0.58618927 0.00030637404 -0.40059605 -0.14800414 -1.7228476 -1.1985061 -0.7921932 -0.14895926 0.13727853 1.2509232 0.009688605 1.1292332 
-0.16122392 
0.101645574 
0.058278833 
-0.008012966 
0.31586716 
-0.0067956736 
-0.23810942 
-0.09904247 
0.1134509 
-0.011927803 
-0.078869544 
-5.8107796 
1.3826087 
1.419917 
-0.006424327 
7.1916103 
-2.6539652 
0.19949819 
-0.045319956 
0.14423665 
1000.0 
-1.1548644 -0.019822016 -0.01672488 -1.5090249 0.4150288 -0.29589123 -0.00079938484 -3.184009 -0.02036758 -1.4427717 -0.0058476836 6.4259915 1.4875753 1.5346293 -0.007257998 4.457849 -7.68573 -0.0035864457 -1.773078 -0.44425383 
0.91621596 
0.0 
