1 20 1 1 
-0.3193497 -0.16110174 1.3416368 -0.56762356 -1.4028684 -0.30455542 -1.4227084 -0.3718288 -0.28798985 -0.9056383 -0.6882305 0.46699962 -1.595857 0.11084925 -1.685641 0.4924439 -0.08335776 1.2145845 -0.05665601 -0.18228316 
1.0385692 
-5.543666 
0.3109646 
0.2106891 
1.0270747 
1.403318 
0.31380644 
1.4191947 
0.13908829 
-3.0430591e-09 
0.08749956 
0.14739574 
1.5330135 
0.6812458 
1.2729732 
0.36978978 
2.7679358 
-0.35830468 
-0.8890385 
1.3275756 
1000.0 
1.0896113 8.176637 5.2557383 -0.019005295 1.0766498 1.5279716 -0.018464133 1.6233934 -0.016549144 -3.2083725e-09 -0.013145531 5.5202546 1.7558848 6.8118615 1.4539943 5.587062 7.7917004 -5.5877614 4.1016045 1.2583566 
5.35902 
0.0 
