1 20 1 1 
-0.4375463 0.15420786 -0.10026294 -1.2648743 -1.1364067 0.7510377 -0.050550416 -0.15342447 -0.83344764 0.26621675 0.41284904 -0.119832836 0.3192832 0.17758138 -0.051436063 -0.2666052 -0.21935545 -0.5619212 -0.5992522 0.11420686 
0.17029473 
0.15819095 
4.96405 
-2.6601037e-09 
0.19859463 
-0.116791934 
0.00349229 
0.12867357 
-1.3704519e-07 
-0.5207646 
0.11675918 
-3.2784374 
4.5468497 
-4.797499 
-0.00914779 
-0.21760565 
-0.91120315 
-0.0024211726 
0.11995913 
-1.8087379 
1000.0 
-0.027730523 1.5758439 3.8818147 -2.9328981e-09 0.25604466 -2.837417 1.1244019 4.595744 -1.75374e-07 -5.3571935 1.1255426 5.91377 -7.864803 -8.963728 0.30486858 -0.0070341164 3.490501 -0.0016877772 -0.02985325 -5.8033643 
2.254598 
0.0 
