1 20 1 1 
0.68067807 -0.15661125 -0.01702326 -0.0633986 -0.06328043 -0.033428855 -1.1767313 -0.6428032 -0.80772835 -1.1579213 0.1441907 0.30689967 -0.18663716 0.60670304 -0.09850207 -0.36821327 -1.0431076 -1.4340123 -0.71028584 -0.40729302 
0.27912223 
6.486559 
-1.3631632e-13 
5.2685137 
1.4567183 
0.9142737 
-2.9785144e-14 
0.9773447 
-3.111856e-13 
-0.00033648103 
3.9707038 
-0.8445151 
-8.192984 
0.101774015 
-6.284886e-10 
-0.13949026 
0.9777663 
0.98083216 
0.3093878 
-0.16653365 
1000.0 
2.5646467 4.2518106 -3.994402e-14 6.2756314 5.166639 6.155746 -3.0339758e-14 1.0532387 -1.8398908e-13 -0.00033782987 -5.7768993 -7.5022154 9.8671055 2.0948195 -5.0004717e-10 -0.0032523149 0.9074429 1.1417992 0.33037546 -0.0037759994 
2.946768 
0.0 
