1 20 1 1 
-0.5007029 -0.86487985 0.36257452 -1.2482262 -0.10345317 -0.051705666 0.75065356 -0.5802385 -0.78291136 -0.8107787 -0.5090217 0.34410003 -0.36206728 0.22102986 -0.20617406 -0.23618224 -1.216243 0.054158915 0.107648395 -0.71429455 
-0.25486025 
0.051960126 
-0.44052103 
0.14024766 
-6.4302855 
2.9973674 
0.28393397 
0.11912473 
-0.017584758 
1.9564228 
0.068362065 
0.12937032 
2.1459491 
0.5934086 
1.6079662 
0.07699693 
1.367059 
0.25348046 
0.8275228 
-0.20503543 
1000.0 
-0.01118261 -0.0091484655 -3.5907574 -0.013136542 6.314646 4.7875123 3.4651952 -0.0141813485 -0.0052776556 2.2076583 -0.010848303 2.60268 2.385619 3.92581 1.7838265 -0.011848982 1.426045 3.6682065 4.0067973 -0.012911764 
4.110181 
0.0 
