1 20 1 1 
-0.14841077 0.25398624 0.24264985 0.2472394 0.15852346 -0.7116299 -0.5017306 -0.5275379 0.74533355 -0.24996422 -1.0330328 0.2594157 1.2167292 -1.9794983 -0.06722121 -0.4264054 0.25035763 -0.50437784 -0.1349975 1.1068575 
-4.3556123 
-1.0007299 
3.2193916 
3.4323807 
-6.871768 
0.05573178 
2.047086 
-0.022261787 
-0.204847 
0.25892225 
0.101860225 
-0.04292842 
0.20927736 
-0.27398258 
5.1069317 
-0.005382476 
-1.0575616 
-0.31383264 
0.66539055 
0.10716518 
1000.0 
7.2580633 -5.0718527 -7.3181458 -7.4549656 -8.777604 -0.0083035 2.227365 -0.0075620306 -1.1062521 -0.0147463465 -0.011484557 -1.5834669 0.4303704 -0.014936797 4.5866513 -0.001032587 -4.9992647 -0.015344061 3.9636621 0.117873244 
0.9045819 
0.0 
