1 20 1 1 
0.07643083 -1.0372335 -0.7452952 -0.09979655 -1.2050135 -0.7714424 -1.2209475 0.39438322 -0.017388634 1.0197037 0.3544643 0.9475897 -1.7017437 0.5533845 -0.47672808 0.54290104 -0.38847408 0.9830233 0.833674 -1.1990682 
0.6452711 
-0.09448317 
0.78999496 
-6.6299224 
2.0004804 
2.0549572 
-0.013595316 
0.28884006 
3.11781 
-0.18020739 
0.09612923 
0.1494717 
1.8467494 
0.06693613 
1.9850161 
0.21636672 
-0.22768982 
-0.30417562 
0.3420947 
-0.029546387 
1000.0 
3.6013517 -0.0013113334 0.8170101 5.655575 1.7296427 1.5827223 -0.009770814 3.3983757 4.12022 -3.684974 3.0707211 3.1775389 2.0660746 2.787938 1.9407806 3.322598 -0.0022471852 -3.5243807 3.3764565 -0.0010726623 
3.4996908 
0.0 
