1 20 1 1 
-0.7340228 -0.41717726 -1.297952 -1.9225105 -0.06210032 -1.0773873 -0.9991572 0.21341531 -1.0133104 -0.6044833 -0.03466947 -0.19685134 -0.096269265 -1.3458565 -0.12275857 0.29806915 0.034800924 -0.65931964 -1.0702093 0.28226233 
-0.2530441 
-1.3634345e-08 
0.14274628 
0.2610413 
-2.1499206e-08 
-0.119109355 
0.4241249 
-6.7211905 
-0.52832115 
0.4663602 
1.7840202e-05 
-0.21762797 
0.43176624 
-0.927507 
0.18178272 
3.0510604 
0.43010408 
-0.9522373 
-0.18789579 
2.3432882 
1000.0 
-0.004045191 -1.727392e-08 -0.0012787936 -0.0023952436 -2.6058041e-08 -0.00074112945 -0.004471564 -10.645778 0.63221234 -0.0030685794 -0.0015528464 -0.0020709967 1.9701334 1.0093435 -0.009624178 -7.6078453 -2.5207295 1.0170505 -0.0003303371 -7.4120364 
1.3531116 
0.0 
