1 20 1 1 
0.9677503 0.28867707 0.47811076 -0.12519468 -0.55165 -0.2384865 -0.00617889 -0.7471775 -0.7884903 -0.53706276 0.61464036 0.056718234 0.62717044 -0.4353542 -0.8411223 -0.20964083 -1.3227483 0.0008641611 0.18928252 -0.8361227 
0.26337186 
-0.13484137 
0.3331934 
-9.519141e-11 
-1.6901597e-08 
-0.13321556 
-0.05365902 
-3.959665e-12 
-0.011306455 
-0.007578571 
0.46994296 
-0.2912921 
0.3052112 
-0.0063599492 
-8.8233793e-07 
-0.19073421 
2.1664414 
-0.026750812 
-3.0984871 
-0.1518939 
1000.0 
-3.6015859 3.0536168 -3.6533453 -9.6384685e-11 -2.547098e-08 -0.0031977731 -0.74709916 -4.0125416e-12 -0.0007423603 -0.0015802314 -3.3566902 3.5933871 -3.6143079 -0.0002311255 -1.0663442e-06 -0.0023492475 2.0747979 -0.3457776 -10.149821 -0.003078584 
-3.030146 
0.0 
