1 20 1 1 
-1.0009441 0.016276037 -0.09189064 -0.14267358 0.26411423 0.2167797 0.22974302 -0.8517427 -0.8029087 -0.02464117 0.28145653 0.30711877 -0.19911204 -1.7128503 0.58594567 0.27915838 1.1934111 0.017165676 0.10497948 -1.2694963 
1.1271099e-11 
1.0291048 
-8.801817e-16 
-7.0698357 
-0.17935368 
-0.66591424 
0.28337654 
0.042980094 
0.6183577 
-0.094012514 
-0.87958217 
-0.19331536 
7.4263206 
1.4322072 
0.18839428 
-0.26642135 
0.4386114 
0.18432055 
0.5736012 
0.08149733 
1000.0 
-1.352107e-10 6.1635284 -9.935029e-16 8.027708 -6.3732557 -6.50185 3.5957923 -0.02335988 0.67665505 -0.0012176997 -6.3597436 -5.586974 5.21468 1.4991697 5.509093 -5.186635 4.0747275 3.3519812 -4.200482 -0.026490755 
4.629481 
0.0 
