1 20 1 1 
0.12165877 -1.3883245 0.38443092 -0.14635164 0.17170417 0.27710888 0.18220496 -1.3775897 -0.7956122 -1.0155027 -0.74286914 -0.99873674 -0.07361611 0.09119841 0.15980953 -0.8847107 -0.18661226 -0.21532793 0.011056121 0.3723457 
-0.088068984 
0.043108627 
-0.5462863 
-0.23235369 
0.4098969 
-0.266806 
0.63389856 
0.11918445 
0.109125644 
0.059880078 
-0.0356941 
7.0992354e-07 
2.751168 
0.5738575 
0.38382772 
0.11907047 
-8.701839 
8.261523 
0.7431844 
0.5867375 
1000.0 
-3.614258 -0.0043297415 -5.305383 -0.0010863548 4.29573 -4.0926056 4.4296465 -0.005994508 -0.0017061158 -0.00487503 -0.0010711806 -5.8003474e-07 5.4116044 4.421354 4.270969 -0.005075413 9.379517 5.7530413 4.459935 4.394286 
4.6199274 
0.0 
