1 20 1 1 
-0.44538838 -1.1544195 -0.78567904 -0.84104955 0.15461029 -0.40129906 -1.4826937 0.21279147 -1.0287184 0.21230564 0.21057966 -0.9595835 -0.047683965 0.2099501 -0.42633376 -0.73656625 0.22916186 -0.084945865 -0.5778105 0.80601156 
0.7510969 
-0.19315627 
0.07328761 
0.2187046 
3.4906926 
1.345966 
-0.13634413 
0.7585094 
0.29981437 
-6.15788 
0.6256813 
-0.016050326 
-1.5865362 
0.6876825 
0.07601904 
-0.418415 
0.87166595 
-1.6324865e-06 
0.9916422 
0.33874756 
1000.0 
0.80818105 -0.00052279915 -0.019399548 -0.02013044 -6.182112 1.4932193 -0.00029298977 -5.2279277 -0.021503491 -10.785316 -5.375237 -0.00089883595 3.6092675 -5.441688 -0.019748189 -0.00047295287 -5.435301 -2.0567145e-06 1.08069 1.0526094 
1.6748222 
0.0 
