1 20 1 1 
-0.103852265 -0.8940623 0.0037716383 0.062845364 -0.08917035 -0.46270502 -0.4334676 -0.6994926 -1.8468133 0.9032334 0.26002508 -0.9013708 -1.1200513 0.17219326 0.36542186 -0.18805543 0.1739774 -0.16495162 -0.13061798 -0.9238303 
5.355798e-07 
-0.26715136 
-0.013786784 
-2.4344528 
-0.34225592 
0.6399103 
-1.0911589e-07 
0.60455865 
-0.017625347 
0.28068408 
0.24659637 
-2.037571 
-0.12151393 
-4.816567 
0.5045227 
7.6228466 
3.39521 
-0.12406056 
-5.803322 
0.67654157 
1000.0 
-0.00049499597 -0.0006787731 -0.90115815 -5.020188 -0.0017377478 -0.021087 -1.632941e-07 -0.027524712 -0.00470297 1.8526053 1.9074726 2.2057838 -0.00080673856 -8.693142 2.1220403 4.9627457 -6.969559 -0.001382217 6.5093174 -0.01673325 
2.383066 
0.0 
