1 20 1 1 
0.51527953 -0.12727079 -1.4377177 0.43992287 -0.5378282 1.023806 -0.08632492 -0.070857786 -0.25036773 0.13653241 -0.37251732 0.066136576 -0.078432895 0.016497063 -0.23121783 -1.6986045 0.14502499 -0.17752372 0.14794083 -0.5355593 
0.17939621 
-5.118793 
-6.898765e-08 
0.3410303 
0.036700435 
0.27722993 
0.07746098 
-2.2719184e-06 
-0.011341306 
-1.7773391 
-1.8442724 
-1.7262261 
-0.00015931543 
-0.09180203 
-1.1709706e-06 
0.07647037 
2.7456865 
7.4890113 
-2.394767 
-0.26371637 
1000.0 
1.4419938 6.3464756 -7.308063e-08 2.0334578 -0.010843943 1.8077556 -0.01445567 -2.445608e-06 -0.0034369908 -6.8220153 1.9364145 -4.7163434 -0.003245333 -2.1700432 -2.6362484e-06 -0.01436308 -5.7927775 4.2868614 -7.3921285 -0.007743243 
2.5174797 
0.0 
