1 20 1 1 
-0.049235635 -0.10174351 0.12399882 -0.1746463 -0.6745291 -0.32354587 -0.7176834 0.1600742 -0.0045078117 -0.16612235 -0.40446618 -0.106678545 -0.042208035 0.2939398 0.10078567 -0.044337038 -0.6761048 -0.043102004 0.48231748 0.009586441 
0.060912877 
0.77642804 
2.1741672 
-7.6259785 
0.004023543 
2.77951e-10 
-0.15789895 
-0.2514507 
2.8063055e-10 
6.9949603 
-1.0861964 
-0.20317733 
2.9164934 
0.19537492 
0.5039932 
-0.23857842 
0.10529996 
3.3983524 
0.22498593 
-0.023486458 
1000.0 
4.5972953 3.933425 -4.9424553 9.268938 -0.0012529596 -3.3060638e-10 -0.006369242 -4.8110337 -1.080527e-08 4.187977 1.1038698 -0.0054717544 5.768976 0.9458093 -4.015213 -0.004794638 -0.0038186202 6.0691953 0.9575546 -1.1457956 
1.3444486 
0.0 
