1 20 1 1 
-1.0968674 0.045830324 -0.0011901978 -1.2003794 -0.8071814 0.001545887 -0.5619173 -0.7058148 -1.3955617 -0.55646026 -0.17417431 -0.39799035 -0.144747 0.26592347 -1.3936019 0.04163966 1.1649195 -0.27220377 -2.6769303e-05 -0.0015966793 
-3.5577118e-06 
2.199631 
-0.009419873 
-0.01702477 
1.0807817 
-0.005769868 
0.08758205 
0.04672752 
0.14055349 
0.016184233 
8.374103 
-0.38595945 
-8.39586 
-0.87243086 
0.119513966 
-0.18611827 
0.34343863 
0.01529844 
-0.005816458 
-0.0082422085 
1000.0 
-2.7377566e-06 6.480997 -1.0217603 -0.0045121307 1.2797185 -0.47172546 -0.017434236 -0.013781783 -0.018531753 -0.0072986167 5.4207277 -0.0095058475 7.462145 -5.336363 -0.017487394 -3.351074 0.82466537 -0.008155767 -0.38125575 -0.74587405 
1.3217785 
0.0 
