1 20 1 1 
-0.003660151 0.0012136368 -0.19468464 -0.72110903 -1.5091908 1.062915 -0.24862112 -0.80108494 -0.25509667 -0.25615168 -0.19456166 -0.49766916 -0.009450405 -1.6998613 1.4956235 0.05535285 -1.4960449 0.060586058 -0.0060154097 -0.5331412 
-0.011595899 
-0.009816034 
-0.22580962 
-0.24095902 
-0.0025025427 
-1.6182489 
-0.17249846 
-0.016346239 
0.114068545 
0.05289961 
0.108687185 
0.0032582243 
0.07352077 
-0.0044917017 
1.7339864 
0.16437152 
0.100236915 
0.038093407 
-0.007480093 
-0.30205846 
1000.0 
-0.4323871 -0.5758631 -0.28682962 -0.28598365 -0.0034403491 -38.46343 -0.2663928 -0.02194456 -0.10430027 -0.051526178 -0.5040809 -0.0018869754 -7.537253 -0.01405773 -27.733397 -18.081305 -0.09774998 -9.551568 -0.6441812 -0.27584794 
0.06558473 
0.0 
