1 20 1 1 
0.939948 -0.5972298 -0.6163014 0.12870876 -0.1308373 0.8172375 -0.18563075 -1.1405345 -0.48265627 -0.02535503 0.34477487 -0.6698387 -1.2782756 0.4497397 -0.16885132 0.6429146 0.8714765 -0.6301878 -0.24127328 1.1580629 
-0.44750234 
4.571671 
-0.12680256 
0.23173037 
-2.3093135e-13 
0.1905881 
0.046504684 
-0.22724572 
-0.20808506 
0.046368837 
0.5732654 
-0.35394266 
0.14015087 
0.2848988 
-4.964632 
0.23967163 
0.29938546 
-0.096342914 
0.026944788 
0.25144747 
1000.0 
-5.067151 4.974737 -0.0060237814 3.6915615 -1.9138677e-13 3.857291 -0.017892146 -0.005296581 -0.0046568844 2.6960108 4.5979238 -0.006713243 -0.022858199 4.1378174 7.3461695 4.0565033 4.3259106 -0.005378307 -0.014315952 4.2167587 
4.908638 
0.0 
