1 20 1 1 
0.14802182 0.90025973 0.5510021 0.58568794 -0.8142415 -0.30208245 -0.5377487 -1.2154522 -0.2765612 0.34043822 -0.13988583 -0.94410974 -0.16042049 -0.2695166 -0.7949046 -1.0313629 -0.36595997 -0.8418152 -0.047867823 -1.8778584 
-0.9257528 
0.49077103 
0.47486717 
0.410228 
-7.189285e-07 
0.102569975 
-0.30079994 
-0.03994835 
9.284765 
0.2052384 
0.06594241 
-0.06131697 
0.01832656 
-5.972441 
0.18216448 
0.10436963 
0.66813487 
-0.06881442 
-0.097931445 
-0.084637836 
1000.0 
-7.312273 0.27645785 5.9571447 0.2420704 -8.6015416e-07 -0.025537672 -0.009687144 -0.0017816544 5.3148446 -1.3647857 -0.02297546 -0.0072087995 -0.01838296 9.224332 -0.02839405 -0.025633685 0.8033164 -0.009131339 -0.010601106 -0.010180538 
2.087864 
0.0 
