1 20 1 1 
-0.2030805 0.2191759 0.2844542 0.27870253 0.35784942 -0.06421334 -0.04580967 0.30078244 -0.041787878 -0.34880698 -0.22084358 0.33133185 -0.030402303 -0.25226822 0.57540834 -1.5410508 0.3916569 0.52608854 -0.9992932 0.34381813 
1.0077311e-07 
0.2660888 
1.2900608 
-4.9312744 
1.16054 
0.0002194099 
-0.37128404 
1.131525 
-0.08741036 
-0.41595683 
9.931446e-08 
1.0220625 
-0.22009768 
1.2950275 
0.32210806 
0.1453132 
0.36650696 
0.3918224 
-1.2680098 
0.9961158 
1000.0 
-9.368464e-08 -3.7750938 -4.8970428 -9.350972 -6.470751 -0.0051980345 4.1138988 -5.337437 3.8200057 -0.0041788123 -8.9308706e-08 -6.621833 -0.0034811466 4.895448 -3.7308404 -0.028277937 -3.576879 -3.5427384 1.2737753 -6.8719416 
-2.8826957 
0.0 
