1 20 1 1 
-0.060284965 0.6311978 -0.16053763 -0.2299819 -0.06688886 -0.06583103 -0.6146275 -0.12241357 -0.18415722 -0.092134826 0.4589069 -1.7608283 -0.58908206 -1.615918 -0.057189826 0.47979763 0.4760057 -1.9209918 -0.84575605 -1.7671963 
-6.5466897e-06 
-0.49661812 
-3.3729842e-11 
-8.373726 
4.2423368 
-0.2705189 
2.2144778 
-3.82006e-07 
2.273529 
-0.0013592287 
-0.70880175 
0.04390416 
-0.13196036 
1.2002939 
2.7067556 
4.452924 
-0.38003293 
-0.33151233 
0.0752504 
1.2329233 
1000.0 
-0.00015432511 -3.0252335 -3.4776907e-11 7.6871924 6.902587 -0.0027854445 2.4097402 -1.0620657e-06 3.5828512 -0.0041569523 -4.3646703 -0.022316739 -0.0012972606 1.2874503 5.9214134 -9.600043 -3.9963322 -0.003637114 -0.026521482 1.2775235 
2.5569112 
0.0 
