1 20 1 1 
0.5940455 -0.8497723 0.4381693 -0.12536894 0.28916112 0.46046796 0.7023865 0.080306284 0.12977752 -0.82795304 -0.07828088 -0.0929482 -0.13745937 0.10724339 -0.5896899 -0.2921454 0.597839 0.060192622 0.963289 -0.6638284 
0.08193538 
0.48434263 
2.4866865 
0.00021715811 
-5.5273447 
2.3084738 
0.26865494 
-3.596543 
0.045191135 
-0.17380758 
-0.07948135 
-0.0012344795 
-0.37285307 
0.1405025 
1.4658853 
0.17745781 
-0.0302226 
0.093103305 
0.14754604 
-0.0608913 
1000.0 
-4.0182076 0.5116988 -8.761631 -0.0002718255 -9.612082 -9.207971 -2.0517817 -6.6764836 -2.7259915 -0.008369573 -0.0041253897 -0.0064820205 4.1311703 -2.0507648 1.7541944 -0.026563708 0.33789876 -3.5765405 -3.005463 -0.003110783 
-1.2756402 
0.0 
