1 20 1 1 
-0.6551675 -0.33463493 0.41520897 -0.9340491 0.31447777 -0.08463462 -1.0233593 0.37554473 -1.32651 -0.57869965 0.39973402 -0.63259757 -1.7284439 -0.21592043 0.30800042 -1.0594234 -0.1901866 1.1643943 -1.1259727 -0.5980432 
2.1167903 
0.7758366 
1.3384658 
-0.090778105 
-4.254567 
-2.7669249 
-0.3520967 
1.6535484 
0.074982494 
0.032379434 
1.5188652 
0.93197346 
0.1963129 
-0.19439 
0.58328694 
-0.14713582 
-0.007115445 
0.17687291 
0.07835586 
0.61803585 
1000.0 
2.3554716 0.82205003 -8.305358 -0.00028161143 -10.257663 6.775063 -0.0036333548 -7.5116935 -0.019725889 -0.015891567 -7.9961276 1.0132607 -0.023161164 -0.0025632167 6.16932 -0.0010035267 -0.0017445852 5.474607 -0.020076433 0.6409979 
7.204612 
0.0 
