1 20 1 1 
0.22231758 0.20858733 -1.6280583 0.2685461 -1.7376717 -0.6086034 -0.6024903 -0.89688057 1.2654368 0.004797768 -0.08407997 -0.82774454 0.39273474 0.3337478 0.29599592 0.29635254 0.38858187 0.28533503 -1.3982158 0.13461913 
-5.514384 
-3.4168017 
-6.291982e-07 
1.045277 
1.2706453 
0.0028323622 
-0.0007412282 
-0.112250544 
0.20437719 
0.00501418 
0.05440164 
-8.0094037e-10 
1.7900084 
0.25757006 
1.0385851 
1.185114 
1.1007093 
1.0182629 
-3.276523e-10 
3.574298 
1000.0 
-7.699528 -7.6423025 -2.6468595e-06 -5.3784494 1.2815855 -0.014885433 -4.9635502e-05 -0.002931016 -4.340268 -0.98031 -0.020900914 -2.1834767e-09 -7.851763 -3.1499538 -5.9276233 -5.933501 -7.7788754 -5.7146754 -3.9244824e-10 -8.432166 
-1.6271509 
0.0 
