1 20 1 1 
0.768338 -0.18289329 -0.193846 0.2867953 1.3144778 -0.5489735 0.1988055 -0.6562395 0.72646797 -0.8744856 0.924019 0.76333076 -1.1854063 -1.1687678 0.46879345 -1.3852284 0.69041497 0.36642614 -0.9654798 -0.42215836 
-0.37557387 
-0.06422979 
-3.7163122 
-0.4042682 
0.3099746 
2.5740936 
-3.0739348 
-0.060984492 
0.33153892 
-1.0770879e-11 
-0.37005234 
0.37308013 
-0.13912736 
0.21940507 
2.3886645 
1.9909468 
-0.7601013 
2.1629689 
0.062959045 
0.09287629 
1000.0 
-6.0852795 -0.0005651057 5.835412 -2.8709834 4.523479 2.8447473 -8.683135 -0.0005170193 4.52308 -1.1444737e-11 -6.0041595 4.615901 -0.0058421455 -0.024364905 -9.367765 2.2093282 -6.9057903 -7.3198576 -0.01788362 -0.020299504 
5.3357706 
0.0 
