1 20 1 1 
-0.585784 -0.242017 0.420299 0.294287 -1.78666 -0.188149 -0.905748 -0.0189126 -0.0539151 -0.217676 -0.810006 -0.984308 -1.64689 -0.363731 -0.215966 0.832463 0.635373 0.0172658 0.0885036 -1.02994 
0.34287 
-0.0215887 
-2.92388 
0.229026 
-0.0647376 
-0.313502 
-0.0458672 
-0.0562122 
-0.155185 
-0.0425026 
-0.206326 
-0.242073 
-0.267092 
-0.0464392 
0.0114107 
1.71887 
0.97965 
-0.0379008 
-0.0649715 
-0.366526 
1000.0 
0.366469 -0.00704826 -17.5018 -3.75964 -0.00836308 -0.0083874 -0.00575286 -0.127512 -0.117746 -0.00606733 -0.0193642 -0.00757861 -0.00742839 -0.00558039 -0.0215406 -14.6779 -12.5177 -2.36214 -6.33651 -0.00872117 
-0.129091 
0.0 
