1 20 1 1 
0.338184 -0.09158867 0.1653525 0.46539646 -0.20112365 0.5847963 0.12218578 0.55294186 0.36120203 -1.4042264 0.28385383 -0.5373473 -0.14056076 -0.74704665 0.23944327 0.77196306 -0.27547908 -0.2217458 0.011745374 0.06970626 
0.36090568 
5.6156452e-05 
-0.979151 
0.29841805 
-7.285469 
0.31066954 
0.11648621 
0.29308355 
0.19510852 
-1.601056 
0.12987219 
0.094603986 
-0.3139564 
-0.3053174 
0.111052826 
0.46968412 
0.003976126 
11.708454 
-0.0054257386 
1.3345923 
1000.0 
0.8246905 -4.3642864e-05 -6.836213 0.51901466 7.1458874 0.42392972 0.37139687 3.0920672 -0.11533015 1.7010835 -0.16156955 -0.025210485 -0.008706629 -0.008790658 -0.30307758 0.9781252 -0.013726602 4.356388 -1.2945371 -5.6405153 
1.7689358 
0.0 
