1 20 1 1 
0.37339914 -1.5059994 -0.6456934 -0.8919336 -0.304214 -0.3031091 0.4724736 0.49363604 -1.5194725 -1.1076211 0.28933468 0.42325965 -0.92836916 0.80447316 -0.067924306 -0.40494034 -0.82710975 -0.4044696 -0.14423311 0.3958138 
1.8909829 
-0.18832342 
0.64398474 
-1.5837182e-05 
0.20748028 
-1.8372718e-07 
-0.08457574 
0.3430051 
0.13564841 
0.15556628 
-4.763431 
1.5361686 
0.96273685 
0.4977359 
-0.21929295 
-0.13965745 
0.22965461 
-0.11283272 
0.96004623 
1.048742 
1000.0 
-7.4797635 -0.0010227484 0.7830253 -1.7008404e-05 -0.017502869 -2.4346906e-07 1.0742298 -3.3118067 -0.017586801 -0.018379532 -10.419107 -8.477343 1.1789842 -2.9202387 -0.0014405958 -0.00074436 0.25555387 -0.00054240547 0.59601754 -7.9295354 
-2.186016 
0.0 
