1 20 1 1 
-0.52786773 0.7007797 -0.42593083 -0.22470924 0.02207109 0.36217153 -0.9878758 0.13682927 -0.9741985 0.0025543212 -0.06198028 -0.5476143 -0.31236994 -0.5759048 -1.1092075 -1.223126 0.32911354 -1.2601542 0.8494296 -0.14503561 
-0.09168004 
0.30180836 
1.4232216 
-8.51856 
4.8349476 
0.18598448 
0.41529638 
1.8266405 
0.5304598 
0.0017238191 
3.9510477 
0.088090844 
7.0000443 
-0.13090155 
0.049249217 
0.31299347 
0.25618646 
0.60712534 
0.58929056 
-1.3795097e-08 
1000.0 
-0.0011879067 -0.024711331 1.5785745 7.953903 -4.531882 -0.3060869 0.43390337 -5.3404326 0.63610715 -0.09413829 5.2082233 -0.016028568 6.123096 -0.005848161 -0.015966583 -0.018663973 0.06693888 0.725514 0.4713699 -5.3231307e-08 
0.8060383 
0.0 
