1 20 1 1 
0.26615554 0.28833815 0.5659319 -0.7783253 0.36392307 1.3990413 -1.412041 -0.5703625 1.2776688 -1.8785578 0.835478 0.88066626 -0.7345075 -0.07605896 -1.2987188 -0.050951142 -0.8237269 0.46922004 0.24548103 0.3201464 
0.31310412 
0.34033662 
-0.2840178 
-0.17043602 
0.1952816 
0.20897366 
1.13873 
0.916214 
0.40466106 
1.2989761 
-0.09141846 
0.12654969 
-0.31751463 
1.0770258e-08 
-0.05384247 
-0.11288932 
-0.0104602035 
0.1768493 
0.564703 
0.14389835 
1000.0 
-2.667746 -2.8894124 2.8264527 -0.0017329605 -3.2461152 -3.0360494 0.7355358 1.21051 -2.8578382 1.3539196 2.5625432 -3.36902 -0.0026113724 -9.291686e-09 -0.00028153803 -0.0013386076 -0.006480753 -3.2558198 -2.4605575 -3.2113569 
-2.6693807 
0.0 
