1 20 1 1 
-0.7147278 -0.32729378 1.2791948 -1.0730416 0.8743281 -1.7656187 0.8248404 -1.5768594 0.3242353 0.2094851 0.75286025 -0.21820784 -0.16532624 1.6656134 -1.7403377 0.8254161 -0.3995139 -0.56869274 -0.96658343 -0.87315416 
-2.4305043e-06 
-0.26754278 
0.18698874 
0.13616061 
-0.12501492 
0.15533024 
0.2422449 
-0.2035726 
0.5907834 
-0.18681598 
-0.10780735 
1.2904463 
-0.06701783 
0.3448031 
0.034790456 
0.3027385 
-5.1387703e-09 
-2.751734e-10 
-2.3853327e-06 
0.99771726 
1000.0 
-2.7449926e-06 -0.0017756147 -5.3017054 -0.0216935 1.4172288 -0.019806217 -5.3526278 -0.0009631001 -3.2281995 1.8818786 1.3360704 1.479109 -0.0010497372 -3.467911 -0.014959693 -4.0346956 -5.303797e-09 -2.840521e-10 -2.4633023e-06 1.1342045 
-2.3892822 
0.0 
