1 20 1 1 
-0.0730113 -0.21829474 -1.390835 -0.2962907 0.0156215485 -0.32985348 0.8750484 -0.5290836 0.59356344 -0.11905308 -0.027479159 -0.5196296 -0.81114876 0.89606524 1.0537895 -1.013494 0.280999 0.5946216 1.2407337 -0.44101346 
-4.277321 
-0.04105356 
-0.1867851 
-0.20717482 
1.7343837 
2.7070162 
0.41133928 
0.053427637 
0.34493488 
-4.340204 
-0.03562998 
2.436634 
0.27799392 
0.40662766 
0.2502636 
2.7931979 
-0.4448407 
0.33561426 
-0.4418503 
-0.089087985 
1000.0 
5.95408 -0.0013890245 -0.017782684 -0.018805364 5.4572883 2.8640776 5.181741 -0.01883807 4.84914 4.790618 -0.0032237652 2.6622667 -0.027136289 5.178344 4.7019806 2.9181635 -2.7909427 4.813589 -5.940355 -0.012507925 
5.6708636 
0.0 
