1 20 1 1 
-0.1710503 -0.04745832 -0.21055654 -1.4485155 -0.27351332 1.5118996 -0.6855382 -0.32851443 -0.024122508 8.5538224e-05 -0.01367508 1.05359 -1.4631937 -1.4058727 -0.84967583 -0.040043663 -0.7642655 -0.812521 0.011589214 -0.5294792 
-0.17013995 
0.07312232 
-0.0064672786 
-0.25967017 
0.3100803 
1.4720036 
0.021911755 
0.22027071 
0.116873756 
0.035982378 
-0.0061912793 
-1.1593348 
-0.111467525 
0.00042681297 
-1.5798016 
-0.3259777 
-8.340828e-06 
0.17812641 
-0.0013346778 
-0.28903702 
1000.0 
-0.3111492 -7.5857105 -0.006515821 -0.32218805 -0.35466367 -27.492361 -0.027743902 -0.31659156 -3.0656803 -3.0576952 -0.46994227 -34.688644 -0.30751482 -0.044386603 1.7019982 -0.118109345 -1.0154992e-05 -0.22000487 -3.3766353 -0.32144707 
2.6791723 
0.0 
