1 20 1 1 
0.14584494 0.27679452 0.3132719 -1.1370866 -0.8061277 0.15831548 -0.29049936 -0.19109553 -1.5101981 -1.772118 0.39686328 0.7255965 0.456558 0.37910292 -0.786803 0.08286532 -0.19663532 0.9516964 0.21912436 0.4163774 
-0.78778625 
0.30705345 
0.25408077 
2.0569932 
0.2658379 
-1.0823095 
4.994245 
-1.7551661e-09 
-0.23192178 
-0.0012632739 
0.43212482 
0.37113005 
0.34709305 
0.2538283 
-0.1181694 
-1.1311011 
-4.828384 
0.24370164 
0.30962512 
0.19725646 
1000.0 
-7.2708383 -0.6301244 -0.8581424 2.402558 -0.0280302 -6.5826592 5.679668 -2.7548612e-09 -0.007705263 -0.011082867 -0.49868807 -0.844832 -0.72176605 -1.0251157 -0.0051612277 -7.240699 6.917784 -1.5584186 -0.60301876 -1.885473 
0.068061635 
0.0 
