1 20 1 1 
0.3579818 -0.30599862 -0.1995341 -0.22250722 -0.027360898 0.03395992 0.014090508 -1.0481052 1.1824546 -0.03171486 -1.3216647 -1.0159737 0.08927 -0.45321226 1.3174299 0.06436757 -0.8547306 0.1515692 -0.9396118 -0.32323572 
0.12593742 
0.19159213 
1.0355338e-10 
-5.6235285 
-0.27513647 
0.005316733 
0.0032835982 
-7.637521e-12 
0.4854883 
-3.3246445e-06 
-0.1645306 
0.32381073 
0.5525672 
-0.058387946 
0.36765227 
-0.82356614 
-0.24838097 
-0.9272876 
-0.10021386 
7.2466 
1000.0 
2.8014493 -0.023559159 -2.0589075e-10 7.462105 -0.0075113475 -2.0173633 -0.8396984 -9.905247e-12 -0.17776886 -4.004622e-05 -0.0053882543 -0.025222002 -5.3153195 -0.00062637427 -0.36857274 -4.553585 -0.008246986 -7.5923867 -0.0028190473 5.702137 
0.30073988 
0.0 
