1 20 1 1 
-1.5173205 -0.39901567 0.63616574 0.31234726 -0.5582485 -0.87722224 0.3519739 0.001467222 -0.09924585 0.37807247 -0.58892363 0.18357152 0.5724624 0.19254993 0.45092535 -1.1626152 -0.47643152 0.40962934 -0.019166606 0.3672766 
-0.17830789 
-0.0030486234 
0.17747477 
-0.26422137 
-0.029299293 
-0.104552284 
1.5936608 
-0.0009677032 
-1.9990734 
0.687841 
-0.3494793 
-2.1309264 
0.24220051 
-4.506008 
0.13440293 
-0.29763567 
0.34351027 
1.2010021 
-0.08933078 
1.6543695 
1000.0 
-0.012451372 -0.0022456197 -6.831047 0.00013732092 -0.005221696 -0.008715606 -6.9737315 -0.23733522 2.985531 -7.536828 -0.011737962 -5.512805 -6.4914846 -8.027187 -8.545909 -0.011476698 -0.021331625 -8.147384 -0.0002814669 -7.277602 
5.795878 
0.0 
