1 20 1 1 
-1.51287 0.852017 -1.45982 -0.544719 -0.77513 -0.661761 -0.229907 -0.763315 -0.752474 -0.535401 0.729171 -1.92332 0.428048 -0.192607 -0.377649 -0.89831 0.380634 -0.306884 -0.211928 -0.783916 
-0.106745 
2.07047 
0.0651047 
-0.112711 
0.0146367 
-0.219787 
0.430424 
-0.136111 
-0.223247 
-0.226892 
0.607254 
-0.10208 
-1.55084 
-0.0955232 
0.356211 
-0.206246 
-2.01585 
0.342878 
-0.039524 
-0.0347735 
1000.0 
-0.190972 -16.0698 -0.185834 -0.0646199 -0.0449353 -0.0706536 0.289318 -0.192892 -0.2066 -0.207827 -4.49633 -0.190717 -12.9939 -0.190379 -0.851747 -0.202054 -16.2083 -0.848243 -0.188171 -0.0228396 
-0.12465 
0.0 
