1 20 1 1 
0.18208688 0.0965204 0.013944183 1.7289493 0.08207515 -0.39902368 -1.2564874 -1.6327137 -0.0032356302 -1.4759383 -0.0660287 0.9344077 0.10857823 -0.31176972 -0.25247768 -0.027150456 0.090052456 0.0008858596 1.066188 -0.22796156 
0.28381962 
0.44430628 
0.001928972 
0.32012388 
-5.214891 
-0.094547 
1.7350022 
-0.09077462 
-0.022483772 
-0.0040598 
2.9396422 
0.23170607 
0.32839087 
-0.15817703 
7.57639 
-0.039986413 
2.447969 
0.003726464 
0.22326405 
-7.1210012 
1000.0 
-4.8832746 -3.8428714 -1.5826807 -2.6239583 -6.3646617 -0.0009941831 1.7939798 -0.00027091443 -0.022153301 -0.00055182766 5.765156 -3.4022043 -6.5090384 -0.0001694434 4.8853965 -0.0033715114 -5.191049 -1.3550054 -3.6215854 7.8537993 
-1.2195396 
0.0 
