1 20 1 1 
0.18987437 0.99297684 -1.1557974 0.07298874 -0.07613824 -0.82699025 -0.5272265 0.026548343 -0.76433074 0.090388335 0.0075956527 -0.371296 -0.9126092 0.55172247 0.30544323 -1.0501704 -0.3849973 -0.8417458 -0.23070149 0.10112595 
-0.066142865 
0.13266096 
-0.008687185 
-7.073346 
-0.36885253 
0.009408574 
-0.0077422177 
0.4946191 
0.0040780664 
3.0605562 
-0.003929663 
-0.22353135 
0.8182169 
4.5934377 
-5.8083935 
0.0030118227 
0.5376991 
-0.0365444 
0.19773161 
-2.0277224 
1000.0 
-0.53094953 -0.89304656 -0.0059988494 -6.141206 3.7346227 -0.007393253 -0.005576969 -2.830394 -0.0053245975 -5.5603814 -1.0242808 -0.017916653 0.9726953 -11.093137 -10.644634 -0.004836325 0.74799263 -0.0068580513 1.3905602 -5.004954 
-0.14130655 
0.0 
