1 20 1 1 
-0.17588097 -0.32038063 -1.3120319 -0.041163377 0.014462846 -0.48023322 1.3772439 -1.2384429 -0.026968176 -0.19751725 -0.31981355 -1.336417 -1.4536302 -1.0041695 0.47354612 0.30373368 0.13081707 0.08065846 0.4151714 -0.01625378 
0.25422695 
2.355575e-10 
0.27152827 
0.0010398229 
-0.018090568 
-2.236379e-08 
0.19056004 
-0.5849007 
0.025073307 
-0.10365699 
0.2373725 
-6.915475e-12 
-5.345678e-09 
1.0662831e-05 
2.6068697 
-5.3789124 
-0.02257135 
1.2233832 
2.378113 
0.05422254 
1000.0 
-0.01684892 -3.910784e-10 -0.017090816 -0.0031854913 -1.6414165 -3.13576e-08 -1.4522616 0.607502 -0.009920722 -0.00053075945 -0.016584367 -7.47227e-12 -6.430506e-09 -1.1318169e-05 -9.47631 -10.431102 -4.4493093 -4.17543 -8.308909 -0.015332791 
0.35532653 
0.0 
