1 20 1 1 
-0.14178137 0.025628524 -0.024576155 0.7484306 -0.06665344 0.5000916 0.37976268 0.36900577 -0.5778641 -0.2211066 -1.3031857 -0.3722028 -0.81713957 -0.14390816 -0.077338405 0.13674039 -0.22390269 -0.97659785 -1.3431464 0.44319636 
-4.8439956 
0.21295083 
-0.06127323 
-1.1607275 
5.6632133 
0.16619472 
0.05682532 
2.6747708 
-0.27544913 
-0.24909373 
-0.03853189 
0.03891349 
-0.074083276 
-4.7504635 
-0.46346164 
-3.8829777 
-1.2401435e-08 
2.6580203 
-0.114960305 
2.4537902 
1000.0 
4.739492 4.714151 -0.007848964 -7.3206916 5.7976904 4.7463503 4.277565 -7.4264617 -0.0025271447 -0.0030350597 -0.0011321076 -0.023801165 -0.00073997723 4.788941 4.74109 -10.097958 -1.4312774e-08 2.8639038 -0.0008463672 -8.910351 
5.4581175 
0.0 
