1 20 1 1 
0.049695022 -0.68236333 -0.9103293 -1.1546398 -0.0088008065 0.047743745 -0.60105264 -0.24573572 -0.5393309 0.10304873 0.90090954 -1.5753247 0.017829191 -0.041518 -0.42748857 -0.027553318 -0.98306113 -0.26141515 0.01730116 0.98544914 
1.3664767 
0.3538274 
-0.0048367186 
0.0934507 
-6.10667e-08 
0.66089195 
0.070882864 
10.238891 
-9.361876e-10 
2.1586595 
0.2756149 
0.13988793 
0.01882825 
0.2123646 
1.3883911 
0.013331676 
-0.32340515 
-7.393029 
0.04113931 
0.4591776 
1000.0 
5.838067 -0.019228285 -0.0032991122 -0.014737335 -8.3318395e-07 5.429143 -0.015702048 4.788376 -9.76348e-10 -6.143092 0.7071219 -0.017456757 -2.2747002 4.7449474 1.6448884 -0.007750169 -0.01224561 8.924492 -2.001846 0.99083215 
1.3892515 
0.0 
