1 20 1 1 
-0.11352712 0.86670846 -0.5146307 -0.287766 0.6609867 -1.2454729 -0.50425315 -0.0014891325 -0.16178936 -0.024773909 -0.017624525 -1.0186583 -1.2823576 -0.6959135 1.8153192 0.76942205 -0.75200367 -0.8351631 -0.21561193 -0.63738537 
0.017238261 
0.112045206 
-0.0124602355 
1.8179073 
-0.36658332 
-3.6835324e-08 
-0.014894125 
-0.0011916887 
-4.6606927 
7.882931e-06 
0.14247103 
-0.10332766 
0.059698492 
1.8232473 
0.29185373 
0.64757156 
2.2912896 
2.5263438 
0.04390784 
1.9623215 
1000.0 
-0.009351897 1.4509803 -0.00077310274 1.8999956 -6.5971775 -3.9797616e-08 -0.0014740581 -0.0635785 6.57278 -5.015486e-06 -0.019254602 -0.0002232157 -0.015696244 1.9080493 2.3056655 3.3146584 2.4611297 2.749869 -0.0144730285 2.0973089 
4.0086875 
0.0 
