1 20 1 
-0.035850454 -0.19206317 0.83846307 0.019015582 0.1609059 -1.2306056 -0.64318913 0.0077481894 -0.06728844 -0.66164255 -0.012095444 -1.9228697 -0.2745153 0.19894181 0.43348324 -0.2216276 0.1117056 -0.12381667 -0.5963304 -0.25391376 
-0.096900254 
-0.0052456865 
0.22136268 
0.020926895 
1.3204399 
1.1770475e-15 
1.3176355 
0.008872156 
-0.12775543 
0.81063545 
0.0032665587 
-6.697299e-06 
1.2690827 
0.73801416 
0.22964616 
1.3488367 
-0.011527775 
2.3931553 
-0.045145277 
-2.1600714 
-0.0034843392 -0.005992518 0.5628034 -2.4800205 -8.8566885 -1.2355483e-15 1.294031 -1.5372651 -0.003533123 0.9116624 -0.90139294 -6.973958e-06 1.1686537 -5.0070605 0.8009722 1.0212271 -5.7380843 6.177627 -0.0023784111 10.181217 
1.5872118 
