1 20 1 1 
-0.30681157 -0.6463261 -0.038540963 -0.002707967 -0.16449885 -0.18174182 -0.21869646 -0.75267434 -1.5096864 1.387323 0.23720619 -0.2701138 0.11778814 -1.3950567 0.19317445 -0.8655853 0.17868717 -0.5298021 -0.5921484 0.014041133 
1.5583099 
0.10649818 
-0.0924197 
0.010029586 
-3.6552596 
4.8614616 
-2.8113425 
-3.48066e-07 
0.07303389 
0.51053894 
1.0470781 
-0.12008835 
2.3749428 
0.098908275 
0.3945435 
1.6899562 
-2.4665828 
-0.099054 
-0.24350956 
0.011417596 
1000.0 
1.6285628 -0.03679231 -0.0019760292 -0.55175066 6.6650763 5.335935 4.164397 -3.820138e-07 -0.034970663 2.4192688 -6.8599486 -0.0026900154 -8.163919 -0.036449954 -5.7497234 1.7876012 -8.219009 -0.0017907884 -0.0097222775 -1.6240706 
3.2246344 
0.0 
