1 20 1 1 
-0.2726613 -0.2045647 0.14724135 -0.030286469 1.1525065 -0.04815743 -0.020422077 -0.14021224 -0.114281125 0.30030406 0.4594028 -1.8414557 -0.18747139 -1.816588 -0.13342826 -0.6776295 -0.17582728 0.41376987 -0.04118951 -0.8105708 
0.0617342 
1.2946428 
0.26043087 
0.6676295 
0.41571397 
1.341546 
0.7525341 
-7.4645534 
0.30814123 
-0.3235951 
-0.14088817 
-0.25402898 
-4.2667737 
2.6748044 
4.110007 
1.9548959 
1.5673463 
-0.31107104 
4.202493 
0.9934587 
1000.0 
-0.013108716 1.3650029 4.7305374 5.1999516 4.7408614 5.8331213 5.167661 8.577451 -0.01852148 -2.9841247 -4.5768924 -0.025209099 7.389318 2.7740755 6.841914 2.2400773 1.236355 -4.118311 6.5640235 1.0284172 
5.0129294 
0.0 
