1 20 1 1 
-0.51569057 -1.6350217 0.25709644 -0.06890836 -0.047953848 -0.7751745 -0.09484236 -0.17246763 -0.30733556 0.13156942 -1.6556313 0.51512045 -0.004550623 0.2932971 -0.21466386 0.3454351 -0.64387536 -1.8796045 -0.061306555 -0.06880098 
0.015922844 
1.3059325 
0.25217482 
2.8367004 
0.13390145 
-1.7717758e-08 
-4.671398 
-5.5370617 
1.5890586 
4.6096087 
-0.22734173 
-0.32854652 
-0.009516356 
-0.1903553 
1.6027911 
1.3424627 
-0.13682263 
1.5908805 
1.6056509 
3.0308723 
1000.0 
-0.017775796 1.4586064 5.2186394 6.5383687 4.584329 -1.793267e-08 6.2450633 6.511357 1.475779 -6.5554643 -0.010059281 -5.1328177 -0.57629097 -2.9195533 1.6388186 -6.9237995 -0.0030601032 1.5793536 5.8679104 6.60697 
5.9437203 
0.0 
