1 20 1 1 
-0.14875346 -0.13879913 0.08846079 0.6308975 -1.5457988 -0.26500365 -0.97392684 -1.7197151 -0.4421651 0.046229053 -0.4639798 -0.6443931 -0.55665475 0.9799653 0.009198694 -0.87343603 -0.29494035 0.014215442 -0.14388494 -0.5009414 
-0.0070650857 
-6.4463625 
19.57871 
5.330726 
-0.23658541 
-10.697137 
3.456411e-07 
-1.1640253 
0.008290159 
17.496786 
-0.12883489 
-0.24856381 
-9.835767e-06 
-1.3417138 
0.0026283376 
-0.1456454 
0.012604059 
-0.00043032176 
14.777913 
0.01649989 
1000.0 
-0.002594505 8.715172 -9.977188 -16.762297 -0.004695712 8.628612 -3.45327e-07 1.159216 -0.0012306268 -9.388218 -0.0014994012 -0.005326349 -1.108523e-05 10.907064 -2.0941844 -0.0034534323 -0.0033965062 -2.2044775 11.876691 -0.0011470878 
-11.107997 
0.0 
