1 20 1 1 
-0.33942434 -0.32202134 -1.3252085 -0.20422609 0.20769143 -0.32143345 -0.43682906 -0.4032718 -1.088278 -0.39695305 -0.8996219 -0.14029843 -0.47231638 -0.61595243 -0.22104992 -0.4447268 0.56022406 -0.02457006 -0.14611968 0.54358613 
4.722131 
1.0328218 
-0.058563832 
-0.4130662 
-4.6229167 
-0.059334245 
-0.028108431 
0.29053506 
-3.599807e-07 
-0.9715405 
-0.15853615 
-0.084587224 
-0.15646644 
1.3133353e-15 
-4.890085 
-1.4128256 
0.30297223 
0.011149077 
-0.08172031 
1.7797827 
1000.0 
6.64836 -0.0122441305 -0.05205496 0.90014654 -10.916659 -0.052266806 -0.029913133 -0.012990266 -4.0653828e-07 0.97463614 -0.079141445 -0.057698406 -0.078945555 -1.2212977e-15 6.5585575 1.4163232 2.6919625 -0.01611409 3.7797873 -8.687197 
3.436955 
0.0 
