1 20 1 1 
-0.37916693 0.23669007 0.18181744 -0.011827081 0.44282684 -0.47394335 0.46176904 -0.41977197 -0.7484874 -1.2925154 0.19269384 0.55280346 -0.018622104 0.48964983 -0.0821618 1.28512 -0.33416593 -0.046937216 -1.7222666 -0.77687037 
0.22381079 
0.103810474 
0.102407835 
0.10655098 
0.33992052 
0.115432754 
0.18458387 
-0.2583059 
-0.21248746 
1.7381703 
-3.964196 
0.461497 
-0.009387735 
0.40502706 
0.14168096 
0.39190596 
-0.32487512 
-0.22650398 
-0.2740189 
0.008198397 
1000.0 
-0.038345553 -2.3685827 -1.8195384 -0.035664786 -4.39066 -0.03600319 -4.5938187 -0.02423743 -0.021468285 1.877922 -8.50006 -5.48183 -0.022700412 -4.8532743 -0.036818206 -3.585616 -0.023027085 -0.0032625701 -0.024419477 -0.02843179 
-3.2710128 
0.0 
