1 20 1 1 
-1.3076556 0.37311158 -0.06281168 -0.26471892 -0.4418309 0.008430336 0.6958654 0.005939121 1.2520713 -0.6397652 -1.4798169 0.41339153 -1.5382777 -0.27596244 -0.58229357 -0.37796986 1.3950166 -0.24451496 0.22362188 1.1250013 
-0.33927876 
-0.07894178 
-0.28432497 
0.89634854 
-0.47582468 
0.026683843 
0.2856626 
0.05271426 
0.15612511 
0.204271 
-0.37931967 
1.288355 
-0.5852801 
-0.33762938 
-1.577811e-05 
0.18529144 
0.30507126 
1.2627099e-07 
-6.30072 
0.19323629 
1000.0 
-0.01562909 1.8615228 6.7128744 5.27429 -0.013860501 -1.5550182 -3.0149622 -1.5661538 -3.5879898 -0.003561924 -0.023461934 -8.268547 -0.014083554 -0.017562883 -1.02527765e-05 -0.003163009 -3.0866683 -1.2633566e-07 -10.662266 -3.3467603 
-2.6685853 
0.0 
