1 20 1 1 
0.23655112 -1.8444016 0.008975252 -1.3743591 -0.13680886 0.0017767505 -1.518054 -0.21283065 -0.40763843 0.8629386 0.36632812 0.50293183 0.011013691 -0.9244329 -1.5346155 0.0072491947 -0.1628166 0.47009063 0.4700219 -1.5071629 
-4.4678736 
1.7532435e-14 
-0.011976051 
5.903455e-12 
8.942861e-11 
-0.00031568864 
7.9830836e-11 
1.1680012 
-1.3935032e-08 
0.4479679 
0.8416235 
0.329843 
-0.0150316665 
-0.31432977 
0.04931545 
-0.012263584 
3.1278067e-13 
0.30352375 
0.5507149 
-1.5283411e-09 
1000.0 
-10.908958 -2.0768828e-14 -1.4651631 -1.1499711e-11 -1.719072e-10 -0.25019267 -1.9614542e-10 1.1724448 -2.6305019e-08 -1.6262643 -7.252615 -1.6271132 -1.2828602 -0.0081171 -0.010595893 -1.3935692 -3.1299553e-13 -1.6409358 -9.3408165 -4.2730686e-09 
-1.36789 
0.0 
