1 20 1 1 
-0.47070602 -0.012575692 -0.21012023 0.2658989 0.29576495 0.28392816 0.28579018 -1.5199654 -0.15337825 -0.44733033 -0.4858916 1.4610264 -1.1495551 -0.6552177 -0.7350946 0.17251022 -0.3578679 0.97351366 -0.37588516 -0.881271 
1.4655976 
-0.17399082 
-0.09187175 
0.7331569 
0.7312804 
0.6891086 
-0.034672476 
1.3563033 
-0.29123032 
-0.11688724 
-0.067856364 
0.3047849 
0.060362145 
-0.147187 
0.23473041 
-3.844817 
0.042405024 
0.38688982 
-0.2952566 
0.10333002 
1000.0 
1.6158819 -0.049624506 -0.0015487012 -4.9551206 -5.270839 -5.1998844 2.8198693 1.4597969 -0.0023826465 -0.0030375435 -0.0018179506 -5.6688585 -0.008916459 -0.0025533973 -0.012820812 -6.82267 -0.007383008 -5.2794914 -0.002686153 -0.009456579 
-4.2479854 
0.0 
