1 20 1 1 
-0.37007624 0.3834149 0.36393344 -0.4345562 -1.2856262 0.5827945 -1.7242888 -0.73300636 0.4536894 0.7039797 -0.68807334 0.27962515 0.6972608 -0.01992812 -0.005875455 -0.19909288 -0.8944533 -0.46820322 -0.2470731 -1.3910311 
0.11299886 
1.1884065 
0.1398088 
1.1065159 
-0.3781292 
0.5010482 
0.18311241 
-0.1601276 
1.0437815 
0.16973738 
0.0010880779 
-4.67523 
0.52705514 
-0.18250369 
-0.19282055 
0.26133943 
0.027026372 
0.8055468 
-0.26336658 
-0.25251073 
1000.0 
-0.021759532 -7.7366877 -3.9933677 1.2183629 -0.010809899 -3.391252 0.18968269 -0.02029475 -9.180479 -4.520515 -0.0075181844 -11.206971 -3.369878 -0.011560343 -0.03315467 3.810235 -0.016290992 0.86015207 -0.015860353 -0.015414997 
-3.092502 
0.0 
