1 20 1 1 
-0.698189 -0.3878176 -0.9669134 -0.028346531 0.2629377 -0.034540255 -0.045739993 -0.7941552 -0.91049224 0.42898563 0.41557205 0.59675246 -0.8744646 1.8201867 -0.50327826 0.21599314 -0.40071732 0.6978939 -0.9217073 0.2086983 
-0.18359964 
1.6057154 
0.004177866 
-0.007908777 
0.15531686 
-0.13182482 
-0.037321772 
0.014986775 
0.5354193 
0.15462476 
0.17783774 
0.38858533 
-0.3934642 
0.41132587 
1.2772089 
2.3612468 
-0.27325764 
0.19916745 
-0.47984216 
-7.128859 
1000.0 
-0.015236521 1.8260161 -0.004136746 2.8989756 -2.6278927 4.2790365 4.67775 -0.008437249 0.55812883 -4.2881794 -4.153563 -4.656383 -0.017210137 -4.657068 1.4805835 -6.4921846 -0.012356313 -4.7213497 -0.0077274065 -9.409308 
-4.358128 
0.0 
