1 20 1 1 
-0.5351459 -0.53322613 -1.6533595 -0.62642545 0.3446788 0.0045347656 -0.38370746 -0.09680146 0.39953732 0.26014328 0.415496 0.30136147 -0.24017178 -0.86664444 0.23029017 -0.15239254 -1.5128974 0.038490873 -0.13159207 -0.27271968 
2.6995897 
2.2582133 
-0.22728159 
-0.17665055 
0.679201 
-0.0030314862 
1.2319492 
-0.009818057 
-1.5144141 
0.9073181 
-0.23738918 
0.9118341 
-0.17168066 
-0.15491147 
0.8790373 
1.9875507 
-0.11661989 
0.07891371 
-7.699883 
1.7513013 
1000.0 
2.7929108 2.4436553 -0.005137118 -0.0067133876 6.6544175 -1.5909042 1.2496928 -0.0020426475 -7.9864993 6.410792 -5.5289316 6.154636 -0.0068706525 -0.00070966897 7.6225824 0.9009104 -0.009213348 4.654499 6.216362 1.8543988 
5.243524 
0.0 
