1 20 1 1 
-1.1035955 0.46331862 0.1515234 0.113470994 0.4501093 0.07560795 -0.32534492 -0.09575532 -0.18348445 1.4171444 -0.22830291 0.32240123 0.79734474 -0.47041795 0.13408127 -0.7983893 -0.02799748 -0.075587094 -1.0238509 -0.10106213 
4.1644493e-05 
0.5056249 
-5.308046 
-2.2732224 
0.5170216 
-1.0228643 
-0.3340928 
5.897433 
-0.21015488 
0.4976134 
0.033915132 
0.46804374 
0.3770907 
-1.9423606 
-0.5943547 
-0.13718767 
-3.3238544 
-0.17960843 
0.001202592 
-0.40219986 
1000.0 
-5.0574272e-05 -4.623017 -9.076501 -6.82914 -4.4901175 5.7737455 -0.00942696 6.705768 -0.017561434 -6.00305 -0.00018266811 -3.214891 -6.249535 1.9976008 5.3226724 -0.015414262 6.2781363 -0.018258935 -0.0008435305 -0.008601023 
-5.7556014 
0.0 
