1 20 1 1 
0.68014866 0.2533214 -0.19631995 0.5571306 -0.33287704 -0.7320404 -0.11383681 0.6165745 0.19154835 -0.10752871 -0.19524777 0.41588667 0.45746332 -0.24432106 -1.4996504 -0.24777642 0.53709006 0.60142833 0.6453848 0.39178482 
0.43121353 
2.0181563 
-2.9764385 
0.63875467 
-3.0763915 
-0.09058067 
0.6384497 
-0.7066518 
-6.676975 
5.3632245 
-0.31544098 
0.58396316 
0.64847314 
-0.13771111 
0.21043082 
-0.108033836 
0.74233955 
0.43412337 
0.6712239 
-0.76642996 
1000.0 
-6.9056697 -7.669007 3.1061668 -5.6151114 3.1412256 -0.0009675283 -0.011052138 6.650456 -9.59682 6.5908318 -0.0011105081 -4.214586 -4.6161304 -0.00048354268 -0.0022378857 -0.0008151565 -5.3972774 -6.1170835 -6.491621 6.686201 
-6.5883803 
0.0 
