1 20 1 1 
-0.16631976 1.1379691 0.16010264 -0.06707042 -0.30946696 0.6087229 1.0375663 -0.58211994 -0.75718266 -0.9912629 -0.28791925 -0.004636434 -0.73303187 0.37095562 -0.74856144 0.48420903 -0.46834368 -1.4339267 -0.40100214 -0.16864716 
-3.3073359 
-0.15685959 
-1.4992417 
-0.26722234 
0.26491356 
0.4130792 
0.13843696 
0.095212504 
-0.120354444 
-0.2022389 
-0.32902706 
-0.18646088 
3.5921779 
0.5092589 
-0.1358596 
0.56037235 
4.802722e-13 
0.057392582 
0.12009001 
0.059456043 
1000.0 
6.6533895 -3.9121714 -9.582819 -0.050337277 -0.01894387 3.43347 2.6473389 -0.022208467 -0.046233077 -0.059471082 -0.045096364 -0.06239029 3.6180954 3.5203528 -0.054683283 3.478116 -5.2860304e-13 -0.018755719 -0.020830967 -0.019008758 
3.4858105 
0.0 
