1 20 1 1 
-0.2871727 0.19894639 1.0550833 -0.9781151 -0.9962137 -1.4153005 -0.026726572 1.4137843 -1.7112639 0.35588858 -1.1123039 -1.1691746 -0.82613647 -1.5037096 -1.352631 0.67631507 -1.1177466 -0.5479541 -0.93238944 0.19127849 
-0.40569016 
-4.6016984 
0.2074082 
0.09034941 
-0.28681025 
-0.5764527 
-0.18530911 
0.55724245 
0.3539637 
-2.3520346 
-0.21737224 
-0.45664898 
-0.4919231 
2.2246308 
-0.50712454 
1.4778991 
0.091335095 
0.059121173 
0.005555675 
-0.090977944 
1000.0 
-0.014535605 -10.85142 -4.7558193 -0.0006758184 -0.009954756 -0.005990051 -0.011617609 -5.376724 -0.00059905957 -7.106252 -0.009356054 -0.011176801 -0.008005127 2.6225667 -0.0055000456 -6.7522693 -0.00056830334 -0.00018976592 -0.00036144472 4.008985 
-5.4722586 
0.0 
