1 20 1 1 
0.30557874 0.2074376 0.007181599 -0.3882479 -0.0024834143 1.5601187 0.74516445 0.31946117 0.2453359 -0.028248947 0.16964684 0.15235522 -0.055505794 -0.85160893 0.887123 -0.28822678 -0.44759256 0.24095978 -0.54402107 -0.2576837 
0.39665422 
0.34708875 
0.028689187 
1.3288924 
0.0026708404 
0.22133996 
0.29134053 
0.26030454 
0.057439975 
-0.30124426 
0.17504011 
-2.8898935 
0.17405346 
-0.3735979 
0.18616068 
0.025645329 
0.00957951 
0.24964911 
0.970964 
-0.34365597 
1000.0 
-3.0531354 -2.0737233 -2.2085283 1.4857719 -0.44660756 -3.8820722 -3.4996378 -3.1983385 -3.209608 -0.0026463603 -1.7061357 -6.5149894 -0.019917881 -0.0019283416 -4.269582 -0.015883727 -0.010827519 -2.4142125 1.0095601 -0.0017675776 
-2.9559288 
0.0 
