1 20 1 1 
0.059513416 0.052659348 -0.9104641 -0.13582887 0.23659147 -0.7480425 0.39807132 0.35333854 1.3011333 0.36824915 -0.9129987 -0.32305238 0.42098483 -0.3926519 -1.6006802 -0.0015672795 -0.88457 -0.4313608 -0.5428124 -0.74184823 
0.011355008 
-0.10006214 
-0.015608662 
-7.754708e-05 
4.874532 
0.13570692 
0.6223 
0.32127658 
0.8536082 
-5.8611264 
-0.0207196 
-0.22915033 
0.7804792 
0.89845693 
-0.37253112 
-0.07906374 
1.4804493 
-0.031167582 
-0.3054032 
1.228807 
1000.0 
-6.2639923 -7.387426 -0.006297294 -8.2645085e-05 -16.665339 -0.018833382 -11.935165 -10.595213 -7.2074084 -17.080835 -0.07344025 -0.02070834 -12.61421 0.90768474 -0.018475676 -0.23192698 1.5040684 -0.062027566 -0.026236499 1.2450879 
-4.5771837 
0.0 
