1 20 1 1 
0.43156305 -1.350318 0.046609774 -1.8082923 0.60075444 1.0536367 -0.5624731 0.4970836 -0.10418057 0.6269393 0.62946266 -0.23652081 0.52611554 -0.17814648 -0.64678377 -0.72906 -0.1263545 -1.1604788 -0.32030174 -0.6614529 
-0.64886767 
0.16114293 
-4.264297 
0.002330117 
0.9389241 
0.5706228 
-0.28854477 
1.054388 
10.701667 
0.98914534 
0.89769983 
-0.30913237 
-0.9988166 
-0.20149162 
-5.1800853e-08 
0.25575736 
-7.7336954e-10 
-0.008801223 
-7.237963 
-0.19584815 
1000.0 
7.5445085 -0.0046564667 8.759156 -0.002873095 -9.52521 -9.64443 -0.00082059734 -8.6765175 9.306389 -9.274673 -10.193599 -0.0012401234 8.551963 -0.00058703014 -5.885791e-08 -0.008099708 -7.1010897e-10 -0.0010620919 5.5462184 -0.0011249521 
-8.721076 
0.0 
