1 20 1 1 
-0.84586173 -0.118422836 -0.19013964 -0.70721245 -1.0697213 0.68315107 -0.37728456 1.2629583 -0.317359 -0.085106626 -0.6039734 1.0054809 -0.5467685 -0.017342301 0.72706443 -1.5159544 -0.016582303 -1.1856624 -0.4081134 -1.0971698 
0.06889108 
-5.972932e-11 
1.2131066 
-0.009627703 
-0.118109636 
0.3106902 
0.2905547 
0.2344079 
0.031297952 
0.4775632 
-0.34293932 
0.33470812 
-0.14841186 
-0.20758323 
0.36611816 
-0.017662097 
-0.10106287 
1.1877588 
0.9146965 
-0.054629456 
1000.0 
-0.011279291 -5.8173644e-10 1.211751 -0.0016423974 -0.0006927312 -4.213168 0.31588385 -4.388576 -0.005419328 0.54372686 -0.0011917334 -4.082488 -0.0008925011 3.6868422 -4.0623817 -0.0025010176 -0.0025040614 1.193907 1.092254 -0.0013107203 
-3.475114 
0.0 
