1 20 1 1 
0.6372846 -0.16075279 0.27769074 0.17896797 -0.20363088 0.52699685 -0.32730982 0.25198543 0.004458221 0.038531777 0.46722186 -0.2532746 0.20829602 -0.41151154 0.10176638 -0.019510752 -0.0973674 0.269028 0.6529686 -0.36666143 
0.2767594 
-0.6708757 
-6.1100016 
0.5657935 
6.1994905 
0.317243 
1.6304749 
-0.3377223 
6.6752467 
0.44448444 
0.27409515 
0.058636755 
0.4856496 
0.9624573 
-0.31892547 
0.10997879 
-12.335754 
0.24717858 
0.4801226 
0.20041235 
1000.0 
3.900761 -0.0068188263 -9.832276 4.230663 5.5920734 3.986584 1.8209928 -4.5764465 8.097872 4.0157843 3.8877304 -0.013839436 -4.2297072 1.1113372 -3.9715443 -0.015296674 8.737881 3.7805622 4.1781354 0.20765588 
4.474056 
0.0 
