1 20 1 1 
0.2792833 0.14332636 0.017339746 -0.44652352 -0.20808335 0.2067463 0.120826885 0.09201676 -0.21448065 -0.02979871 0.013600664 0.8152949 0.015221951 -0.64355224 0.27750087 0.27503356 -1.4521855 -0.25518703 -0.39595777 1.6259222 
1.367305 
0.049337078 
-0.022566214 
0.07475489 
-0.09593606 
-7.0952344 
6.234368 
-13.072773 
-0.1496671 
-0.28368092 
-0.00935637 
-0.07144531 
-0.053289097 
-0.0611937 
1.4358276 
1.5132973 
0.9730756 
-0.17417903 
-0.34110597 
0.2892042 
1000.0 
-6.7229404 -2.1722276 -2.3417077 -0.015972719 -0.0018808849 -9.908869 -7.9661317 -7.7207775 -0.0008683655 -0.0037312543 -1.791758 0.4048422 -1.8774976 -0.00086004124 -6.590229 -6.443902 1.0766499 -0.0031785485 -0.0063064746 -1.5586438 
-1.0178187 
0.0 
