1 20 1 1 
-1.45004 0.92850214 0.33903614 0.3705712 -0.10316367 0.006779141 -0.0890383 -1.6711367 1.1770558 -1.523208 -0.43657973 0.0040812027 -0.097851746 -0.22661704 0.16777398 -0.737987 0.1799111 0.0076690963 -0.95836854 -0.13911355 
-0.36394098 
0.42119053 
-1.2669365 
2.6627257 
3.4455147 
-0.0030390336 
2.1032944 
1.8122823 
0.36737823 
0.15700051 
1.9675895 
-0.002019399 
2.2138505 
-0.4605367 
0.13879848 
4.479311e-12 
-10.043938 
-0.0038383238 
0.060960885 
-7.03023 
1000.0 
-0.011626699 -2.0011194 -6.7895823 -11.119376 5.029255 -0.81612104 4.3229136 1.9663827 -2.0729444 -0.024293212 2.1216257 -0.7895731 2.9829202 -0.010242491 -1.671952 -1.890556e-11 -11.29084 -1.0321754 -0.021048069 5.5607505 
-1.6851141 
0.0 
