1 20 1 1 
1.4500527 1.5330125 0.4114969 -1.1023614 0.76401544 -0.7470492 -0.14768599 -0.9609854 0.7414606 -0.41722187 -0.22477847 -0.14834052 -1.0037117 -1.2848246 -0.67990506 -0.09434197 -0.5814373 -0.844087 1.0654817 0.8603739 
0.59719604 
0.5878153 
1.7911425 
-0.08932406 
-1.7091386 
2.8101807 
0.35209805 
3.2547846 
-1.6814963 
1.7274736 
4.551856 
-11.635479 
0.24509649 
2.3342574 
0.16967815 
0.0530515 
0.3648305 
3.216402 
0.67424124 
-1.3049861 
1000.0 
11.396932 11.338664 11.712949 -0.014419163 -8.483907 3.1513567 -0.0020502242 3.2289412 -8.265554 1.7377105 4.266656 9.628918 -0.00082870666 2.4467356 -0.0017857571 -0.0022007606 -0.002183742 3.4783866 11.962425 -9.602033 
10.917418 
0.0 
