1 20 1 1 
0.41726285 0.20242846 -0.9767711 -0.36454967 0.0914067 -0.20950812 1.248655 -0.853752 -0.02231933 0.11276597 -0.42054793 -0.41703388 -0.6011403 0.57295305 -0.50938493 0.029512681 -0.13201633 -0.37781 -1.0566595 -0.42185932 
-3.835658 
6.0503516 
-0.11201877 
-0.077792056 
10.701004 
-0.09054272 
1.0889553 
0.063620046 
0.05849655 
10.489397 
-0.06858885 
2.0382984 
0.14562193 
0.7613397 
-1.8094692 
11.752185 
-0.1730738 
0.00028531696 
-0.055247724 
-1.6033569e-09 
1000.0 
-17.619574 -16.859339 -0.008960364 -0.043543708 -16.202078 -0.013355949 -11.450091 -0.07426325 -0.0742294 -17.123037 -0.05862547 7.9320574 -0.0745295 -12.309456 4.0358124 -14.89572 -0.015233149 -0.00032102742 -0.011045278 -2.6617592e-08 
-8.825749 
0.0 
