1 20 1 1 
1.1355242 -0.5897632 -1.181924 0.1730736 0.5665054 0.59511113 -0.09589997 -1.0240276 -0.50410926 -0.036024313 -1.412409 0.17298216 0.04087483 0.8421855 -0.28075275 -1.360901 0.13690646 -1.0549296 -0.775622 0.8764694 
0.5584505 
-9.861081e-08 
0.13490558 
-0.28305 
0.21227862 
0.1985385 
-1.00128986e-07 
1.8990277 
-0.02243583 
-0.4143317 
-1.0252174e-07 
-0.13432418 
-0.25851727 
0.13242689 
-0.20874666 
1.031648 
-4.724776 
1.4130192 
-0.26117727 
0.24079601 
1000.0 
-3.4785788 -1.0965166e-07 -0.012728156 3.1901743 -4.0251794 -4.109047 -1.1160752e-07 1.9454126 -0.0016472329 3.8549585 -1.1162894e-07 2.9524665 3.2209835 -4.6209188 -0.0033990678 1.058662 -7.4392624 1.5571249 -0.004698367 -3.8623655 
-3.252861 
0.0 
