1 20 1 1 
0.2127188 -1.2115066 1.0873222 0.40620598 -1.1578869 -1.1148487 0.17814912 0.5047243 -1.5181446 -1.1116077 0.0006134231 -0.57509905 -0.70067066 -0.90856045 -0.18967341 0.00014108668 0.4526995 0.21606807 0.95670843 1.2141424 
0.53864866 
-0.2851746 
0.2693775 
0.81219447 
0.18893893 
-0.17909212 
0.7889024 
0.36088717 
0.15120961 
0.08614933 
-0.00023492564 
-0.41412947 
0.08516219 
0.33493856 
0.05825047 
-0.00018535393 
0.7090097 
-5.826594 
0.14818896 
0.17825286 
1000.0 
-5.7541656 -0.021473046 -6.0843077 -7.4945693 -0.0026535047 -0.028509254 -5.2929893 -5.871239 -0.003234436 -0.0019550747 -0.09633441 -0.019883208 -0.0022590267 -0.0038822643 -0.0020621843 -0.038505863 -8.223911 -9.193867 -6.518189 -6.2942452 
-0.006700231 
0.0 
