1 20 1 1 
-0.5512597 -0.27484286 -0.7814705 -0.22046989 -0.020687947 -0.51655304 -1.0576274 -1.0184267 -0.969198 -0.7007436 -1.0137539 -0.3639718 -0.96898913 -0.25502038 -0.3677564 -0.7407251 -0.72754765 -0.85122544 -0.18885697 0.0051529994 
-2.29291 
0.80648607 
2.7968838 
-0.2249116 
-0.02127925 
0.00011508471 
-0.22503549 
-5.1536506e-07 
-0.19978146 
0.015395736 
-0.061519355 
0.067673855 
0.075777486 
-0.28398293 
0.2872596 
-0.122876346 
-0.079258144 
-0.30747736 
0.0035815586 
-0.009334164 
1000.0 
39.07852 38.03937 3.0607564 -0.28254 -1.0952257 -0.00011357279 -0.282423 -2.4476362e-06 -0.2751261 -0.0151573215 -0.29101747 -0.09447121 -0.21479318 -0.16032147 18.653202 -0.28736225 -0.22010389 -0.06365136 -0.27937123 -1.4240124 
44.597034 
0.0 
