1 20 1 1 
-0.2245277 0.10170604 -0.0003649889 0.44863167 -0.5167891 -0.27524063 -0.7754294 0.62764233 0.17226066 0.34637994 -0.22810917 0.6390421 -0.2439628 0.49199283 -0.16647643 0.07860458 -0.25436607 -0.96424854 -0.8431893 0.5173734 
-2.76535e-07 
0.18136163 
0.0012003732 
0.35476822 
0.20542343 
-0.22172084 
0.045626927 
0.19221294 
-2.3096735 
1.1478232 
6.1852217e-07 
0.10356087 
2.882752 
-0.11018429 
-4.134661 
11.407285 
-0.038644414 
0.038774364 
2.2133892 
0.38074282 
1000.0 
-1.3054224e-06 2.0498452 -0.094484344 2.3208716 -0.028085645 -0.009672904 -0.023580987 1.723485 -7.7318387 -6.0067325 -5.209102e-07 0.78884757 5.779073 -3.8906505 6.6473475 -6.793199 -0.00018346838 -0.022502605 2.4237125 2.3528042 
2.9584186 
0.0 
