1 20 1 1 
-1.2942133 -0.68310326 -0.6800005 -0.97344744 -0.30445904 -0.118481904 -1.0515128 -0.39972955 0.18640763 1.3008872 -1.1961366 0.4687726 -0.028582504 -1.1986446 -0.018952336 -1.0347973 0.15947236 0.35647404 0.55264693 0.67983043 
-2.0261233 
0.02664428 
-0.5608969 
0.28772116 
-0.37203068 
2.2564688 
7.108799e-06 
-0.2188334 
-6.4237175 
0.24738933 
-0.37974542 
0.2079849 
-0.05948937 
0.10997322 
-0.054282572 
-0.29067516 
0.09742507 
0.27224162 
0.24514072 
0.92419016 
1000.0 
2.190815 -0.00634489 -0.008898178 -0.016719226 -0.0073450585 4.7415447 -8.416074e-06 -0.010487806 -10.039899 -6.410293 -0.00629377 -4.6652246 -0.0013152601 -0.013734207 -0.00025231953 -0.010903631 -1.5781875 -3.5404549 -5.503224 -6.771514 
-6.2426496 
0.0 
