1 20 1 1 
0.5315846 -0.5054464 0.544682 -0.6087872 -0.2772917 0.60349244 0.70037663 -0.8949029 -0.093170755 -0.35939497 0.6521696 0.51578385 0.7390756 0.2148481 -0.44684565 0.6950404 0.6342702 -0.66333634 1.6078844 0.5303535 
1.086771 
-4.727035 
1.6420319 
0.005798342 
-0.21569423 
-2.130568 
0.71330726 
0.20511626 
9.72934 
0.34158683 
0.6854496 
0.7701903 
0.59539056 
-3.8006678 
0.33454204 
0.6243833 
0.87730515 
-3.466081 
-0.8777442 
1.2480496 
1000.0 
-7.1924243 4.81699 -6.634486 -0.0033461 -0.009048872 11.278618 -7.031659 -0.018290056 8.28594 -0.017993974 -6.5927715 -5.2187276 -7.734995 -9.480193 -0.017924529 -7.3002596 -6.35388 3.8691227 10.588875 -6.8099184 
-11.045018 
0.0 
