1 20 1 1 
0.015746852 -0.04626266 -0.26783374 -1.588734 -0.008772651 -0.0492762 -1.7503277 -1.8604432 -1.3100053 -1.0553725 -0.64732265 -0.04688218 -0.2421164 -0.19531347 -0.9058831 -0.13799798 -0.20122224 -0.47015253 1.3074487 0.16184041 
3.9208713 
-0.07983032 
1.7457967 
-0.21075866 
-0.06794756 
-4.5290227e-07 
-0.065121464 
0.036137696 
0.21328221 
0.20332886 
-0.12436339 
-0.18073119 
5.1033015 
-3.2658024 
0.6162242 
-2.1699886e-06 
-2.3473427 
-0.17937134 
0.2685744 
-1.0125542 
1000.0 
8.225674 -0.008495276 1.4790144 -0.011917158 -0.8790232 -4.0351492e-06 -0.0080161 -0.012018836 -0.0232563 -0.023036318 -0.009865996 -0.00078149093 4.5096765 13.5847645 0.6192405 -1.0693524e-05 7.885041 -0.009611655 2.6126862 -8.140188 
3.8382542 
0.0 
