1 20 1 1 
-0.065085314 -1.2376012 -0.08712983 -0.33897656 0.81689996 -0.43300056 1.0127661 -1.0157259 0.5804457 -0.5884058 -0.30432317 -1.1195712 -0.0026943914 -0.7860816 0.7071704 -0.13682635 1.3217303 -1.0599276 -0.20011324 0.057070266 
-6.100612e-07 
-0.15847592 
0.057550155 
0.3541245 
0.28171155 
0.591001 
0.13320248 
0.08257622 
0.10730119 
-0.24732646 
5.163717 
-0.3308366 
0.06724888 
-0.025279012 
-0.16601333 
0.043655656 
0.29104584 
1.3428303 
-5.6994424 
0.33765748 
1000.0 
-6.4115743e-06 -0.01230188 1.3171672 0.36566928 1.933535 0.6274375 1.0590466 -0.018856326 0.98039764 -0.014483349 5.9716578 -0.013481699 1.572166 -0.002998242 -2.8101332 -0.01942095 1.9518002 1.5689006 6.5838675 -2.8822565 
2.5773988 
0.0 
