1 20 1 1 
0.4942512 -0.55157334 -1.3220295 -0.80826324 -1.1564606 0.48342252 0.6573658 0.71120286 0.48574334 -0.2598418 0.74647284 -0.13302758 0.22968328 -0.019760558 -0.14726149 -0.35660568 0.5741465 0.50398886 -0.10810382 -0.2733866 
1.6046946 
0.054123543 
-3.0674014 
-0.22341532 
-3.593638 
1.4145883 
-2.1815925 
0.5277056 
1.202054 
-4.2136346e-12 
0.46668184 
0.28085285 
-5.6070266 
0.0022302924 
-0.34955364 
-0.0062043974 
0.81028277 
1.6698842 
8.118244 
-0.33559743 
1000.0 
-6.9604516 -0.018719058 3.3194003 -0.006429561 3.855739 -6.901788 10.200965 -8.105342 -7.2053027 -4.537027e-12 -8.756817 -0.023474522 -9.230125 -0.0041254326 -0.005169687 -0.0010700446 -6.0597615 -7.111057 7.0445895 -0.005840174 
-10.988408 
0.0 
