1 20 1 1 
0.014140995 -0.7350976 -0.9759552 -0.27341393 -0.30285743 -0.91349053 -1.3679504 -0.2875011 -0.38422105 -0.0059755915 -0.43585312 -1.23713 -1.5610892 -0.15402786 -0.1723199 1.2469369 -0.23078851 -0.25031778 -0.077054285 0.10788793 
0.0088037085 
0.7602839 
-0.33947858 
-4.634729 
1.3419259 
-0.35239133 
-0.024479661 
-0.07776907 
-6.0399946e-15 
0.01722004 
-0.0125074955 
0.06393815 
0.06044794 
-5.3578606e-06 
-0.03701037 
0.5056665 
7.5749855 
-0.21769483 
-0.015814159 
1.1351783 
1000.0 
-1.5100394 0.77966815 -0.0002827564 10.224174 1.3474491 -0.0038148647 -0.0018594799 -0.00036476192 -6.053189e-15 -1.22449 -0.0031026667 -0.0026834558 -0.0019717268 -5.368553e-06 -0.004385463 1.1217722 4.437875 -0.0053162277 -0.0031220817 7.595713 
2.1418319 
0.0 
