1 20 1 1 
0.18372287 -0.21351202 -0.16050912 0.8297433 0.20865545 -1.0664651 -0.2805424 -0.71222854 -0.87222344 0.12193344 -0.099462286 0.35978836 0.27287912 -0.5586497 0.29208755 -0.20635872 0.04987731 0.3722681 -0.8915995 0.326556 
0.0922359 
-0.02491174 
0.0038375054 
0.64335936 
0.4237315 
-0.34632766 
-0.13023464 
-0.040158067 
0.47268188 
7.631345 
-0.030704591 
1.0451273 
-4.9009004 
-0.022284277 
0.5438375 
0.83139616 
5.619981 
1.035266 
0.31602025 
0.86982477 
1000.0 
-5.5647073 -0.024612185 -0.0013007185 -4.4024034 -5.9836655 -0.015431527 -0.014735101 -0.005887912 0.54133886 -9.769963 -0.00758917 -6.8024054 -10.906483 -0.011288507 -7.3204827 4.0152817 -8.30557 -7.145427 -0.035280604 -7.1991158 
-3.6007955 
0.0 
