1 20 1 1 
0.2041448 0.31210124 -0.8383584 -0.39304858 0.05228327 -0.5508751 -1.4353892 -1.2784739 -1.3674176 -0.9776089 -0.31002533 0.41002434 0.84169656 -0.4863726 -0.23674938 -0.91813487 -1.1286223 -0.3611525 0.5498632 -0.35032636 
0.097816885 
0.3245524 
0.06938653 
-0.017739898 
-0.0032363124 
-1.955425e-06 
0.14144291 
-0.015294018 
-0.2941998 
-0.026954183 
-0.18208565 
0.37723896 
0.42785174 
0.3843158 
0.14994435 
-0.13333741 
-0.07112108 
0.089299254 
0.6032481 
1.2319975 
1000.0 
-2.0349834 -2.423639 -0.016385105 -0.013415154 -0.70317084 -2.2155327e-06 -0.020474298 -0.014072308 -0.016856035 -0.013862145 -0.017056607 -2.4166262 -2.4791079 0.40962848 -0.020734813 -0.016153933 -0.014552544 -0.018214764 -2.2545998 1.4477274 
-1.9419928 
0.0 
