1 20 1 1 
-0.36851555 0.22561586 -1.8767216 0.5448013 -0.30005804 -0.08912691 0.105525985 -0.1662329 -0.017602446 -0.103022866 0.19994594 1.1031871 -1.081281 0.22546487 -0.70261854 -0.5239284 0.044070538 0.33777002 -0.03245053 -0.01490728 
-0.019258583 
0.07070609 
-0.012583733 
3.3642383 
1.5788747 
-6.889531 
0.8651343 
-0.35434696 
-0.23501809 
6.500574 
-0.049926125 
0.3386961 
0.49476263 
0.33195424 
-0.12516262 
-0.02689915 
1.9112916 
-6.0876145 
0.24058376 
-0.10554462 
1000.0 
-0.004810352 -0.4055967 -0.0042159697 -10.894228 1.8057158 6.8046374 -5.21342 -0.010584562 -0.0012863178 5.057049 -3.3046794 0.13394612 0.5270021 -4.510797 -0.00955119 -0.004827631 5.349499 -11.458635 -0.018254079 -0.003862494 
0.6013685 
0.0 
