1 20 1 1 
-1.0739819 -0.90966755 -0.44061202 -0.73127174 -0.7695731 -1.2293909 -0.51382166 -1.4296883 -0.2761024 -0.018068658 0.9223144 -1.7869282 -0.5319082 -0.0653722 -0.08143042 0.0012990639 -0.86495805 -0.31823832 -0.7193057 0.010918145 
0.07088511 
1.2270705 
0.0074122585 
-1.2706796 
-0.096457705 
0.03434346 
-0.13636023 
-0.17733945 
0.17635794 
-0.10553897 
0.8493834 
-0.06945658 
-0.2955383 
-0.034558535 
-0.23312713 
-0.07269682 
-1.4884108 
0.02028287 
0.039156627 
-0.046575177 
1000.0 
-0.084360115 17.607075 -0.12017742 26.686905 -0.32430372 -0.32529894 -0.3228221 -0.31890392 -0.19846535 -6.2516828 -12.575361 -0.32478458 -0.1415354 -2.020816 -3.5305305 -4.6169944 1.5164233 -0.14807281 -0.12587585 -2.2813723 
14.776064 
0.0 
