1 20 1 1 
0.8203567 0.38707045 0.9724401 -0.6248824 0.26467824 -0.19851078 -0.32577088 -1.4980217 0.49366203 0.6161303 0.45661926 -0.18964393 -0.12744713 -1.161608 0.50509006 0.39991647 -0.89121187 -1.7576419 -0.3389837 -0.5787361 
0.49320337 
-0.41279107 
0.35878524 
0.12811583 
0.29668754 
-9.785294 
0.22534576 
3.2330327 
3.2165494 
-0.65448433 
-0.87411946 
-0.13111193 
7.6197066 
-2.5293277e-05 
-0.35279107 
-0.65326005 
-0.11520331 
2.5379503 
-9.935732e-09 
-2.4087953e-07 
1000.0 
3.9964764 -3.8728645 3.4833887 -0.024120424 3.3182125 7.860338 -0.023242868 3.504201 -10.133792 -6.162059 -4.565899 -0.0033018158 6.508286 -2.4514991e-05 -5.0555453 -3.9999368 -0.003908623 2.6477299 -8.54374e-09 -2.8730017e-07 
5.140825 
0.0 
