1 20 1 1 
-1.0365967 -0.1254657 -0.5469054 -0.041203346 0.56133574 -1.0462108 0.2711855 -0.0043037543 -0.7452404 -0.5798179 0.44730595 0.60448 0.26910812 0.45306584 -0.22430572 -1.2742321 1.115511 0.27390602 -0.31006458 0.024366619 
0.3044866 
9.445403 
-0.26321498 
-1.2502636e-09 
0.703825 
-1.0119903e-07 
-0.8946224 
-3.651514 
-3.7208304 
0.1588196 
1.3349924 
2.4598114 
-3.0845876 
0.661031 
0.08148171 
0.07770983 
0.613211 
-2.7904754 
0.038301773 
-2.4775712 
1000.0 
-0.025557386 9.960593 -0.0018898057 -7.136245e-10 -7.8732147 -1.0965458e-07 9.454186 10.139409 3.9244862 -0.025976462 -7.879116 -9.571894 -9.081554 -7.3359513 -0.009672385 -0.006153569 -9.945881 -9.525692 -0.006368157 9.939607 
-9.421508 
0.0 
