1 20 1 1 
0.47178385 -1.1988462 0.23429874 0.3450283 0.052042805 -0.29059997 1.6031812 0.0021121728 -0.3536319 -0.41728377 0.23267247 -0.6188988 -1.3629299 -0.070571035 -0.5312245 -0.28627428 -0.6467303 -0.524798 -0.054803986 -0.7795336 
0.18780527 
-0.16616492 
1.2223595 
2.1135008 
0.26906645 
-3.5790488e-06 
0.26319182 
0.0014940309 
0.12670481 
0.29353535 
-3.3826559 
1.2165285 
0.05515309 
-0.66146547 
0.7749242 
-0.0697305 
0.21640971 
0.90613675 
-0.07935594 
0.63873905 
1000.0 
-2.254813 -0.0197126 -4.646182 -6.730316 -2.2018013 -4.047512e-06 -2.1425145 -0.2297064 -0.007638347 -0.00974006 -6.901453 1.226245 -0.002241105 3.5713863 1.0178552 -0.009060534 -0.009468526 1.186664 -0.010986956 0.81961095 
-1.5213529 
0.0 
