1 20 1 1 
-0.017146217 0.18408996 -0.11213533 -0.22270368 0.15658355 -0.692239 -1.5876925 0.26418784 -0.19850037 -0.021920733 1.5356606 -0.17602825 0.34041348 -0.5017356 -0.75759083 -0.5629916 0.31853706 0.3192541 0.2463561 -0.49642152 
-0.1664881 
-1.2501419 
9.914019 
0.039890114 
-1.3655112 
0.054177105 
0.120326996 
0.93778056 
0.25229728 
3.7198824e-09 
0.26110464 
-8.1976 
0.74195623 
-0.1305726 
-0.19037552 
0.30012178 
1.3123267 
0.83765495 
1.2068025 
0.027454138 
1000.0 
-0.0073301108 6.915285 7.827594 -0.017484713 6.904164 -0.020034434 -0.020969698 -5.8140078 -0.02448705 -7.1952513e-06 -7.9606614 6.437583 -6.5723853 -0.01054164 -0.013089089 -0.025086053 -6.6240716 -6.211972 -5.226744 -0.01800535 
-6.8295975 
0.0 
