1 20 1 1 
-1.1181219 0.27522615 -0.47594908 -1.307186 -0.03644009 1.0067952 0.06931227 -0.13526657 0.685292 -0.0626724 -0.08272062 -1.0027158 -0.19951373 0.9940409 -0.18479441 0.65526295 0.58739966 0.007892808 0.32853815 -1.2555641 
2.6225653 
0.53785765 
-0.031316526 
-0.031351168 
0.5144013 
0.33149546 
0.16497669 
-9.501811 
0.19872902 
0.8351139 
3.5515246 
2.814572 
0.033939682 
-0.28812167 
-0.03950623 
-0.3829841 
-0.11685811 
0.21381602 
1.7895408 
0.035111375 
1000.0 
2.6449828 4.8973293 -0.0018852077 -0.0019146207 5.349441 4.746942 5.1703987 6.2316737 4.72271 6.405728 6.7534633 2.8748257 -0.021575311 -5.009041 -0.0027085792 -4.949007 -5.4228683 5.320564 -6.575983 -0.02184618 
4.8798814 
0.0 
