1 20 1 1 
0.7647789 -0.11569776 -1.3437606 0.52836436 -1.0207075 0.11501233 0.2893364 0.11205456 -0.22136404 -0.74427235 -0.638715 0.35068503 -0.15278408 -0.66403115 -0.31211123 -1.340136 -0.86534005 -0.04321762 -0.85184425 0.6552886 
0.24779676 
12.376516 
1.2599415 
-0.24205603 
0.18148994 
2.3764036 
-1.3491384 
2.2935307 
-11.748612 
-0.011822334 
-0.27989635 
-1.2059075 
1.1099869 
-0.2758306 
-0.09498179 
-0.38621613 
1.072276 
0.071673214 
-2.605871e-05 
3.008811 
1000.0 
-4.4743953 9.945442 1.4087518 2.878997 -0.016238535 -5.2540994 8.353952 -4.628357 8.470919 -0.00041118258 -0.0016742815 8.853459 -0.018198516 -0.0014370268 -0.0009156213 -0.0013735415 1.1878731 -0.017524619 -2.8362154e-05 -15.424774 
-3.9531925 
0.0 
