1 20 1 1 
-0.32155564 -0.19862816 0.7732312 0.7724739 0.5921569 0.20736794 -0.09386957 -0.34919176 0.7617432 -0.4456958 1.0442485 -0.18933885 0.66838104 0.7285746 -1.1675489 -0.51036894 -0.65246075 -0.61511374 1.200625 0.57990044 
0.19316256 
-3.9107606e-12 
2.8462517 
0.64821315 
-1.2047865 
-6.7131896 
8.901367 
0.15931794 
-1.0668833 
0.109252006 
0.4060634 
0.19571708 
0.6914283 
0.6614077 
-2.921424 
-2.8404644 
0.016590994 
-3.339365 
0.46620998 
-1.0372045 
1000.0 
-0.021946738 -3.9729535e-12 -11.712928 -7.83792 9.939055 -9.366002 8.012055 -0.02425826 9.905291 -0.022117823 -10.6064625 -0.022000948 -7.1376953 -7.486685 3.1062636 3.0223432 -0.014862159 3.407691 -10.503636 9.52918 
-9.917886 
0.0 
