1 20 1 1 
-0.19286093 -0.19169272 -0.24335949 -0.38165706 -0.5000678 -0.10388379 0.18095143 -0.25030866 0.16539553 -0.57706046 -0.75687766 -0.12556104 -0.19119018 0.07500768 -0.98446965 -1.2602992 -0.092898235 -0.027900511 -0.18189214 0.42616788 
-3.4920514e-08 
0.25024575 
-0.18395534 
-0.076763 
-0.07954486 
8.499261 
-0.36179173 
3.024517 
0.2715913 
0.5750102 
0.90712667 
1.422157 
0.2575306 
-0.2093774 
-0.3595503 
0.65878576 
-8.3719845 
0.20868266 
-6.431268 
2.220393 
1000.0 
-2.0185702e-07 3.5237396 -0.0031236028 -0.0026664257 -0.0014853849 8.816341 -3.8552547 4.8180704 4.040404 0.59732664 0.9024293 -0.012608542 3.577615 -2.9599683 -0.003071786 0.70092404 6.38194 3.5175965 7.123717 -7.5033293 
4.4421654 
0.0 
