1 20 1 1 
1.0249295 1.0419492 -0.40566453 -0.08727074 0.58654857 -1.8216807 -1.967693 -0.21896972 -0.75193995 -0.97471905 -0.23221172 0.63615936 -0.17700487 0.23151481 0.6895541 -0.6039344 0.19002023 -0.39828998 0.48884246 -0.07467446 
-0.19915432 
0.36118457 
2.197731 
-3.7144987e-14 
0.4983331 
-0.13704348 
-0.15596424 
2.4349144 
1.9048263 
2.1951945 
-1.29933715e-05 
-0.24474253 
-3.7228637 
0.546193 
0.2818382 
-0.0816869 
0.1451767 
-0.1652659 
-0.22835603 
-8.9058085e-06 
1000.0 
-4.99831 4.4335713 2.1596007 -4.013282e-14 4.5102754 -0.0017153446 -0.002374883 1.9780775 1.9868115 2.1668181 -1.4210092e-05 -4.9434867 8.283808 4.578674 4.4012766 -0.0020140759 3.99421 -0.0029253 -4.8898997 -1.0118808e-05 
4.59582 
0.0 
