1 20 1 1 
0.94442743 -0.10228759 0.6165163 -0.69049525 0.3939862 -1.1336067 -0.45930177 -0.27700114 -1.5852637 0.61405367 -0.018107282 0.8594343 -0.8371254 -0.084232114 -0.41635588 0.45854083 0.637724 0.0011698514 0.7191374 0.23764797 
-0.6903737 
7.6275764 
0.6227334 
0.123879276 
-1.4404825 
0.035087183 
-0.22039422 
-1.7539089 
-3.3934884 
0.6828588 
-0.075831875 
0.34922484 
-2.3120718 
0.033332042 
0.13257836 
1.0260538 
2.7734919 
-0.0041485685 
0.52256215 
-6.7927523 
1000.0 
7.9847465 6.1411476 -6.641867 -0.017823946 8.533805 -0.015370812 -0.00044606163 1.9099076 3.432704 -6.5237837 -0.006001589 -8.917877 2.4665601 -0.01710675 -0.018230133 -7.345424 -10.050234 -0.3228579 -7.6067295 -9.871553 
-8.349346 
0.0 
