1 20 1 1 
-0.21774015 1.3036352 -0.21291895 -0.8615238 0.64750075 -0.21204677 -1.1293417 0.21505082 -0.93761283 -0.71761703 0.8793216 0.7289965 0.23149082 0.8926657 -0.29663616 0.07998485 -0.13646981 0.5461892 0.19896722 1.1453764 
0.01742782 
0.4121855 
0.011202606 
-0.050507385 
0.38156915 
-0.20969197 
0.14079356 
-0.44366938 
-0.12801723 
0.104250535 
0.06242093 
0.4316343 
-0.39104655 
-0.2902753 
7.7153535 
0.47241428 
-9.601198 
-0.14134723 
-1.5564383 
0.08584182 
1000.0 
-0.0022937811 3.701967 -0.054320335 -0.08139761 3.785638 -0.10107277 -0.0069598067 -4.302947 -0.08835534 -0.005545068 3.1217122 3.7707481 -4.0401726 -3.905269 5.4356694 4.6874213 5.521287 -4.398946 -8.488321 3.2738156 
3.792946 
0.0 
