1 20 1 1 
0.16042192 0.5053672 -0.81915987 0.40590274 -0.93562204 -0.062488366 -0.6535197 -0.3212589 -1.091902 -0.85127777 0.33430177 -0.057336986 0.06533651 0.25492924 -0.08193647 -0.64165604 0.3028159 0.057381213 -0.5526829 0.0028603652 
0.44414034 
0.1806604 
-0.18974724 
2.2739828 
0.016308982 
-0.212974 
0.11007706 
0.06406076 
-0.46682996 
-0.011176773 
0.3143215 
0.7482827 
-1.4308937 
-3.39569 
3.5915395e-09 
-0.014680374 
1.7276318 
-1.22423 
-0.42301285 
-0.0014422793 
1000.0 
-3.5425117 -3.9898658 -0.019425018 -7.590233 -0.011593896 -0.022795053 -0.019056985 -0.015460022 0.53107554 -0.0023141855 -3.422682 5.0022907 -4.557331 -7.6159344 -4.0486118e-08 -0.0045631374 -6.0599174 -4.0020165 0.49394056 -0.378774 
-3.2832682 
0.0 
