1 20 1 1 
0.24221164 0.24449079 -0.06167994 0.18466459 -0.57620305 -0.90196 -0.46500105 1.5705374 -0.29009494 -0.2868814 0.18038362 -1.3735304 0.12606163 -0.42618403 -0.17138073 -0.5658878 0.2103623 0.19414608 0.1959385 0.22551385 
0.755198 
0.73236835 
-1.0466757 
-4.441172 
-0.080425926 
1.2642423 
-0.058765594 
0.4333819 
-0.11780798 
1.2636145 
0.5130918 
1.2622685 
0.10431835 
-0.267747 
1.3285114 
-3.375085e-08 
0.5989381 
0.11622895 
0.6344326 
0.26643935 
1000.0 
-4.8983774 -4.9445357 4.4364576 -7.3918357 -0.0010588578 1.5145327 -0.00022258397 -2.8254495 -0.0010850995 1.195417 -3.6631052 1.2153801 2.921978 -0.0008142475 1.4730757 -3.624836e-08 -4.26238 -4.065798 -3.9733007 -4.575384 
-2.5894184 
0.0 
