1 20 1 1 
0.3524325 0.27679694 -0.004847861 -1.5833447 0.32213417 -0.5411331 -0.29443848 -0.05124854 -1.8387897 -0.19616513 0.2934257 -0.79519594 -0.06501843 -0.7880079 -0.51491547 0.14963774 -0.93606865 0.0025371402 -0.6289956 -1.866393 
1.6608181 
1.0878552 
-0.01798774 
-3.3124758e-07 
-0.32566774 
0.0012846548 
-0.20986512 
2.281026 
-0.13134487 
-4.035872 
0.9902325 
-0.18005218 
2.3651545 
1.0914283 
1.1287372 
-0.08250431 
0.42125532 
-0.014042516 
1.064978 
1.0907898 
1000.0 
-7.032693 -5.5205626 -0.99587595 -3.3624852e-07 -2.0198843 0.0013463048 -0.0028672172 5.385544 -0.002031346 8.277054 -5.852793 -0.0028126875 6.63591 0.91142523 1.2372189 -1.5097251 0.45565552 -0.71742547 0.93379855 0.91174823 
0.8021858 
0.0 
