1 20 1 1 
-9.870074e-05 0.33846968 -0.2249102 -0.0045481864 0.0031094246 0.12101584 0.58838046 -0.16817108 0.50074726 -0.07542767 -0.16122566 -0.10783861 -1.7261776 -0.7527852 -0.04527629 -1.2076935 -0.13906989 -0.16596885 0.31244004 -0.44363657 
0.005948239 
-0.36272573 
-10.968602 
0.0092452895 
0.0013719127 
-0.1367153 
-0.5264445 
-0.1449218 
4.1129136 
6.413968 
0.09400759 
7.079102 
1.1375356 
1.4370441 
-0.0859244 
1.5448306 
0.00048576348 
-0.23846583 
-0.83091396 
-0.15778874 
1000.0 
-0.45632768 2.6001477 8.147435 -0.3398542 -0.3352322 1.5442327 2.6091628 -0.00042288142 -10.769035 6.761212 -0.0041450383 7.0812917 1.2038163 1.2554411 -0.0028606697 1.1904413 -0.00016089098 -0.002873004 4.6029754 -0.0021542662 
-2.786901 
0.0 
