1 20 1 1 
-0.3347018 -0.058160428 -0.51748323 0.4507067 -0.19990352 0.5369031 0.38827848 -0.80277336 -0.15749708 -1.7283918 -0.38905993 -0.048956607 0.24695405 -0.056725796 -0.049247857 -0.041576408 -0.934679 -0.052022792 0.21888077 -0.60589534 
-0.36159953 
1.5996733 
2.5878012 
2.4119637 
-0.17541417 
-0.3934949 
-0.4466757 
0.1037653 
-8.149594 
0.15477026 
-0.11011246 
0.50451684 
0.22723176 
1.095776 
0.40897608 
0.021229062 
0.2845723 
0.5485741 
0.1258457 
2.0824993 
1000.0 
-0.022189537 5.9317646 2.6738918 -9.021239 -0.018833153 -5.354187 -3.8671126 -0.017884022 5.191244 -0.018327398 -0.021666182 5.3051763 4.979024 5.768882 5.2952924 4.210395 -0.016785517 5.31132 4.7835546 2.266173 
5.285855 
0.0 
