1 20 1 1 
-0.8445242 -1.111105 0.25207636 0.306263 0.29588422 0.6972601 -0.8309864 0.2829795 0.08539043 -0.18686327 -1.3148007 -0.25166175 0.3047308 -0.6050691 -1.3335017 1.5719756 0.09725182 0.49554724 -0.13167511 0.6361364 
0.024917094 
-0.34572005 
-5.7825956 
0.9827411 
1.1045032 
-0.11123873 
0.054123845 
1.1448824 
0.5673904 
2.0322115 
-0.34688655 
1.3183208 
0.9171606 
0.19321227 
1.2174008 
0.4421561 
0.33563673 
-0.1339139 
-2.001257 
0.14049782 
1000.0 
-0.011481949 -0.0030518777 -10.030901 -6.778563 -6.4176645 1.5997375 -0.014197731 -6.1106234 -4.3022814 4.553793 -0.003123068 1.4590393 -6.8423963 -0.018460704 1.331773 -2.3228831 -4.9246936 1.7409697 5.222119 -2.7719674 
-2.007806 
0.0 
