1 20 1 1 
-0.8104425 0.47629276 -0.30039123 0.7748016 -0.10891764 -0.13843675 0.27905828 -1.648847 0.44360906 -0.0027845372 -0.94456065 -1.419169 0.93595964 -0.09849583 0.99569577 -1.1337773 0.34859142 -0.0282927 -0.11847068 0.558932 
0.11504039 
0.4683869 
0.3353657 
-0.26559615 
-10.988572 
0.14738205 
-3.7220008 
-0.06859689 
1.7860358 
-0.34829333 
-0.06848433 
-0.24502544 
0.52082914 
0.8451038 
0.21291478 
-0.040431555 
0.58384347 
-0.012022895 
12.581794 
0.3099224 
1000.0 
-0.015749376 -3.9436514 -0.0051427763 5.5971227 9.800182 -0.016694024 -8.365619 -0.017685385 -8.87894 5.765774 -0.017632563 -0.024434166 -3.9075415 -0.009757774 -4.765248 -0.011042705 -6.979715 -0.0020229835 9.29617 -4.1888533 
-5.917984 
0.0 
