1 20 1 1 
-0.42722243 -0.18287037 -0.2573199 0.10815208 -0.35410455 0.2105083 0.14955513 0.57895726 0.15716963 0.30435148 0.36165336 0.6943211 -0.21702985 -0.30160472 -0.5993103 -1.665053 0.78754973 -0.6711873 -0.42692128 -0.09920775 
0.19209258 
4.868496e-13 
7.363933 
-0.2556349 
-0.31492501 
-6.53996 
-2.0052795 
0.5685466 
2.7716053 
0.13362484 
0.33522916 
0.25550437 
1.4015893 
0.10541198 
-0.27681807 
-0.39116305 
0.4329933 
0.18022633 
-0.1967459 
-8.278228 
1000.0 
-0.019886427 -4.977242e-13 5.009309 -4.245737 -0.014201055 -8.199462 -8.308161 1.4873266 8.295675 -3.4404762 -3.670943 1.188492 1.4135789 -0.020167971 -0.020604054 -0.013864422 1.4212205 -0.019622715 -0.016384829 7.9074707 
1.7981125 
0.0 
