1 20 1 1 
0.2815327 0.43387234 -0.5063572 -0.45975336 0.4951292 -0.18630801 -0.9474911 -0.13010533 0.47275048 -1.4450288 1.3484228 0.7087995 -1.804909 -0.07266398 0.76153463 1.2295383 -0.18750964 0.83041066 0.6345831 -0.12590718 
-4.1745744 
1.8727821 
-0.066565566 
-0.015491352 
1.6654452 
0.21257816 
-2.6126783 
0.311165 
1.6266531 
-0.36113766 
-0.4367652 
0.2825468 
-2.3508203 
4.4905047 
0.19510952 
-0.42584345 
-1.9567734e-08 
0.38209438 
0.33072087 
0.22393624 
1000.0 
-9.952984 -6.4675817 -0.0013834119 -0.0007213534 -7.7749305 -0.0067377053 2.9973125 -0.01490998 -7.341219 -0.00089761324 6.485153 -6.9011855 2.59059 5.7904444 -7.0866523 6.484639 -2.0709559e-08 -6.748755 -6.563257 -0.01063603 
-6.477208 
0.0 
