1 20 1 1 
-0.07343033 -0.2438002 0.107796945 0.06444706 -0.7526712 1.2830404 0.7595766 0.19544102 -1.274115 0.76654416 -0.044379793 -0.18070748 0.22354324 -1.8225993 -0.022542913 0.11461646 -0.250436 -0.20234515 0.21271446 -0.49353033 
1.7151836e-08 
6.916661 
-0.20715553 
0.46613076 
-0.19867568 
0.17920034 
0.23571773 
-1.5060996 
-0.13813311 
0.33263192 
0.098742425 
-7.228106 
0.20978998 
0.10492147 
-0.14771369 
-0.021223137 
0.13092515 
2.85045 
-0.060735982 
-0.18544488 
1000.0 
-5.0426337e-08 5.449231 -4.2236094 4.420088 -0.0021578856 3.611054 3.8628516 -7.725379 -0.0012469781 4.011462 -0.01871085 7.0887694 3.9809525 -0.019093417 -0.010123394 -4.551146 -0.020404406 1.2318188 -5.4782243 -0.0028732806 
4.302783 
0.0 
