1 20 1 1 
-0.06404986 -0.39065376 -0.5138791 -0.29855537 -0.04385076 -0.0074831173 0.44078964 -0.20823479 0.22048068 -0.82459766 -0.25698248 0.943535 0.41498226 -0.23592037 -0.27639142 1.3540323 -0.76166105 -1.1418883 0.0064614485 0.23516211 
-5.2387495 
1.836199e-06 
0.00011361151 
0.10755693 
-0.022596868 
-1.0665124e-06 
1.8025545 
2.0508134 
-2.8576415 
0.29753622 
-2.939531e-09 
0.16867228 
1.5305942 
-0.013402206 
-0.15654247 
0.32785815 
1.8693724 
-3.6182855e-06 
2.3616881 
-5.0477095 
1000.0 
5.5608587 -2.5249478e-06 -5.711416e-05 -0.019317694 -0.0063719144 -4.519609e-05 -9.104332 6.2522616 -8.691774 -0.02334667 -2.958356e-08 -1.2157233 -8.744711 -0.0022077854 -0.0141015705 -0.8672247 1.8943636 -5.312358e-07 5.5557427 -9.185776 
-0.33102354 
0.0 
