1 20 1 1 
-0.7621208 -0.06489541 -1.5188379 0.18593736 0.0026460732 -0.9005379 -0.5434558 0.36809143 0.006827487 -0.3030557 0.008189105 0.37312937 -0.33589104 0.54067385 -1.4992547 -0.20020014 0.0016339715 -0.17795567 -0.2583882 0.13712808 
0.2217865 
7.1570787 
4.1125728e-07 
-1.4501624 
0.0013955178 
-0.19605578 
0.6127443 
2.1383233 
0.0044140224 
-0.2552865 
0.002492577 
2.2299743 
0.22448859 
-0.378742 
0.21151213 
-0.46442798 
0.0007527487 
-5.728209 
1.7080075 
-7.2949095 
1000.0 
-0.010362314 5.1605134 -4.176044e-07 -5.6173306 -0.45662785 -0.0059285187 0.67927426 -7.9362707 -1.0594677 -0.010634171 -0.9317583 -8.025913 -0.010411777 -1.0110123 -0.010164589 -0.012684986 -0.2348935 6.829993 1.8008057 -9.559923 
-1.2596908 
0.0 
