1 20 1 1 
-0.04399854 0.019750642 -0.19408497 -0.500929 -0.15685359 -1.5105512 -0.4891084 -0.78050655 -0.12835905 0.1482235 -0.5466744 -0.034131274 -0.22551295 -0.045408554 -0.46327037 0.28357032 -0.6283737 0.9915016 -0.49645966 -0.6157973 
-0.042531572 
2.788126 
0.21341138 
0.05367524 
-2.0575957 
2.694721 
0.07498934 
2.1824107 
-10.614094 
2.4927485 
0.046306524 
2.2062836e-09 
1.5187031 
-0.16920088 
2.7948382 
1.9213787 
0.063282214 
-1.467571 
0.20681837 
2.5537682 
1000.0 
-0.0066365968 12.246928 -0.04027784 -0.033302214 5.7817483 2.7087276 -0.035246663 2.2183437 11.6190405 13.364128 -0.03244073 -8.206617e-10 1.3074682 -0.029342111 2.806168 13.300433 -0.03426548 -9.90342 -0.040161755 2.5714295 
13.67117 
0.0 
