1 20 1 1 
0.42658702 0.63606167 -1.3337463 -0.264715 -0.15912403 -0.4624408 -0.38820934 0.83543754 -0.24777842 0.37475753 -0.38295612 -0.14017403 -0.33468583 0.06390534 -0.16319904 -1.4823873 -1.2462959 -0.25941923 0.19386725 -0.60990804 
0.27854246 
0.3918086 
-0.29401574 
-0.36470133 
-5.386092 
0.12549233 
-0.120284244 
0.49117154 
0.33696148 
1.2224479 
-0.20967405 
-0.22632001 
4.846976 
1.2203386 
-0.008193741 
0.1406896 
0.1845533 
0.71798736 
-3.4188292 
0.067687236 
1000.0 
0.6939934 0.82586396 -0.011703555 -0.015836563 6.31178 -0.008811041 -0.014109915 0.9122599 -0.0068485076 -5.341453 -0.015082263 5.124294 6.813747 -3.2510107 -0.0018141099 -0.00953454 -0.010097716 -0.0113010565 -7.663288 -0.005423326 
1.30252 
0.0 
