1 20 1 1 
-0.65738386 -0.8015608 -0.02974637 -0.34218252 -1.2388016 -1.1092339 -0.5084668 -1.2297251 0.48010483 0.00050799514 0.5708973 0.27938074 -0.27868876 -0.14912294 -0.28502628 -1.9866638 -0.85255426 0.61440516 -1.7216512 -0.39213806 
-0.2476593 
0.74780434 
-0.090227515 
-0.019769402 
-0.0002757717 
-0.030113231 
-0.1656579 
-2.623447e-06 
0.45604298 
-0.004199051 
0.59545773 
0.2742234 
-1.2926635e-05 
0.23636344 
0.7385345 
0.17498198 
-0.19077408 
0.56292826 
-0.11333968 
0.58878964 
1000.0 
-0.00030200873 0.93568593 -0.008613949 -0.00010888255 -0.00028998128 -0.001264738 -0.00045695153 -2.9198684e-06 -4.0027704 -0.24540095 -3.1900942 -2.7295892 -1.3473296e-05 0.26663196 0.96758676 -0.005739284 -0.00067081593 -3.2070389 -0.0010288878 0.6669753 
-1.869505 
0.0 
