1 20 1 1 
-0.7476611 0.61776686 -0.22202022 -0.71006894 -1.0167178 0.8723002 0.07658777 0.37020496 -0.13774581 -0.13675392 -1.2142013 -0.20542234 -1.5109785 0.43206453 -0.3432026 -0.99222064 -1.1827934 -1.0571353 -0.95677626 0.41702503 
-0.2092773 
0.41659036 
-0.23941389 
0.19025992 
3.0400214 
-1.345448 
1.4975909 
0.9975081 
-7.5791054 
-0.31789538 
3.3155684 
-0.014651261 
-0.39795104 
1.1249969 
-0.04618456 
2.6265798 
0.15899628 
-0.23842463 
0.23823112 
0.2930058 
1000.0 
-0.001005131 8.0748005 -0.00074279995 -0.0025582102 3.1730802 -8.703693 8.478785 8.932797 9.666025 -0.00111327 3.0491724 -0.0028124792 -0.0019526911 9.050857 -0.00060391007 2.6678824 -0.0004063698 -0.00065840135 -0.0038774698 7.216217 
9.221758 
0.0 
