1 20 1 1 
-0.0036645543 -0.33597407 -0.12007438 0.42469552 0.46749115 -0.88897747 -0.82593334 0.16617177 0.3883126 0.25313112 -1.1014414 -0.4662418 0.11684519 -0.24070074 -1.6510447 0.05548948 0.006926604 -1.48486 0.61031383 0.39769313 
-0.0124998 
0.11688619 
0.021189565 
0.9336107 
0.4732882 
-0.27335632 
0.08694306 
0.05561087 
1.0180827 
-4.0556364 
-0.098960266 
0.05670033 
0.1543212 
-0.3766256 
0.25843507 
-0.0025244001 
-0.02781391 
0.20071276 
0.29398862 
1.3983375 
1000.0 
-0.3498068 -0.015953446 -0.008125952 -9.001031 -3.8809876 -0.009456322 -0.014041451 -4.8898277 -8.15321 -10.119652 -0.006576017 -0.012646858 -5.7975593 -0.009065457 -0.01746901 -1.7091863 -2.410825 -0.01649843 -4.0985994 -8.027815 
-0.015137332 
0.0 
