1 20 1 1 
-0.17830002 1.0936763 -0.12722212 -0.24537334 0.6006458 0.006045558 0.5314499 -0.071841314 0.38373634 0.5386081 -0.6695953 -1.5571196 -1.1242787 -0.1474538 -1.8547878 0.7484254 -0.66973805 -0.0020685983 0.287244 0.2878302 
0.032938246 
0.19569574 
-3.0748065 
-0.09227731 
0.38492763 
0.38147926 
-0.56768274 
-0.24446584 
0.5349783 
-0.36893487 
3.369482 
0.04757939 
0.025109803 
-2.969018 
0.11037792 
0.3829568 
2.8135815 
-0.0133745 
-0.20351443 
1.4208938 
1000.0 
-0.018398046 4.259087 5.1178513 -0.0005796057 4.8595 3.7059977 -5.317388 2.8914273 5.020151 -5.389475 3.4589276 -0.016414816 -0.01864387 5.9427385 -0.022314606 4.883001 2.9650817 -0.00021628028 -2.8779652 -5.7146993 
5.4956193 
0.0 
