1 20 1 1 
0.014142189 -0.24286556 -0.043123584 -0.23698558 -0.4474641 -0.17797484 1.2737378 0.25681275 -0.33327174 -0.11000873 -0.18476094 -1.5351566 -1.1296654 -0.34543046 0.18919608 0.9960931 -0.22821581 -0.9210162 0.59300566 0.55833757 
1.5890211 
0.04181832 
0.2535812 
7.896502 
-0.14146765 
-8.05834 
0.5244527 
-1.0681332 
-0.058292095 
-0.00189526 
-0.10122386 
0.03810058 
0.068957925 
2.402708 
0.38468808 
0.091153696 
0.3176646 
-0.067291155 
0.095284 
-0.30640152 
1000.0 
6.3467264 -0.01000832 -0.016156685 4.617471 -0.00039062215 7.7393336 5.2518063 -7.865295 -0.0009458721 -0.00019057568 -0.00059761835 -0.00899573 -0.014266094 1.9506559 5.707078 4.305315 -0.017173523 -0.0008882745 4.5713496 -6.9599457 
5.359793 
0.0 
