1 20 1 1 
-0.40000603 -0.82002586 0.18099357 1.1531134 -0.52344835 0.79512155 0.39880723 -0.53813094 0.3834862 -0.8700115 0.37127784 -0.12184095 -0.350764 -0.48159754 -0.27271983 -0.83007425 -1.571508 1.0705738 1.3309603 0.69864607 
10.143497 
-0.33386153 
2.3030753 
0.581641 
0.074272394 
-0.40132165 
-1.5160367 
-0.16872686 
-2.3767698 
-0.038585577 
-2.4067073 
-12.114389 
-0.11587656 
-0.02477801 
0.1788104 
0.27034953 
-0.013971381 
0.61917025 
0.66396016 
-0.4624732 
1000.0 
7.190491 -0.013771673 8.860528 8.321061 -0.01889131 -10.025158 -8.205481 -0.012991347 -7.6913586 -0.0072040325 -8.888704 9.715738 -0.013287513 -0.0034615155 -0.023752747 -0.01973749 -0.0006256714 8.3585415 8.422374 -9.560044 
8.699994 
0.0 
