1 20 1 1 
-0.24559988 0.33196154 -0.0010477394 0.78651315 -0.25509393 -0.44127032 -0.49712384 -0.27966508 0.12738428 -0.065046415 -0.37734583 0.27380836 -0.7813757 -1.6971467 -1.4189329 -0.040696435 -0.58648545 -1.5172913 0.2741668 -0.03814459 
2.9414465 
1.5044096 
-0.00523908 
-0.18791637 
-4.6808443 
-0.09317099 
0.25515604 
1.067094e-09 
-0.14647532 
1.1211109e-07 
0.29178342 
0.93125594 
1.3803567 
-2.481077e-07 
-0.048723493 
2.2583115 
-1.9848903e-12 
0.18495351 
0.99139637 
1.3204713 
1000.0 
4.8657956 -6.626086 -0.37006307 -2.1078742 8.026292 -0.0031864296 -0.003676652 -9.259706e-09 -3.3150353 -6.2755623e-07 0.38645992 -5.4746804 0.99951464 -2.4830433e-07 -0.0009850753 5.993663 -1.6297175e-12 -0.0022086832 -5.4800506 5.03625 
1.7033738 
0.0 
