1 20 1 1 
-0.031497817 0.19573691 1.1837755 -0.20639959 0.17203906 -1.8564924 0.77192605 0.66820955 -0.10133144 -0.84494346 -0.44205678 0.78748983 1.5470111 -0.12317821 -1.5108039 0.31915054 -0.75771344 0.20557319 -0.055501588 -0.14909104 
-0.95066863 
0.9654427 
0.24928448 
1.0578215 
0.3638806 
1.03562 
-0.10628871 
0.4244697 
1.0976915 
-8.7435004e-10 
-0.1988271 
-0.11304011 
0.38413084 
1.8056151 
1.0579149 
0.06688199 
-0.16293699 
0.09350372 
1.1345e-08 
0.93671113 
1000.0 
5.2595677 -3.8334827 -3.341384 0.95085335 -3.3789113 0.9124841 2.867333 -3.216494 0.77681136 -1.9606805e-09 -0.0013271103 2.881683 -3.1954029 2.2398098 0.9510218 -4.5625744 -0.0018074064 -4.0587225 -1.310228e-08 0.7534226 
-2.957963 
0.0 
