1 20 1 1 
0.15174961 0.64160687 -0.9535156 0.44941592 -0.12499248 0.4253407 -1.9207252 -0.04011281 -0.9425622 -1.2673234 -0.95772034 -0.15664724 0.008384829 0.00861113 -0.8902108 0.37201342 -0.9186137 0.6634263 8.410365e-05 0.0015642943 
-2.5030332 
0.4325895 
0.16482604 
1.9970295 
-0.81889445 
-0.3410336 
-0.2639917 
-0.0324043 
-0.08673513 
0.019622346 
-0.18136403 
-0.013373615 
0.006305099 
0.020645907 
0.07270088 
1.4538914 
-0.110533476 
-0.2341093 
0.00011811438 
0.002334582 
1000.0 
-5.718356 0.96890527 -0.021868864 -8.998668 3.7029736 -4.2532754 -0.009160827 -0.0057986276 -0.007963077 -0.0164541 -0.009141689 -0.0034694166 -0.8798396 -1.140921 -0.022993293 -7.45064 -0.010650153 -6.6396575 -0.014571762 -0.23336563 
2.6732996 
0.0 
