1 20 1 1 
-0.13619022 -0.070209034 -0.4265665 0.31705335 -0.1628627 -1.488237 1.0075172 -1.796329 0.19728242 0.20570146 -0.16241838 -0.2781137 -1.4298615 -0.5180855 0.0143077625 0.4865099 0.35878187 -0.7382058 -1.0537156 -1.9267318 
-10.283888 
0.1595543 
4.6997986 
-1.823588 
-0.18954594 
1.2236159e-09 
0.51053 
-0.043785974 
0.2664081 
7.7345138 
0.0251789 
-0.29867226 
0.11691122 
0.028838417 
4.701595 
0.26991206 
-2.1864107 
0.027017156 
1.2066143 
0.04778617 
1000.0 
8.903618 -0.03506077 8.296643 -8.729824 -0.022938091 -1.251617e-09 4.2910347 -0.011642552 1.7352116 -10.341087 -0.028629126 -0.02546028 -0.033598445 -0.0293892 8.924511 3.3428595 -9.675512 -0.029018572 1.2812622 -0.032520514 
5.4925694 
0.0 
