1 20 1 1 
-0.2977514 -0.64748794 -1.0965033 -0.6073301 0.36052558 -1.2691978 0.23859698 0.33178595 0.0032254665 -0.054663382 -0.6441005 0.6309503 -1.9678487 0.12678327 0.35763052 -1.551771 -0.35472515 -0.7987789 -0.7474549 0.46997356 
-0.31380764 
0.011342844 
1.0999585e-05 
0.15878685 
1.1544795 
1.877404e-08 
-7.050758 
-0.15650478 
-0.0050332625 
0.17158154 
-1.0325484 
-0.07377439 
-0.10450075 
7.4503255 
0.11763493 
0.18213506 
-0.3160653 
0.1997496 
-0.0121621005 
3.9236314 
1000.0 
-0.0084436275 -0.0048626377 -1.6274404e-05 -0.015906764 -7.20233 -2.3606379e-08 -9.51051 -3.3147404 -0.70207894 -0.016400294 1.3528237 -2.851935 -0.0038489695 -6.4908566 0.23663056 -0.016765583 -0.008635884 -0.017305063 -0.002656582 -9.389492 
1.368547 
0.0 
