1 20 1 1 
0.039525986 0.01782272 -0.9526317 -1.2475024 -0.17399326 0.48719758 0.21661106 0.5644813 0.029785926 -0.2779156 -0.16934478 -0.58792216 -0.8122804 0.7837029 -0.38009804 -0.13576117 -0.042207345 -0.99091053 0.02936576 0.032153565 
-0.019531054 
-0.022100618 
0.11768051 
0.697436 
-1.6614848 
0.19308467 
3.353514 
1.5211254 
-0.011881578 
1.6830965e-08 
-0.040698145 
-0.07230795 
-0.1689048 
0.28187528 
1.170524 
-0.009956949 
0.062074024 
-0.006832089 
-0.008590914 
-0.0071343016 
1000.0 
-4.091518 -3.455853 -0.032437917 0.786107 5.0648575 -2.4478471 -11.349088 -9.996654 -3.7314498 -1.7412177e-07 -0.012164897 -0.015323825 -0.026684534 -2.2411444 7.3619323 -0.009181012 -0.03750293 -0.0256851 -3.367111 -3.5010886 
-0.778009 
0.0 
