1 20 1 1 
-0.77723354 -0.75804627 -0.8346071 -0.24514851 0.52094156 1.586048e-05 0.425403 -0.008495151 -0.65736556 0.03580902 -0.963623 -0.8304909 0.1669461 0.26413876 0.019991567 0.01842262 0.1546604 -0.3982764 0.048923604 -0.1688648 
0.00022574989 
2.9905695e-07 
-0.10142569 
-7.010853 
2.3436947 
-0.0018972807 
1.6819224 
-0.019083062 
0.0003975927 
-0.0017299016 
-0.00654741 
0.13671088 
1.5992637 
-0.30060008 
-0.008125763 
0.047677383 
-11.812539 
1.3756107 
0.007842193 
8.508639 
1000.0 
-0.00015315133 -3.7473208e-07 -0.017185139 9.570832 -11.715906 -0.20111743 -10.682704 -1.3875843 -0.029542109 -5.553445 -0.005306992 -0.03611883 -10.485612 3.0812902 -5.1127815 -5.541222 -12.465331 1.4011352 -5.1569567 8.310029 
-4.555096 
0.0 
