1 20 1 1 
0.311407 -0.18545859 -1.9100418 0.11557533 -0.38915655 -0.88062114 0.0029390508 0.63983405 -0.03412681 -0.6187875 -1.6784993 -0.13966054 -1.7886432 -0.8368142 -1.1148641 1.676131 0.11063442 0.15179536 0.6592122 0.12776491 
-6.534696 
14.486859 
-0.02805649 
-1.6671749 
3.5082104 
0.07925836 
-0.001711255 
0.56618094 
-0.05597711 
-0.009845917 
-0.12721886 
-14.545844 
-0.553821 
0.3007684 
0.014047421 
0.804289 
-1.3023694 
5.300387 
0.8670892 
-1.8869964 
1000.0 
-12.979083 10.072013 -0.01504553 -6.749296 7.588368 -0.032498915 -0.47128698 2.4895473 -0.015094963 -0.010998884 -0.022098681 12.305902 0.7139085 -0.03921176 -0.028344793 2.6988554 -6.615672 -11.569407 -2.6665688 -7.6021175 
3.465629 
0.0 
