1 20 1 1 
0.11556029 -1.6462559 -0.6472122 -0.27149114 -0.116021544 0.7087673 -0.71859384 -0.10265251 -0.076023415 0.12857343 -0.88443726 0.4025239 0.31342715 -0.24506855 0.36869323 0.41392463 -1.4129828 -0.13670622 -0.15496193 0.71555704 
-2.9690664 
-0.031943392 
0.21384694 
10.142443 
7.5757434e-06 
0.4379824 
0.048006743 
-0.08382484 
2.3075626e-12 
0.4998871 
-4.04011 
0.36111563 
0.27659014 
-11.214794 
1.7164673 
0.6477164 
0.02690299 
3.6100514 
6.167946 
0.41193262 
1000.0 
-8.046995 -0.0003618433 -0.04383867 5.044052 -7.980438e-05 -7.041092 -0.040665913 -0.010451311 -8.0251424e-11 -7.668535 4.3375764 -9.000172 -8.348135 9.612546 -10.564285 -5.5097904 -0.03917363 7.3260016 8.449164 -8.047481 
-4.261787 
0.0 
