1 20 1 1 
1.1703393 -1.3351856 -0.85272163 0.080165476 -0.22049002 -0.49806988 -1.130079 -1.3841429 -0.5723661 0.14436765 -0.10893441 0.19487777 0.08445397 -0.76115245 -0.17408834 -1.0832343 0.9513018 0.3671644 0.16199873 0.6152311 
0.28430182 
0.096400574 
1.3762249 
-0.21615723 
1.1699342 
-0.16815266 
-0.11700124 
1.4268235 
1.0079947 
-0.44949195 
-0.24253175 
3.2324808 
-0.16965638 
-0.11852697 
5.606327e-10 
0.14567067 
0.433702 
0.2905531 
1.6035088 
0.2812522 
1000.0 
-3.7719169 -0.0071080388 1.3531582 4.792131 1.4019451 -0.0055069188 -0.0017149418 1.448572 1.2533538 4.108313 -0.008007177 -9.244185 4.666117 -0.0020729105 -5.902278e-10 -0.009784641 -3.609455 -4.615065 -8.110153 -4.0134826 
-3.180197 
0.0 
