1 20 1 1 
0.4490491 0.0016203403 -0.57587475 -0.563418 -0.06623491 -0.84101224 0.10588056 -0.3268015 -1.389961 -0.17423765 -0.31814706 -1.5235223 0.67021817 -0.0009985929 7.998501e-05 0.47624686 -0.18924537 0.44776776 0.40057278 -0.2614288 
-0.41932127 
-0.0049527828 
0.98585296 
1.3767405 
2.5922477 
1.0808722 
-0.04755132 
-0.2055562 
0.44873238 
1.3987852 
-0.16039583 
0.4024113 
-0.49344313 
-0.010813499 
-0.0056808875 
-0.58530647 
9.744866 
3.237287 
1.8544279 
-11.094993 
1000.0 
-2.1136649 -0.30782172 0.97665644 1.4176856 7.096542 1.0813833 -1.3498099 -0.017162582 0.4256241 1.446673 -0.015665585 0.37911865 -3.7133574 -0.4798543 -0.41642052 -4.2814283 9.1646385 -9.185955 -8.779593 10.422621 
1.3697095 
0.0 
