1 20 1 1 
-1.0433081 -1.0633358 0.72228694 0.34531984 -0.00023561317 -1.4245145 -1.5719374 0.36487305 -0.5651361 -0.7225456 0.17356095 -1.498168 -0.074031614 0.693696 -0.11086747 -0.071120024 -0.8592038 0.498597 0.30046293 -0.02940359 
-0.19129905 
1.3118203e-08 
0.14275517 
0.8705262 
0.0020248177 
-0.06756687 
-0.19281717 
1.0650468 
0.16230695 
0.36148703 
-0.55019623 
0.23173681 
-0.0771673 
0.11578928 
4.562526e-08 
0.2824063 
1.0869337 
0.27260584 
1.1739807 
2.1711021e-05 
1000.0 
-0.0071641463 -1.25487825e-08 -3.508657 -6.890505 -0.23639183 -0.0009910347 -0.0074283495 -7.2808194 -0.022873815 0.5665133 -5.1825137 -0.021934869 -0.0010056719 -3.813969 -8.618743e-06 -0.022613581 1.404949 -2.7355807 -5.9914846 -2.2031834e-05 
-1.7341983 
0.0 
