1 20 1 1 
-0.3387415 -0.9298044 -0.13088767 -0.12758717 -1.1484666 0.51431596 -1.4373628 0.20427158 -0.7231885 -0.7438012 0.80757934 0.7206864 -0.63968635 -1.4565198 -0.60827464 -0.11144999 0.6636999 -0.18944383 -1.0299584 0.4456409 
-1.2762767 
-0.24794546 
-0.04135258 
0.038496066 
-0.042330064 
1.5120972 
-2.1909266 
-2.5325994 
-0.16447559 
0.13656062 
0.4988283 
0.51586735 
0.00014789606 
0.0001093362 
-0.046541855 
3.5102518 
0.5168528 
0.06839683 
2.3146781e-11 
0.41955078 
1000.0 
1.337736 -0.014075275 -0.009367309 -0.022311382 -0.008756167 -11.615044 2.229562 -9.132924 -0.012078561 -0.02879958 -9.422102 -7.952895 -0.00014689991 -4.3257813e-05 -0.006042036 9.010152 -8.119858 -0.026795125 -3.657908e-11 -6.8357644 
-24.992184 
0.0 
