1 20 1 1 
0.29737464 0.5155177 0.5997011 0.43888712 -1.4253792 -0.113283664 0.16324918 -0.43732074 -0.23737207 0.3971202 -0.3834416 -0.9161097 -1.5229255 -0.74675655 0.7957252 -0.95837224 -0.14854082 0.27414775 0.70367396 0.29328257 
1.4287951 
-0.93433326 
0.23682806 
-0.75037813 
-0.304542 
0.18209754 
0.7392179 
0.01655494 
-2.156296e-08 
2.4121008 
0.16514681 
1.8643309 
-0.118711926 
1.3720584 
0.39002073 
1.5919971 
-4.529819 
0.5635808 
-0.63787156 
0.917934 
1000.0 
-6.013617 -5.157062 5.4256287 -4.391695 -0.012341681 -0.022263044 5.952959 -0.012002295 -2.3329681e-08 -7.97608 -0.021871446 2.071591 -0.00821886 1.5464159 5.844061 1.7959625 5.857412 5.884907 -6.7780337 -5.9874697 
6.3951235 
0.0 
