1 20 1 1 
0.093260966 -0.64378625 0.069568455 0.0045578154 -1.9132397 -0.24009514 -0.1275061 0.31723526 0.46223584 0.45755297 -0.18096493 0.016340323 -0.5018151 -0.15655117 -0.41071704 -0.9409311 -0.32567087 0.422647 0.0017630785 -0.014577071 
0.9129974 
-0.16845709 
0.12672013 
-0.0060538854 
5.1418065e-06 
-0.33912182 
-0.018378953 
-2.3179193 
1.4369831 
1.5634766 
0.72436696 
-0.014886023 
5.1645177e-08 
-1.6249332 
3.2905738e-12 
-0.050265994 
-0.21209109 
1.3846588 
-0.0020362027 
-0.15899748 
1000.0 
-5.615454 -0.0119212475 -4.207832 -0.5013247 -1.1708794e-05 -0.012669992 -0.006534471 -9.715712 -9.226731 -9.131054 3.2937288 -1.9384576 -7.208842e-08 1.506496 -3.3212155e-12 -0.0075865234 -0.012460081 -8.435345 -0.3324348 -0.00076855737 
0.059978705 
0.0 
