1 20 1 1 
0.08344999 0.48172772 -0.8430458 0.44500667 0.32840854 0.723523 0.0031876117 0.00920728 -0.023346398 -0.09032167 0.30909732 -0.53607434 0.15321286 -1.4318702 0.38078856 -0.99684954 -0.13666524 0.4631488 4.2685544e-05 -0.12189768 
-1.555077 
0.14238514 
1.2363505e-06 
0.09882996 
0.30222708 
-0.14259507 
-0.0074520125 
-0.010898926 
6.8286987e-10 
-0.20626085 
1.3948389 
1.2482329e-10 
-0.45498994 
2.4786586e-09 
1.6639544 
-0.01476719 
0.048619427 
0.108268835 
-0.0007189052 
-1.2119652 
1000.0 
-4.9430676 0.21547534 -2.1582769e-06 -0.07089157 0.6800313 -1.4847791 -0.80931216 -1.5708773 -1.241583e-09 -0.01260632 -6.187064 -2.6012859e-10 -4.5394473 -6.1206102e-09 -7.619272 -0.008995286 -0.0057549467 -0.0021347506 -0.033724856 1.1500951 
1.1472095 
0.0 
