1 20 1 1 
0.28103048 0.50347924 -1.2650025 -0.19069298 -0.661647 0.34362164 -0.14408661 1.2634343 -0.53636336 -0.8283287 -0.14410953 -0.45887727 -0.10465806 0.25469744 0.24037422 -0.63070935 -0.43935695 0.019034263 0.22042401 0.26796916 
0.39662454 
-0.45880303 
0.015616096 
-0.9110742 
-0.1781356 
1.9945331 
0.6572645 
0.27597088 
0.11034902 
-0.002560226 
-9.189853 
-0.010582703 
8.6728735 
0.5963387 
0.5784148 
-0.021285636 
-0.10271559 
0.06252443 
0.5720524 
0.7275028 
1000.0 
-6.821586 5.042003 -0.01388858 1.0899292 -0.010095427 -6.8415785 -0.017561976 -5.8254147 -0.02331572 -0.0015056897 5.587492 -0.0001288071 6.913435 -6.1169133 -5.8625617 -0.0055954494 -0.007173325 -2.3135037 -5.4525404 -6.120928 
-5.307657 
0.0 
