1 20 1 1 
0.046538282 0.023274055 0.048507657 1.5703411 0.37837774 -0.1467851 -0.6771874 0.2946118 -1.6518695 0.31531677 -1.6720355 -1.3800356 -0.92487234 0.26298288 -0.92121464 -0.027911354 -0.3833772 -1.8135397 -1.148921 -0.97220856 
4.3126235 
5.383505 
-15.593874 
0.21875873 
0.9633718 
2.8098177e-07 
-0.56740236 
0.43811354 
2.426092e-07 
1.0740962 
-0.24864645 
-0.13611226 
0.22660644 
0.4855623 
0.07580132 
0.2038511 
3.2162595e-07 
0.15897259 
-1.1770207e-10 
-0.010062679 
1000.0 
-5.752237 -5.0439606 -8.634847 -1.2414836 -7.061775 -6.005717e-07 0.67701787 -5.819923 -4.0091174e-07 -5.719764 -0.0010320912 -0.00025621263 -0.022944398 -5.185944 -0.0155895315 -0.022409419 -6.7411224e-07 -0.020997781 -2.0868496e-10 -0.0013333651 
0.3858089 
0.0 
