1 20 1 1 
-1.0788256 -0.58630615 -0.025558636 -1.5698228 1.7197819 0.16558842 -0.2071649 -0.6937776 0.343014 0.22393787 -0.24191181 -1.1294806 -1.3038012 -1.5094624 0.35213512 0.5408315 0.3755394 -1.6344525 0.16239601 -0.015972259 
0.12873292 
0.11265159 
-0.15323223 
0.53539115 
0.34651175 
-3.5221508 
0.36514178 
-0.22550006 
0.8711417 
0.5217909 
1.2854892 
-0.36241108 
-0.004379831 
1.0446558 
1.3885901 
0.1605047 
0.7528655 
-0.3245195 
0.2608071 
-0.1617908 
1000.0 
-0.0055725146 -0.0046495376 -0.00075977395 0.5916336 -5.3504167 -6.6105146 -0.009117372 -0.0015585322 -7.634472 -6.152642 1.3732398 -0.0018360378 -0.004425632 1.2759999 -7.2269297 -6.1224337 -8.444351 -0.00165941 -4.848002 -0.04256233 
-3.4147778 
0.0 
