1 20 1 1 
0.07159187 -1.7648541 0.32079086 -1.3626008 -0.6573902 -1.0716553 -0.08800971 -0.23127855 -0.7148813 0.005580622 -0.281496 -0.06785549 -0.048390694 0.41063565 0.16054246 0.43976074 -0.008209285 -0.12983266 0.74215794 -0.46742815 
4.722517 
2.0199604 
1.0445131 
0.21243612 
1.7600179e-06 
0.06368332 
-8.838196 
1.0314058e-06 
1.0484208e-07 
0.016381575 
6.709267e-07 
8.645079 
2.4881608e-08 
-0.28752384 
-2.3369522 
2.4716918 
-0.13504013 
0.03080087 
0.27843463 
-0.27744806 
1000.0 
-4.380727 2.0600233 -7.3534956 -0.021036439 -2.3294122e-06 -0.021431152 7.032588 -1.45207e-06 -1.544192e-07 -1.1188165 -1.0014791e-06 6.3917136 -3.6205066e-08 -4.1107597 -7.4748807 -8.846421 -0.06472387 -0.01677522 1.3863565 -0.0007396498 
2.3777604 
0.0 
