1 20 1 1 
0.74070877 0.32233015 1.2560318 -1.59703 0.36984706 -0.5248063 -0.32057774 0.5949741 0.7069537 0.7787471 -0.95576316 -0.12737316 0.7293998 1.0217749 -0.58109796 -1.022623 -1.0811735 -1.017416 -0.41213712 0.66962373 
2.4636874 
-2.3713076 
-0.66025925 
0.09934846 
0.47022775 
-0.39404282 
-4.162318 
1.004962 
0.87722385 
0.3840915 
-4.5312576 
9.809384 
0.39999837 
0.4927951 
0.15704781 
-0.1725718 
0.082403 
0.03107078 
-0.14420135 
-0.99762166 
1000.0 
-7.9853063 10.125458 8.383428 -0.022515317 -5.0753736 -0.0075453483 5.3311057 -6.821014 -8.017259 -9.494852 4.7687173 9.3506565 -8.938433 -11.639339 -0.024408702 -0.006786077 -0.021617467 -0.0191766 -0.005465804 8.921866 
-9.465237 
0.0 
