1 20 1 1 
-0.29802176 -0.34052965 0.32041693 -0.75125635 -0.6681329 -0.673731 0.6134216 -1.239342 -0.3110282 0.5058244 -1.2436851 -0.33030918 0.70242906 0.5990571 -0.7145739 -1.4061452 -0.060715158 -0.17403714 -0.916372 -1.3348228 
-0.35417807 
-0.37153426 
0.8873743 
0.4234062 
-0.18553467 
-0.2553411 
0.60197407 
0.670135 
0.31830084 
0.13061509 
0.36947235 
0.6495847 
0.3483535 
0.61425346 
0.21357657 
0.070124894 
0.09002187 
0.090097114 
0.306101 
-5.0799514e-05 
1000.0 
-0.0020647468 -0.0010465538 -6.327231 0.53495973 -0.00095793465 -0.0019245837 -3.601843 0.81288004 -0.00824966 -1.8397225 -0.009119102 0.75622946 -4.281776 -3.5647256 -0.008231486 -0.0068981987 -0.007036857 -0.0070491354 0.37150863 -5.7319336e-05 
-1.3736267 
0.0 
