1 20 1 1 
-1.2016886 0.6568702 0.20278054 -1.0878229 -0.14965758 1.400724 -0.3508536 0.6450007 0.736896 -1.6173801 -0.15353256 -1.2121584 -0.83995575 -0.85934114 0.97545815 -0.100379206 -0.2648658 -0.23409057 0.4178656 0.9509877 
-0.17459431 
1.1341026 
-3.6579003 
-0.015064962 
0.028207986 
-2.1592162 
-0.029383136 
2.2569299 
2.5053923 
0.21296117 
-0.0561683 
0.10813644 
-3.6691196 
-5.2967553 
0.73305774 
10.7796755 
-0.18785809 
-0.017187102 
0.96826327 
0.7562049 
1000.0 
-0.0068108947 -7.3921275 -8.073026 -0.002636544 -0.01482222 14.466131 -0.00019234967 -8.883928 -10.622306 -0.022146069 -0.0011688087 -0.021243885 3.9730072 5.3199677 -10.422859 8.441645 -0.006217227 -0.00027421067 -6.0404763 -10.083053 
-17.03731 
0.0 
