1 20 1 1 
0.16738033 -1.547702 0.17471696 0.12894079 0.15250182 0.00020111947 -0.9511301 -0.77440464 -1.0023133 -0.9368338 -0.5521747 -1.2057475 0.4161871 -0.13363467 0.73014724 -0.3815903 0.39538825 -0.79477334 -0.054438647 0.26341838 
-0.21335618 
0.8136284 
-0.12649782 
5.7126784 
-3.7448788 
-8.3940584e-05 
-0.15580946 
-0.03901865 
-1.6342365e-05 
0.8715247 
0.75332177 
0.62545663 
1.7664896 
-1.5604428 
0.06870286 
7.2475814e-08 
2.1245048 
0.4394392 
0.077027895 
-0.37781784 
1000.0 
-1.6840664 0.9631384 -1.7630969 -7.6927896 -6.988244 -0.032565095 -0.017261155 -0.009563596 -2.3776047e-05 0.9331936 0.8747403 0.70807505 -8.291843 4.0943484 2.1261423 -9.045688e-08 -7.8764944 0.38217655 2.091523 -2.641069 
3.2162247 
0.0 
