1 20 1 1 
-0.11763694 -0.17404923 -0.40300226 0.7898597 0.25775224 -0.67331165 -0.6007825 0.47903362 -1.0188237 -0.06305869 -0.17458971 0.85218763 0.38481385 -0.6177402 -0.115347564 -0.6361556 -0.51900274 -0.2672463 -0.3546341 -1.1643019 
-0.15040247 
0.8616891 
-0.013821748 
0.6057188 
0.28941852 
0.6656646 
-0.34518358 
0.12768795 
-0.003782586 
-0.005632441 
0.14613107 
0.3877992 
0.20916882 
-0.08139499 
0.7960346 
-0.21954025 
-0.000158071 
-0.30345798 
0.67017007 
0.63378835 
1000.0 
-0.0007979724 0.5025332 -0.016395917 -2.3000834 -2.5436103 0.53241605 -0.00025691165 -3.2930617 -0.0044337558 -0.0068624853 0.17594142 -2.5668275 -3.081153 -0.0011126181 0.5033797 -0.00057317823 -0.00018907222 -0.00022254948 0.5291922 0.59861934 
-1.9466535 
0.0 
