1 20 1 1 
0.27543694 1.1340492 -0.27574798 -0.7145374 -0.87853366 0.23792106 -0.71311575 -0.02721877 -0.08667504 0.30159158 0.2509701 1.5041013 0.45221263 -0.48435435 0.3596219 -0.79669195 0.41743284 -0.060366996 1.4061338 -0.3640057 
0.67273176 
0.36854044 
-0.27177048 
-0.2051624 
0.6739781 
0.9091517 
-0.046442933 
4.0505053e-09 
0.6315747 
-0.105307214 
-0.28232437 
0.12467113 
0.09977491 
1.3820555 
0.05522588 
0.57829523 
0.16545367 
-0.007971331 
0.19599482 
1.3835971 
1000.0 
-5.425893 -2.7573514 -0.0029254064 -0.002004494 0.87516505 -4.6792502 -0.0009074828 -1.7657742e-09 0.23197216 3.36975 3.1790714 -3.0612862 -3.4761128 0.98862123 -4.086785 0.7353499 -3.2058141 -0.008608215 -2.8904338 0.9276759 
-2.55972 
0.0 
