1 20 1 1 
0.0034717044 -0.42944577 -0.43032655 -0.060996052 -0.12163092 -0.51483935 -0.21071303 -0.3291107 -0.32295725 -0.397228 -0.412901 -0.13287511 0.63883114 -1.6848224 0.21689118 -0.4598772 1.5631437 -0.0036303385 1.1234237 0.31936243 
0.0030781943 
0.13879505 
0.016552476 
-2.4606357e-05 
-9.87599 
-0.04284207 
-0.0004989246 
4.5405703 
0.10495182 
0.0323555 
-0.055870328 
6.9485736 
0.5284815 
0.038142934 
8.533478 
2.8225083 
0.5955331 
-0.008585288 
0.6528365 
-10.134362 
1000.0 
-0.9385941 -0.041316755 -0.0087854145 -9.549368e-05 9.502632 -0.02263361 -0.0007407292 8.047314 -0.040258206 -0.039733116 -0.024829134 6.2988267 1.8061724 -0.040609937 -10.817639 2.8694754 1.0819823 -1.0480132 1.7701545 -12.823423 
2.7072194 
0.0 
