1 20 1 1 
-1.9330981 -0.10920222 0.6732851 -0.35443214 0.10698623 -0.6770298 -1.8306645 -0.8237224 0.8713127 -0.6857737 0.14719848 0.077558525 0.37342644 -0.3857798 0.61286473 -0.9967818 -0.44097364 0.5012029 0.37877765 -0.94918066 
-0.29033512 
-0.14432377 
1.7759106 
-0.15565422 
-0.91704136 
0.07420356 
-0.126952 
0.88443327 
0.20931835 
0.08302948 
-1.5982803 
2.5792515 
0.18250345 
0.21852858 
0.17445831 
-0.05379093 
-0.20607604 
-0.06440357 
0.08912696 
0.035443522 
1000.0 
-0.004782352 -0.0051566116 -13.338129 -0.006316392 -4.351889 -0.011504125 -0.005833569 1.2084539 -3.8821628 -0.012617831 -5.9631147 -4.0378585 -3.4982069 -0.016606273 -4.082359 -0.0034280303 -0.0060795355 -0.24306412 -5.63439 -0.0073855207 
-1.0727288 
0.0 
