1 20 1 1 
-0.6844234 -0.7814546 0.3300249 0.9400415 0.109307855 -0.18424338 0.34090966 0.39302516 -0.112840444 -1.2841634 -1.2459058 -0.9371282 -0.5363888 -0.10766539 0.39805675 -1.0870041 -0.17909916 0.12204911 0.41499233 -0.18464684 
-2.4103772e-10 
-1.541045e-13 
0.5638373 
0.3410568 
-4.984375 
-6.3243794 
1.8175697 
-0.2133617 
7.2961082 
-1.0904619e-05 
1.9302384 
0.17938055 
0.17583767 
-0.50557935 
0.14130697 
-1.9176909e-05 
-0.02894146 
-9.5380125 
1.6306654 
0.16062406 
1000.0 
-4.3203227e-10 -1.688814e-13 -8.675591 -7.0821133 -8.29495 6.456537 -7.6096773 3.9959095 6.217869 -1.0910011e-05 1.9358907 -0.027219273 -0.027169043 3.1388993 -8.10579 -1.9083733e-05 3.1515682 -9.2495165 -9.216993 -0.026932344 
-5.707833 
0.0 
