1 20 1 1 
0.4327721 0.016420474 -0.5465408 -0.13953893 0.18615247 0.12123168 -0.21090767 0.84349877 -0.2518067 0.8186992 0.13109888 -0.89521855 0.19772962 -0.17227682 0.004624962 0.0060065975 -0.21539953 -1.791868 0.38272184 0.68844205 
1.4477088 
-0.29872596 
-3.5732487e-08 
15.030583 
0.024580747 
1.0241647 
-13.276709 
-0.33930975 
0.8169251 
0.09196352 
2.051013 
0.44577664 
0.83603257 
-0.23627353 
0.0029225466 
0.0029832467 
0.80503523 
0.80041915 
2.126724 
-0.34515646 
1000.0 
-8.610718 3.87659 -2.3697927e-08 10.13718 -3.6142285 -4.8723736 11.175972 2.8511012 0.7859884 -3.363848 -5.2625046 0.3877792 -3.9112349 -0.0028946674 -0.71659684 -0.7418551 0.7537015 0.74825656 -7.313153 2.8889537 
-2.8819206 
0.0 
