1 20 1 1 
0.20541546 -0.78800887 0.47039363 -0.689001 -0.25749886 0.35627234 -0.029743444 -0.053925492 1.4190897 -1.0023054 -0.63420635 0.9466863 -0.7540541 -1.1092689 0.2539749 0.29966307 -0.08904244 -0.6222992 0.28017643 -0.024018433 
-5.0867286 
-0.113110736 
0.17732053 
-0.25912735 
1.3693806 
-0.3196342 
-0.2330604 
5.5645914 
0.35657212 
2.827549 
-0.3128166 
-0.18910758 
7.160937e-08 
-0.010812255 
5.9128175 
0.70858663 
-10.355639 
0.025341423 
0.8747841 
3.7512412 
1000.0 
-8.220398 -0.00019182425 1.2633096 -0.001574145 1.411611 -3.5622027 -0.005797 6.114835 1.9080387 3.0130055 -0.0021242145 -4.7089853 -3.4211743e-07 -0.0017362792 -12.80709 -7.1562653 7.367168 -0.0159168 -6.561598 7.3682666 
3.2697823 
0.0 
