1 20 1 1 
1.0176433 0.45134377 0.45197406 -0.2168003 -1.1033556 -0.73376393 0.06778621 -0.19930817 0.42094797 -1.1953559 -0.3192772 -0.00017573591 -0.027062591 -0.033842012 0.5329704 0.46943414 0.6633954 -0.26215562 -0.37350082 -1.058675 
0.5474406 
0.43979 
0.28686535 
0.1802782 
0.14147851 
1.3799644 
-0.22496212 
0.20364295 
0.3164548 
-0.30094346 
-0.14356795 
-0.0030296333 
-0.0021338616 
0.5257271 
-0.21334752 
0.1813309 
0.3240769 
0.031221379 
-1.159603e-10 
0.29141435 
1000.0 
-3.005178 -3.2213757 -4.5083103 -0.021037862 -0.019859673 1.6870011 2.5218475 -0.021566292 -4.197752 -0.014995292 -0.009797139 -0.22558671 -0.0011979981 2.7063284 2.354794 -4.684479 -3.3704567 -0.013830993 -9.0565385e-12 -0.019647246 
-2.6780648 
0.0 
