1 20 1 1 
0.1913741 -0.5600998 -1.5336074 1.3524293 -1.1420306 -0.06338997 0.7925231 0.17139868 -1.5547327 -0.13436095 1.156517 -1.4969578 -0.4466708 -0.11874276 -0.4621198 -0.76704854 -0.9663444 0.5883999 -1.592556 0.18974677 
0.32401973 
0.13919978 
1.1995379 
0.2085104 
-0.31879872 
-0.09616894 
0.23781395 
0.22742374 
1.2020974 
0.21357942 
0.4995154 
-0.011070506 
0.18550025 
-0.25818488 
-0.073450945 
0.7678755 
0.0004862541 
-0.19455108 
-0.00996739 
0.6308406 
1000.0 
-3.7821624 -0.0008122645 0.8449771 -2.9400015 -0.002091913 -0.00072323444 -2.8893254 -3.3752878 0.8559726 -0.004983791 -2.625205 -0.0033303988 -0.0042994106 -0.0010152713 -0.00067200797 1.0599955 0.00058003544 2.33361 -0.002342899 -3.7529483 
-2.4046595 
0.0 
