1 20 1 1 
-0.71501994 0.40875426 -0.10626382 0.8913983 -1.0865866 -0.43981814 -0.82364875 -1.2903576 -1.5581188 -1.434169 -0.022863146 -0.14651011 -0.28576773 0.2685812 -0.2904174 0.38954583 0.34396964 -0.5905831 0.15040909 -0.805138 
-0.090302244 
0.39578485 
-0.18368058 
0.31822693 
-0.007326986 
0.13238469 
-0.09515415 
0.16667365 
0.15635478 
0.04888625 
0.20430106 
-3.5246326e-06 
0.0863651 
0.16191486 
0.60312974 
1.1050861 
1.4196833 
0.002351473 
-1.5954214 
-0.28929532 
1000.0 
-0.00018823163 -2.0605266 -0.00094061875 -2.6393988 -0.00085053546 -0.016967019 -0.00021114205 -0.016626704 0.15897942 -0.011498196 -0.017972752 -1.3672275e-06 -0.014923974 -5.3861012 0.80255413 -7.7926865 -6.880867 -0.0010940884 -5.285354 -0.0017838532 
-0.50856185 
0.0 
