1 20 1 1 
-0.9097333 0.5409248 1.4834781 -1.3273635 -1.7420733 0.17401874 -0.8307833 -1.1580477 -0.31296113 0.42184716 0.04380853 0.28228813 0.17376594 -1.2023232 0.050701387 -0.79495037 0.2123147 0.12868325 -0.7653483 -0.7797656 
-1.5663977e-08 
-0.3504607 
0.2968721 
0.33162585 
-0.23843902 
-0.104577795 
-0.20809114 
0.2852828 
-3.3228666e-06 
3.3119242 
0.019583538 
-0.12519693 
-2.4851341 
0.8875557 
0.009395876 
0.7306151 
0.5453749 
0.07378301 
-0.04839427 
0.24331926 
1000.0 
-1.7657715e-08 1.2298025 -1.40526 0.26960754 -0.012596118 1.2407379 -0.0112265665 0.2209442 -3.692644e-06 -8.433696 -2.17651 1.1819791 -6.387464 1.0288025 -2.4500115 0.93654996 -4.2459064 -2.5826743 -0.0034835492 0.17851013 
-1.072657 
0.0 
