1 20 1 1 
-0.19541273 -1.8229885 0.25265798 -0.9469875 -0.9315988 -0.7361988 -0.9584214 -0.06596 0.0028887754 9.465404e-05 -0.34900403 0.45235667 -0.1486615 0.3437813 0.006181825 0.12651777 -0.75802886 0.15109572 0.3270413 -0.67051595 
-6.942563 
0.020291628 
0.13324635 
-2.1623821 
0.15962683 
-0.16997829 
-0.022243269 
4.3967233 
-0.0034358886 
-0.009500697 
3.9940166 
2.251694 
1.2097723e-09 
-0.27679676 
-0.0070511797 
-0.18902265 
-3.0072875e-09 
3.9214966 
0.043130107 
-0.76199234 
1000.0 
7.465513 -0.012932686 -5.335823 2.3656921 -0.02070063 -0.012228085 -6.818582e-05 6.7663875 -0.5101743 -1.2050848 6.8760514 -8.963456 -1.3629196e-09 -6.8840303 -1.1351869 -5.0956655 -3.083103e-09 -7.5074663 -1.4645108 1.0518649 
0.4635601 
0.0 
