1 20 1 1 
-0.71848226 -1.5188496 -0.5905606 -0.117670685 -0.7726882 0.7819277 -0.029053284 -0.12968455 -0.07657109 -0.3613908 0.67981803 0.45740286 -1.8411145 0.51803434 0.03674857 0.5282826 -0.061661746 -1.324707 0.7281102 -0.8550778 
-0.3111463 
-1.8526695 
-0.25657147 
-0.16607608 
-0.52131 
-0.22214958 
0.13676895 
-4.7728854e-06 
3.8358045 
0.24650496 
0.31944746 
0.24989007 
-0.9310638 
0.5295919 
-1.1353387 
1.2858324 
-0.03965189 
0.16443408 
0.40336302 
-0.04598068 
1000.0 
-0.0026428485 1.9110999 -0.003114398 -0.0019721496 0.67389023 3.1812105 -0.011118163 -2.2240713e-06 4.2196026 -0.014013036 -6.7872148 -4.5644536 1.1087961 -5.1668777 5.018518 -5.2681246 -0.0006561272 -0.012132538 -6.1247783 -0.00039362835 
-4.839436 
0.0 
