1 20 1 1 
-0.053581502 0.01496588 0.7862264 0.3217167 0.68777156 0.2628776 0.6067372 -0.17673904 0.007370438 -0.71922475 0.6157792 0.27949902 -0.36121228 -0.22401643 -0.6822674 0.20671678 -0.27616033 0.24112353 -0.11677205 0.2258658 
0.72029936 
-0.0253108 
0.30665657 
0.71162206 
0.38805676 
0.26927555 
-0.099407256 
0.22001474 
-0.004547686 
1.5105985 
0.2717776 
1.2091205 
0.17871605 
1.0804744 
-0.039782282 
10.425448 
2.6347384 
0.45114613 
-4.788365 
-7.6532655 
1000.0 
4.749356 -1.9409633 -1.4715374 -6.4631824 -1.3402294 -1.3589768 0.21407312 -0.028398793 -1.1759038 1.64408 -1.5043336 -5.614981 -0.027653923 0.5887803 -0.0123871695 -10.872636 5.3770804 -4.8611116 4.147142 -9.024131 
-0.8605244 
0.0 
