1 20 1 1 
0.66891056 1.4538585 -0.29365483 0.26968437 -0.7818248 1.6039704 0.27732658 -0.015003407 -1.844173 -1.5226821 0.9949147 1.12717 1.5608511 -0.1342535 -0.8242842 1.0129489 -0.23578207 -0.7041284 -0.3639511 -0.82529664 
-0.14369218 
0.3351231 
-0.065888226 
-0.6860474 
-0.07699844 
0.21734914 
1.068363 
0.21073347 
-2.7678352e-06 
-1.0141913 
-0.34221944 
-0.16619797 
0.4149216 
4.8434424 
0.13224338 
0.48405665 
-0.6590712 
0.08509313 
-1.6640944e-06 
0.0030780304 
1000.0 
4.744058 -4.5576415 -0.000960526 4.873497 -0.0013372713 -4.8633804 -5.5071335 -0.008285296 -1.8712086e-07 1.2689803 4.3668427 4.348289 -4.4303417 2.5144591 -0.00637761 -4.4739385 0.89927447 -0.0031216296 -1.3421749e-06 -0.040243536 
-4.050679 
0.0 
