1 20 1 1 
-0.47830617 -1.0515281 -0.068782 -1.068996 -1.502251 0.26391405 -0.14667854 -0.14120807 -1.4939266 -0.97185355 -0.062930636 -0.49245524 -1.6353292 0.4810184 -1.1911643 1.0894694 0.34434497 -0.24688876 0.24124652 -0.655093 
0.08513562 
1.0189883 
3.4012759 
-0.100795105 
-0.022655606 
1.9898584 
-6.526622 
0.8057187 
0.1587097 
-0.022154808 
2.6406407 
-0.32512435 
-0.14219916 
0.36388403 
-0.26930165 
0.20088777 
-0.17804007 
1.6165564 
2.1012797 
0.70671827 
1000.0 
-0.013984296 1.1503842 4.6032853 -0.0014654832 -0.0023417913 -7.943811 6.695471 0.87207407 -0.017129477 -0.0033010233 6.2931666 -0.0038876564 -0.0023725065 3.222887 -0.0034632576 2.5133085 -3.3843222 1.9025621 -6.943426 0.75281936 
4.3135567 
0.0 
