1 20 1 1 
-1.5364218 0.06282894 -0.22692734 -0.45581958 -1.415555 -1.0673496 -1.5251853 -0.008466566 0.93677074 -0.15466729 -0.28221452 0.004772237 -1.6573932 -0.0017551335 -0.038559373 1.2782146 -0.8602188 -1.059371 0.0047968826 -0.032441955 
0.00020965282 
-0.0040665693 
0.020444425 
-0.52203417 
0.001010209 
-0.16803819 
0.07327534 
-0.10552895 
-0.7861314 
0.025831938 
-0.15868539 
-0.001965936 
0.057984512 
-0.02602046 
-0.2910923 
0.99754405 
0.051875025 
-0.22583538 
-0.032279328 
-0.060384944 
1000.0 
-0.00023546784 -10.6328745 -0.42798567 16.556473 -0.0010981297 -0.3232467 -0.1306308 -8.186468 -37.455284 -0.39230314 -0.24313879 -0.8646754 -0.326543 -3.431647 -0.113916144 -19.81543 -0.1702641 -0.30830985 -2.2029676 -3.0175574 
7.5378485 
0.0 
