1 20 1 1 
-0.0073130517 -0.10055791 0.20587653 -0.7362903 0.42682213 -1.2672582 -0.07620731 -1.9942354 0.29960012 0.4206156 -1.143974 -1.2519592 0.8338407 -0.81726766 -0.5033901 -0.5525558 -0.31685743 0.41499466 -0.49612948 0.7592249 
-0.12950066 
-4.5336227 
-4.196552 
-0.5063079 
1.8978193 
-0.41945007 
5.179309 
0.015140449 
0.4558881 
0.47000626 
0.17035195 
-0.1027129 
0.22886814 
-0.35093313 
1.5900128e-09 
-0.001232268 
0.0705871 
0.2896266 
-0.4228055 
0.1425349 
1000.0 
-0.07664472 6.712292 -7.4685755 0.544176 -7.692625 0.4502857 6.8750396 -0.010501011 -5.9025774 -4.270048 -0.022029063 -0.0046355883 -5.011213 0.3740374 -1.5875915e-09 -0.0024235144 -0.017517192 -4.3693943 -0.016887786 -6.4377375 
-4.6024423 
0.0 
