1 20 1 1 
0.20654619 -0.83941185 -0.33566132 0.46776173 -1.458018 -1.1918204 0.9180028 0.9536174 -0.14940776 0.9716917 -0.8176888 -1.5807933 -0.44174662 -0.07227681 0.3094339 0.8112782 0.2589618 -1.0163715 -0.80022585 0.82619405 
-0.21970324 
-0.34025392 
-0.24720375 
-0.3073021 
2.2889285 
-0.29803708 
0.4968468 
0.33347803 
0.0952405 
-0.11760397 
-0.3412295 
0.061900567 
-0.32974806 
0.03207198 
0.32901144 
0.6905719 
-3.5905483 
0.33584276 
0.33935532 
0.29389846 
1000.0 
3.974718 -0.015354377 -0.024344029 4.026275 2.5355072 -0.025801156 -3.280037 -4.2550545 -0.012070223 3.4832776 -0.015970977 -0.013017105 -0.015245116 -0.010570483 -2.1394928 -3.4206784 -10.3447275 -0.017170059 0.34362483 -3.403953 
-3.402419 
0.0 
