1 20 1 1 
0.13486056 -0.11566559 0.24705741 -0.06274677 0.22087479 0.22747287 0.35746473 0.3824228 0.19150226 -0.55957043 -0.020395339 -0.9070793 -0.4529466 -0.4113584 -0.6830203 -0.15053867 -1.0815719 -0.06964048 -0.03701 -0.9890581 
0.17591548 
2.948647 
-0.28229782 
0.7619048 
0.13019723 
0.16477741 
2.4996827 
-0.42874 
-0.11414189 
0.23932867 
-0.060447924 
0.27516603 
2.8761356 
-0.16317807 
0.021548368 
-10.265627 
0.30005893 
2.5485013 
0.42874855 
0.13185857 
1000.0 
5.368779 6.9550467 -2.4778802 6.4311237 5.05371 4.9319706 -7.1671295 -3.8280587 -2.145586 -0.02290791 -0.00013979246 -0.02327949 2.943885 -0.017485993 -0.01792883 6.0926256 -0.023490842 7.8264155 5.2313128 -0.020844473 
4.2184944 
0.0 
