1 20 1 1 
0.3030502 0.20532696 -0.6354394 -0.7987822 -0.8626319 -0.740469 0.2503571 -0.16747321 -0.6264434 -0.027360521 -0.04488647 -0.76424307 -1.7026759 -0.8900279 -1.4711457 0.73666215 -0.71366 0.32795647 -1.0907108 0.92383015 
0.666114 
-4.2645736 
-0.01533919 
-0.01086157 
1.2151176 
-0.30065376 
0.85851026 
-0.2862456 
-0.1759526 
-0.3025417 
-4.3021606e-10 
-0.051456746 
0.96158826 
0.04942268 
-6.633825e-08 
0.26776478 
-0.012471437 
0.66869044 
1.1679089 
0.5820236 
1000.0 
-5.146419 -8.847784 -0.004518108 -0.0009371588 1.2470335 -0.0005264963 -4.3195896 -0.0017395406 -0.0016405117 -0.0033761854 -4.646032e-10 -0.012524817 0.9640698 -0.0097783385 -7.5149686e-08 -4.4136086 -0.0024124065 -5.3659105 1.1952726 -4.0087547 
-3.8375719 
0.0 
