1 20 1 1 
0.4117383 -0.27060992 1.2031145 0.36905047 -1.0167091 -0.9665351 0.66404057 1.2485222 1.0852532 -1.4451528 -0.1551882 1.2967794 0.03196522 -1.0410472 -0.7041801 0.82497126 -0.46546412 0.96389407 0.44957614 -0.6988143 
-0.2603871 
-0.1924146 
0.4781774 
-0.43298656 
0.13565044 
0.31128052 
-0.26603562 
0.11808974 
0.22652207 
4.6269164 
-5.1962814 
-0.40149766 
0.8089714 
0.06815167 
0.1724449 
0.2579254 
0.030303385 
0.40990806 
-0.24440075 
0.117032506 
1000.0 
-4.1116424 -0.009993499 3.4664226 -3.683699 -0.020333009 -0.023306707 -3.930064 2.9456844 3.312005 4.8299246 6.6266556 -3.644177 4.3123374 -0.019293783 -0.021366427 3.379117 -0.017186835 3.4601367 -4.4874244 -0.019625505 
3.5764854 
0.0 
