1 20 1 1 
-0.09631193 0.02776432 -0.29426968 0.003996294 -0.42231867 -0.20243046 -0.32617444 -0.117297634 0.033144455 0.5122947 -1.7630626 -0.844615 0.34002915 0.016931163 0.027372492 -0.115935616 -0.12133053 0.7380026 0.50767815 0.053217962 
-5.6992106 
-0.06686759 
2.994576 
-0.0351464 
-0.08192397 
-0.3421349 
-2.6566803 
-0.33390188 
-0.06621792 
1.5758023 
0.010607574 
0.00019923452 
-4.3749127 
-0.030837568 
-0.05906708 
7.726176 
-3.6359892 
0.21623152 
1.7260697 
-0.082053155 
1000.0 
8.2697315 -3.8877194 5.8101845 -4.9318066 -0.007964208 -0.02544236 2.6457121 6.4216337 -3.571087 -6.9048924 -0.01618037 -0.0007185689 -13.127112 -3.4292006 -5.1927276 8.685519 7.016898 -3.8693414 -6.631348 -6.0363064 
-2.5005953 
0.0 
