1 20 1 1 
-0.051013235 -0.91379875 0.32841158 0.20252377 0.08664547 1.0077142 -0.1512168 -0.17233878 -0.705939 -1.2778376 -0.07011593 -1.0722035 -0.18262064 -0.7721989 0.037322685 0.1970901 -0.77039385 -0.64432144 0.7736342 0.38503915 
-0.34807912 
1.2614639 
0.23949344 
0.24371785 
0.04550153 
0.54372734 
1.0991951 
5.209926 
-0.20927556 
-0.09488249 
0.014388744 
0.121155605 
-3.7312937 
0.059253402 
-7.03057 
-3.189974 
0.30543435 
1.1263494 
0.3306479 
0.35349908 
1000.0 
-0.015503318 1.3315752 -5.941729 -3.220171 -2.3036604 -1.4980919 1.1465603 3.322397 -0.014214085 -0.004416291 0.48917776 -0.021232 5.470795 -0.015627738 -5.632037 -9.186758 -0.022949053 1.1771302 -1.6970065 -1.6231642 
-1.1928107 
0.0 
