1 20 1 1 
0.40787822 -0.0350176 -0.08345841 -1.2853502 0.7983505 -0.3362809 -0.43717012 -0.22583297 -0.33896273 -0.97811323 -0.0854894 -0.25058907 -0.26398286 -0.16657169 -0.43642533 0.19125035 -0.11422276 0.5311306 -0.18439303 0.9382976 
2.451424 
0.13939986 
4.4838324 
0.06824524 
0.16294143 
-0.10494564 
-0.0035787912 
0.94526994 
1.5991071 
0.3191377 
-4.1886908e-10 
1.4856535 
0.15617988 
-4.886232 
-3.3088173e-07 
-2.1396573 
0.03729301 
-0.18661207 
-0.3927426 
0.13963333 
1000.0 
-8.180256 -0.013424098 6.32982 -0.008848319 0.8162759 -0.00397915 -0.00032269396 0.4876415 1.5814425 -0.013636367 -1.4248871e-08 1.3359979 -0.014163121 7.1403885 -4.2338348e-07 -6.6770024 -0.006147546 -1.533943 -0.0019170978 0.7521075 
1.2433902 
0.0 
