1 20 1 1 
-1.1278635 -1.4245098 -0.9617742 -0.5788267 -0.9614776 -0.3067306 0.29665405 -1.6205674 -0.19029893 -0.94632876 -0.2537484 0.28503537 0.11969617 -1.5955739 -0.018041344 -0.6709777 -1.3775291 0.12014221 1.696891 0.30388546 
0.014742125 
-0.12142967 
-0.26355696 
-0.18666033 
0.117942646 
1.9338276 
0.23113751 
-0.001253897 
-3.3958135 
0.03800711 
-0.63587874 
-2.7294269 
4.4033217 
2.1747744 
-0.00075919635 
2.1038554 
-0.13605654 
-2.516219 
0.56922084 
0.21727864 
1000.0 
-0.01038642 -0.029924534 -0.040413678 -0.030982014 -0.017115448 5.8513203 0.74909836 -0.007273236 7.206491 -0.013250562 -0.023490768 -11.615811 -8.384337 2.5750656 -0.0058933324 2.4435577 -0.03962458 -7.237045 0.79697466 0.6166962 
1.7221001 
0.0 
