1 20 1 1 
-0.0030868307 0.4381865 1.2524278 0.85970426 -0.57530224 0.81644815 -0.41100678 0.067257345 0.1484725 -0.23836881 -0.8086996 -0.77621776 -0.05456993 -0.7684384 -0.1938235 -0.028269252 -0.0021890178 -0.5069862 -1.7169548 -1.0235126 
-0.008748664 
0.24911526 
0.38576153 
0.20832342 
0.61861116 
0.16365673 
0.6186283 
-1.3168194 
-2.2498918 
6.066632 
0.70972115 
1.339972 
-3.6342528e-05 
7.743224e-09 
-5.0832973 
-0.17402598 
1.5736529e-07 
-0.18204905 
0.7743178 
0.9116375 
1000.0 
-0.24718134 0.39349833 0.47885752 0.17533955 0.64581335 -0.07087082 0.6458346 -4.034365 -6.54235 4.6589804 0.8053214 1.0179385 -4.235451e-05 -7.501737e-09 6.6515775 -0.00031099888 -1.4778875e-06 -0.0017627516 0.9181488 1.0788337 
0.77794933 
0.0 
