1 20 1 1 
-0.85954505 -0.08149122 -0.11869459 1.0287118 -1.3537884 -0.8965683 -0.13254516 -1.0176163 0.7813407 1.1205266 0.36687222 -0.73386586 0.7986244 0.15485823 0.20051366 0.67457277 0.7264463 -1.0707566 0.5568432 0.2530834 
-4.402423e-10 
-0.2745374 
0.22991942 
0.12036632 
-0.24340896 
-0.10193399 
-5.090665e-11 
-0.38663954 
0.1426698 
0.19297197 
0.27381653 
1.9996418 
0.32404932 
-7.5602984 
0.8657715 
0.3228829 
-0.20720452 
-0.22514929 
0.31692266 
0.7699636 
1000.0 
-5.203203e-10 -0.0025167565 -0.0037670792 -4.3142834 -0.0021056333 -0.002303137 -3.4149853e-11 -0.002151716 -4.3298416 -3.8085222 -4.1556516 2.0773623 -3.6781003 -8.319069 -3.9678555 -3.722974 3.8299763 -0.00056671345 -3.7916012 -5.0337524 
-3.3581605 
0.0 
