1 20 1 1 
-0.14290549 -1.5014193 -0.37647465 -0.1273018 1.2104789 0.07767043 0.2854309 0.091583624 -1.6887211 0.07194516 -0.8985886 -1.1249102 0.2825228 0.34217024 0.36815074 -0.07268096 0.068530574 -0.16929705 -0.22919208 -0.51281923 
0.41662937 
-3.872487e-15 
-0.22498937 
-0.61312926 
0.32818022 
-0.0203161 
0.3615123 
-0.15271375 
-0.3493356 
-0.014971125 
1.1778768 
1.1551371 
-4.6681767 
2.12884 
1.6761545 
0.14296384 
-0.042582892 
0.78985286 
-1.15438964e-10 
-0.3553618 
1000.0 
2.7717872 -5.3303042e-15 -0.0026211538 3.694678 -2.841217 -3.8349557 -2.8316782 -4.514824 -0.0022888295 -3.5455034 1.0388303 1.0511159 -10.767205 -6.582219 -7.2300253 2.7144203 -3.3706617 0.85790926 -1.2587031e-10 -0.0025388917 
-2.3881078 
0.0 
