1 20 1 1 
-0.65028757 -1.2034956 1.5232724 0.20523155 -0.39475775 0.7506557 0.047520936 0.66936576 0.0032125297 -0.43786114 -0.3392197 -1.3773371 -0.23697239 0.43284371 -1.9165219 -0.11077433 0.37036565 -0.21123153 1.0907377 0.21497263 
-0.13464497 
-0.2558845 
0.2315383 
-0.13814339 
-0.31809247 
0.4258037 
-0.3330519 
0.322163 
-0.24653375 
-0.19122574 
0.019285904 
-0.043685302 
3.9742093 
0.513755 
0.06525839 
-0.35770988 
-0.18880843 
0.13138424 
0.29115662 
-3.9210665 
1000.0 
-0.016459936 -0.018434482 -4.3353643 3.592311 -0.016179783 -4.0333896 4.1131225 -4.2444963 4.2435746 -0.024379037 -0.002063079 -0.013298179 1.8041008 -4.050191 -0.0033296747 -0.016907036 3.5954878 -0.0025997038 -4.2027082 -8.6018095 
-3.5931048 
0.0 
