1 20 1 1 
0.12238597 -0.09426975 -0.5753341 -0.13965876 0.3569575 -1.3229157 -0.2739307 0.33566025 0.03182085 -0.3162211 0.6555992 -0.33025566 0.29665852 0.5593504 0.008185105 0.13802162 -0.1886384 -0.7057551 -0.041242532 -0.9310274 
0.5481907 
3.14612 
-0.36006603 
-0.028955346 
-4.628768 
-0.030110493 
0.24287137 
0.17846656 
0.38400313 
1.0303294e-07 
1.7270488 
-2.4896932 
-0.53268456 
1.9105765 
-1.0283208 
2.0995855 
0.06273142 
0.24171379 
0.09618173 
0.35250118 
1000.0 
-6.1446886 8.0281515 -0.0032899105 -0.0030546114 -13.910787 -0.0029241634 -0.024657689 -6.7743564 -4.929249 -1.0641802e-07 -10.546947 2.5001845 7.1503015 -8.303489 7.586848 -6.941866 -0.0025536253 -0.012694567 -0.008737883 -0.014516146 
-7.416041 
0.0 
