1 20 1 1 
-0.1289669 -1.2591566 -0.3984139 0.3117611 -1.4883016 0.35035077 0.4463138 0.35188356 0.35400763 -0.1857276 0.34223777 -0.9520453 -0.36348525 -0.0904025 -0.9629505 -0.8265083 0.25013548 -0.0638231 0.33165976 -0.5238487 
0.22377025 
-1.383022 
-0.04997509 
1.1339443 
0.06011216 
1.2384845 
0.40756306 
0.40955004 
0.44897833 
-0.021391055 
0.977412 
-1.5539821e-05 
-8.01918e-06 
-0.10817431 
0.052204434 
-0.09057874 
-4.851364 
2.3638167 
0.45816892 
-2.1903585e-08 
1000.0 
-0.027206857 1.3846679 -0.0046226997 -5.4213223 -0.023896275 -6.142799 -4.7797246 -3.9012911 -3.8502326 -0.004111071 -6.139481 -1.5610236e-05 -9.920659e-06 -0.0038669873 -0.02265414 -0.0063601625 -10.663306 4.4173512 -3.610236 -2.2509552e-08 
-8.529174 
0.0 
