1 20 1 1 
-1.1787771 -1.3626994 -1.593507 0.4062201 -0.30484825 0.90815985 -1.6007133 1.3580327 0.2137036 -0.25774217 0.51401407 -0.1267114 -0.2582769 -0.24208203 -0.8874837 0.20932288 -0.5780328 -0.9744007 -0.94939363 0.31635365 
-0.13303535 
0.154803 
-0.27788356 
1.4565651 
-0.16157243 
-0.15290959 
0.49361777 
0.61069095 
-1.7651678 
0.3236347 
0.23863454 
-0.2953279 
0.285329 
0.5030271 
1.8224062 
-5.069837 
0.056154042 
-0.1064235 
0.061290674 
1.3243607 
1000.0 
-0.0019302584 0.16867542 -0.0032902523 -8.097588 -0.0029147186 3.51855 0.55970496 -3.6647632 -6.4117274 -0.017114976 -4.033318 -0.006492775 0.3153313 0.5688158 1.8538573 -9.130284 -0.009819726 -0.00064542214 -0.010505388 -6.3012567 
-3.5095346 
0.0 
