1 20 1 1 
0.23895666 0.2648571 0.20779678 -0.0656957 -0.48960027 0.062338773 -0.11683262 -1.4708062 -1.8353429 0.6720331 -0.6720077 0.14295197 -0.026186714 -0.23339318 0.17186558 -1.6508827 0.029804671 0.15054415 0.5609921 -0.7003313 
-3.3804595 
0.30944645 
0.21475442 
4.137635 
0.21440113 
-2.7277334 
-0.003107346 
0.04370748 
0.10427539 
2.0371122 
-1.6988008 
0.22535382 
-1.5687319 
-1.945284 
-0.37019256 
0.08500609 
-0.00602754 
-0.33215412 
0.23147917 
0.01893805 
1000.0 
-9.625057 -3.7762175 -3.9516308 5.2529087 -0.024064194 -4.340499 -0.012850915 -0.022712087 -0.021461211 -10.324201 1.8280419 -2.7643287 4.3678837 2.029351 4.4525976 -0.020526746 -2.081055 4.3244715 -5.2340775 -0.017558424 
-4.707131 
0.0 
