1 20 1 1 
-0.33568144 -1.3667183 -0.561347 -0.9966629 0.28025725 -1.732129 -0.38482347 -0.10171211 -0.23092559 -0.080903925 -1.3763282 0.40507483 0.13931133 -0.17488964 -0.67726547 -0.23149121 1.4705077 -0.0786795 0.5159489 -0.2516603 
-1.2138455e-06 
-0.04338418 
-1.21338e-06 
-0.10629828 
0.38310763 
-1.2479684e-06 
-0.0018423105 
-0.05155328 
6.9323034 
-0.34748507 
-3.8395513e-09 
0.46386737 
0.5428531 
-6.0740113 
-6.2408845e-10 
-2.2828491e-08 
0.25732842 
-0.049842507 
-0.45250872 
-3.2223692e-05 
1000.0 
-1.7195458e-06 -0.008145546 -1.7192176e-06 -0.0020148326 5.135512 -1.7454006e-06 -0.0009597748 -0.010145679 3.8848202 -0.003058628 -7.937968e-09 4.9921374 5.5161476 6.627589 -8.6650637e-10 -1.724594e-08 4.4235234 -0.009758007 -5.774611 -3.3140448e-05 
4.9440694 
0.0 
