1 20 1 1 
-1.1959064 0.323883 -0.60663956 -1.5668358 -0.07210455 0.23677163 0.41420022 0.39379776 0.35670283 -0.35050052 1.2015313 -0.7646746 0.12238497 -1.740066 -0.7660417 -0.08009756 0.55272263 1.2569036 -0.43800262 0.33858827 
-0.2626442 
1.1324502 
-0.13389884 
0.026391117 
-0.023187807 
-5.7219105 
0.8210223 
0.8482898 
-0.10735542 
-0.026498912 
0.22862168 
-0.3508947 
2.2328591 
-0.015963 
1.7844522 
0.07912862 
0.09190262 
0.31161734 
0.051467147 
-0.031223414 
1000.0 
-0.001300378 -6.485616 -0.004239868 -0.01887653 -0.0009956902 -9.332312 -8.29247 -7.884274 2.710431 -0.0012964123 -3.676876 -0.004558598 -7.367484 -6.399596e-05 1.8502973 -0.021666385 -4.6331015 -3.487489 -0.019259745 2.0079713 
-2.9484978 
0.0 
