1 20 1 1 
0.21223824 0.44088054 -1.3009534 0.22964464 -0.4279449 0.42564887 0.9461492 -0.19232365 -0.17880099 -0.0017149486 0.55900395 -0.69567156 -0.37763575 -0.08308629 -0.28947034 -0.5115207 -0.70043874 0.95064133 -0.9784254 -0.899772 
-6.171793 
0.31048232 
0.11118122 
0.4346918 
-0.1099589 
0.5333428 
-0.324805 
0.03455191 
0.03485437 
-0.093747504 
2.4125922 
5.135811e-08 
0.24612556 
2.1411672 
0.19188362 
0.11907768 
-0.02423036 
0.37868172 
-2.020344 
-0.029496314 
1000.0 
-8.179031 -4.851263 -0.021636773 -3.6432378 -0.01611013 -4.392236 4.476998 -0.019445201 -0.019522404 -0.103949666 -9.153625 -5.6659307e-08 -0.025675442 5.024396 -0.024619278 -0.022061579 -0.006939942 -5.312368 2.1560884 -0.008992058 
-4.956696 
0.0 
