1 20 1 1 
0.15245329 0.008715541 -0.055165637 -0.12348162 -0.96579015 -0.4101945 -0.740661 -1.2437791 0.8604287 1.2598093 0.0068530794 0.39695695 -1.1325862 0.01593635 -1.3510464 -1.6459832 -0.18077736 -0.17645617 0.5945533 -0.25201562 
-7.2404766 
-0.0024914362 
1.103374 
4.359456 
-0.100456744 
-0.11047305 
-0.3060648 
0.9921901 
0.18928254 
0.08435837 
-0.0043436103 
2.8949933 
0.15078431 
-0.0046866457 
2.1594288 
-0.2658601 
-6.0231543 
-0.32303256 
-0.11693745 
0.6676874 
1000.0 
-8.266174 0.133638 5.640096 6.119921 -0.0041002687 -0.0027125657 -0.0023703417 1.0518585 -0.970246 -1.3338104 -1.1719612 -7.948005 -0.0020760368 -1.9897027 2.2803237 -0.0040373825 6.4543786 -0.0048541552 0.1476324 0.6823538 
-0.43786252 
0.0 
