1 20 1 1 
0.42964807 0.09084481 -0.7264393 -0.83059233 0.17361312 0.041375343 -0.120265484 0.029444655 0.80802673 0.45963472 -0.7820338 1.1977776 -0.51308775 0.016168633 -0.6960817 -0.19105797 0.26426232 0.0233239 -0.039177824 -0.5106674 
-0.19538851 
-2.2888505 
-0.06685855 
0.87153286 
-5.916326 
4.5916348 
-1.1587404 
0.009050955 
0.31331807 
2.001273 
0.9017625 
0.37200227 
-0.17966664 
0.019457452 
0.86279833 
0.70486546 
0.20340675 
0.00089475565 
-0.0006189258 
0.16988355 
1000.0 
1.100966 -4.7820153 -0.0006701019 1.1375418 -7.0771875 -5.705363 3.5434587 -3.194399 -1.7031244 -9.20767 1.1696318 -1.6431853 -0.0047382894 -1.7796313 1.1113445 3.6159112 -1.7573506 -3.0018654 -0.024995206 -0.0014218434 
-1.2273148 
0.0 
