1 20 1 1 
-0.0029977816 -1.3482989 -1.3450165 -1.7094204 -0.24804507 -0.28571647 -0.5986836 -0.17327484 -0.37126842 -0.5135352 -0.32741562 -0.88464963 0.31830695 0.49606144 0.9223583 -0.6625171 0.75477684 -0.12006321 -0.3003367 -0.12594952 
-0.005683338 
0.09795622 
-1.8968909e-07 
-0.23246011 
-0.013744871 
0.35980263 
0.5902527 
0.12730652 
-0.113911405 
0.05622231 
-3.716512e-08 
-0.063818924 
0.30373713 
0.16624533 
0.5134695 
-0.25056076 
0.17724448 
0.18201894 
0.03893467 
-1.5645217e-08 
1000.0 
0.09515775 -0.011157672 -8.38287e-08 -0.0013317525 -0.0012949738 -0.017552515 0.5804622 -0.013397844 -0.0019735983 -0.011038967 -1.06120304e-07 -0.0019598543 -0.61300683 -0.95362866 -0.51187295 -0.0006366719 -0.9831237 -0.01605268 -0.007958617 -1.2438846e-08 
-0.34340516 
0.0 
