1 20 1 1 
-0.031029435 -1.0881764 -0.26162866 0.1572987 -0.5234725 -0.30177307 0.28671262 -0.048698876 -0.7032821 -0.085702255 -0.20128897 1.1455147 -0.29494885 0.085441254 0.36976287 -1.3563745 -0.9047483 0.5176238 -0.60482186 0.5433764 
0.07716537 
0.24364369 
7.2799215 
-0.54295456 
-0.17377208 
0.27697238 
0.6043393 
-5.8674026e-09 
-0.18929261 
-1.8610564e-08 
-5.639291 
0.26224294 
0.03444531 
-0.11233759 
0.5084754 
-0.25913808 
-0.011331122 
-0.12673597 
0.18991801 
0.24350636 
1000.0 
3.2727923 -0.017162617 4.5684795 -4.6729155 -0.0071295444 -0.017756717 3.7641637 -6.003049e-09 -0.008633929 -1.9025817e-08 7.673959 3.4595468 -0.009263927 -3.3804228 3.7216015 -0.0069418056 -0.0026979754 -4.868743 -0.015847588 3.40157 
3.8988433 
0.0 
