1 20 1 1 
-1.7186216 0.25163057 -0.60802954 -0.1611268 -0.28239745 -1.6147056 -1.2981007 -0.089444526 -0.57980305 -0.10342501 -1.256201 -0.27357465 -0.7756619 -0.318017 -0.21057352 0.39959884 -0.87818164 -0.18140931 -0.35263485 -0.06272721 
2.1196277 
0.22132444 
0.13089176 
0.19545987 
-0.11233856 
-0.45577398 
-0.39540178 
4.4956965 
-0.24538152 
-2.7248113 
0.29111373 
-3.7459903 
0.14121462 
-0.044227537 
0.27872032 
1.7406965 
0.05212068 
-0.6126431 
2.2694685 
0.038505726 
1000.0 
2.2733622 5.06702 -0.0071521574 -0.011979105 -0.07872068 -0.10015401 -0.08816311 9.49392 -0.09286411 7.4107714 -0.013131172 10.100325 -0.0073717562 -0.06863968 3.9704332 -8.017295 -0.0014622756 5.308253 2.3665767 -0.0004583748 
6.137656 
0.0 
