1 20 1 1 
-1.1038272 -0.30336976 -0.14543198 -0.36418462 0.16445085 0.004035406 -0.021331672 0.0045764185 -1.9062198 -0.9519041 0.25445718 -0.2907148 0.2505387 -0.5921833 3.8002203e-05 2.0032282 -0.0624105 0.8291198 0.002035514 -0.006199836 
0.428923 
0.012495682 
-4.73258 
-0.0059210896 
-3.8943193 
0.009682113 
-8.071534e-10 
0.01842215 
0.18974325 
1.4597728 
0.18452941 
3.9619153 
-0.0980019 
0.12870502 
0.00030046064 
0.48239517 
-6.170614e-12 
0.12110175 
0.0015465347 
-0.20850654 
1000.0 
0.557539 -0.014038596 5.2860837 -0.0052503063 -7.141699 -1.0543045 -1.4363438e-08 -0.63151395 -0.023471171 1.7664713 -0.518833 5.693813 0.1655923 -0.025011787 -0.04146359 -0.4418755 -2.4526561e-11 -0.72728485 -0.3393835 -0.00024064264 
-0.31456718 
0.0 
