1 20 1 1 
-0.68791085 -0.85590744 0.30182028 -1.5762882 0.4783541 0.2329927 0.03233444 -0.3826515 1.0705426 -1.2971575 -0.37097034 0.34074524 1.5833657 -0.11519074 -0.8503032 -0.56283957 0.36171886 0.4902057 0.11001322 0.26149434 
0.0019011752 
0.07338075 
1.2052487 
0.027157854 
0.11401718 
-5.797109 
-0.102670155 
7.567869e-05 
-0.21035318 
3.0800291e-09 
0.1844755 
1.5377291 
0.25111768 
-0.6717271 
3.6577355e-06 
-3.1648372e-06 
0.07965729 
0.14454733 
3.0151815 
1.7411057 
1000.0 
-0.006435733 -0.021660557 -6.607647 -0.016372718 -0.44194177 -9.419632 -3.5267162 -9.2470975e-05 -0.47168556 -3.2485543e-09 -0.019495713 -7.151089 -0.06927193 0.6222272 -2.7569251e-05 -2.3236726e-05 -0.619323 -0.2981998 -7.454302 -5.441682 
0.4171059 
0.0 
