1 20 1 1 
-0.01605186 -0.095658645 -0.7669675 0.25808004 -0.50500286 -0.07468235 -1.4225736 -0.04949641 0.4739747 0.15980715 -1.7447791 0.5034958 0.10364146 0.022857979 -0.024646644 -0.8557677 -0.7956053 0.8113523 -0.28619394 0.41587418 
0.117818795 
-0.30074772 
-0.19804545 
-3.7248366 
-0.25372273 
-4.7143655 
-0.15304781 
0.081339754 
0.1215856 
0.23237468 
-0.07746592 
0.17290409 
0.2400142 
1.9023033 
-0.18443505 
-0.3340037 
2.3230247 
0.28848946 
1.3027589 
1.6670537 
1000.0 
2.4584193 -0.012276006 -0.016265871 -10.313837 -0.014176775 5.7922955 -0.019195043 -0.012803129 2.044286 2.664634 -0.011414277 2.4735584 2.652314 7.134307 -0.0019151256 -0.011452255 2.4710684 2.8524935 1.3168936 -8.445583 
3.2714553 
0.0 
