1 20 1 
0.2588787 -0.2631458 -0.01215695 -0.2921346 -0.5114298 -1.2340182 -0.5905217 -1.6532584 0.03057196 0.11225776 -0.013410756 -0.1781224 -1.1394042 0.21751317 -0.51900274 -0.050200004 -0.20378022 -1.7462363 -0.22287302 0.92906165 
0.08891352 
2.795096 
0.0042311964 
0.3912963 
-0.0019741834 
-0.21086876 
-6.385003e-05 
-0.15150145 
-0.006077412 
0.86086637 
0.061424006 
-3.0409048 
-0.008329077 
-0.16826646 
-0.32278943 
1.9576411e-05 
-1.47644705e-08 
-0.0031207176 
-0.10795594 
0.28781083 
2.3944628 5.0908756 -0.69617945 2.1836948 -0.0021097865 -0.0066089495 -5.0593713e-05 -0.005337429 -3.9725063 -5.6437087 -1.0286074 6.60088 -0.00927063 -4.3268943 -0.006469497 -0.0007116372 -1.5194095e-08 -0.0029949346 -0.0050390735 3.1793933 
3.8659701 
