1 20 1 1 
0.28298873 -0.5689756 -1.1609969 -0.18305819 -0.13519984 -0.2326493 0.004355405 -0.97916627 -0.7723035 -0.19674878 0.01641985 0.47850958 -1.2999285 -0.77853215 0.0043596877 0.44345522 -0.04019993 -0.11664146 1.0241585 -1.7531375 
-4.2398524 
-0.07023893 
1.4264963 
0.08765264 
-0.16159894 
1.1374643 
-0.011508536 
-0.1195861 
0.25665998 
-0.96343905 
-0.030561298 
2.1229498 
0.07339379 
-0.08576371 
-0.0057923463 
1.8483078 
-0.107969165 
-0.66565835 
0.34621817 
-0.02871133 
1000.0 
-11.345476 -0.013120168 1.4932156 -0.030832501 -0.024748728 6.9131913 -1.3988919 -0.018769564 -0.0350319 7.424645 -2.5220242 -10.4517145 -0.029955136 -0.013771172 -0.5902625 -10.023519 -0.0046504103 7.364449 0.03474077 -0.016567325 
1.9656382 
0.0 
