1 20 1 1 
1.6541018 0.0008674789 0.37300345 0.11372746 0.002807176 0.024280827 0.0027949838 -0.79392725 0.4669998 -1.4355145 -0.2757963 0.042791832 0.08106531 0.11466135 -0.5081259 0.002090892 -0.69298834 -0.54133004 -0.20636888 -0.21041399 
0.40288532 
-0.0011626624 
0.19824004 
1.6246057 
-0.0022657348 
0.75157607 
-0.00086248043 
2.5266368 
0.23042355 
0.12485753 
3.4566388 
-0.011357289 
0.49566793 
-5.306501 
0.017292334 
-0.00065086543 
-0.19370468 
-0.32164484 
-3.7871776 
-0.376586 
1000.0 
0.45870757 -0.19582966 0.16141553 -5.6713963 -0.3164495 5.202338 -0.29379824 2.7798483 0.19779369 -0.022473797 5.279439 -3.7196317 -4.038025 -8.453259 -0.016802557 -0.25081068 -0.0054115895 -0.0063542444 8.125992 -0.007156884 
1.2877618 
0.0 
