1 20 1 1 
-1.0801294 0.0680733 -1.8456631 -1.1364925 0.5264287 -1.5075465 -0.89145803 0.8906817 -1.6415501 0.44657466 -0.95550257 -0.21285662 0.741538 -0.20549503 -0.6092279 -0.58751714 -1.0615727 -0.25182807 0.3811633 0.17187539 
0.050942793 
1.2511246 
0.042256005 
0.13662568 
0.2228194 
0.17509916 
0.22902809 
0.33738628 
-0.25285205 
1.2508494 
-0.5803853 
0.7805761 
0.37574914 
5.959833e-12 
-1.1343017e-05 
0.017661927 
0.06462659 
0.1376758 
0.7899245 
-4.256398 
1000.0 
-0.017466784 -5.2199974 -0.015525737 -0.021788232 -5.448317 -0.023484303 -0.021736657 -4.674324 -0.0012403688 -8.117824 0.5959039 4.0543904 -4.3394585 -6.1768177e-12 -2.2385682e-05 -0.015209121 -0.015451055 -0.021844089 -7.316534 -7.974308 
-2.8397598 
0.0 
