1 20 1 1 
-0.66525453 -0.9979913 -0.5714461 -0.14069591 -0.5485226 -0.6489329 0.73392653 -0.49155504 0.08494587 -0.04321564 -0.089672066 -0.15794452 -0.31329685 -0.23690104 -0.008353815 0.053634457 0.15317553 0.814666 0.28662917 -0.008897911 
-0.27973518 
-0.061655197 
1.4083617 
-1.2226787e-05 
1.2630354 
0.11775952 
0.25192893 
-0.21479812 
-0.96600956 
-0.1330745 
0.10410157 
-0.33488226 
5.0824857 
-5.4831023 
-0.012421248 
1.3897977 
-0.004723405 
0.4761565 
0.20922206 
-1.5608906e-07 
1000.0 
-0.006175883 -0.000919352 1.4913357 -6.566033e-05 1.3911537 -0.040249545 2.2426264 -0.008907273 -5.2302146 -0.002167675 -0.03979759 -0.0076166154 6.837463 10.188042 -0.6878326 8.148378 -4.670657 2.8549576 2.4126756 -5.3224635e-06 
3.4565315 
0.0 
