1 20 1 1 
0.4404938 0.5272638 -0.49724016 0.05455413 -0.49596128 0.047259167 0.8570701 -0.94491345 1.2937561 -0.35902467 -0.81719136 -0.06379842 -0.60170233 0.34413782 0.25546676 -0.5161342 -0.086242065 0.4768924 0.39788774 0.4304574 
1.7141569 
0.56086427 
0.4927803 
-4.625024 
0.15458308 
-2.9350357 
0.31351766 
-3.50524 
0.29454157 
-0.10386508 
-0.15508519 
0.04763491 
-0.20212197 
0.7918422 
-4.350046 
-0.011029044 
9.773387 
1.4578863 
0.6606999 
0.52427304 
1000.0 
-7.3743443 -6.1747127 4.0127735 7.985552 -0.017595984 6.726121 -8.774984 3.660276 -7.7413926 -0.010726816 -0.013888772 -0.014634494 -0.014606224 -5.8863573 -8.997338 -0.0018449882 7.622606 -8.167632 -7.1519837 -6.9697094 
-6.9180303 
0.0 
