1 20 1 1 
-0.17803748 -0.49562386 -1.1659652 1.1340632 -0.53793305 -0.0524741 -1.4257169 0.38195416 -1.2923912 -0.84827864 -0.924728 -0.6362272 0.1014729 0.3435584 -0.7151284 -0.3674476 -0.54435694 -1.8582009 -0.9711642 1.1947367 
0.8838228 
0.43811113 
-8.74577e-10 
0.4531771 
-8.0134e-08 
-0.19975184 
0.86168575 
0.35933188 
-3.730404e-06 
-4.9080913e-11 
0.97322243 
0.86735994 
-0.09283919 
0.933294 
0.86216444 
0.87529564 
0.86183465 
-2.3793678e-10 
-0.08423466 
0.2598704 
1000.0 
0.9104017 0.50737876 -9.1388813e-10 -3.972423 -8.546506e-08 5.6935163 0.7860448 -4.040129 -4.037381e-06 -5.0134716e-11 0.71189433 0.7566799 3.7395911 -3.4442153 0.77883 0.8752737 0.7988103 -2.5454097e-10 -0.0029734743 -4.2014275 
-3.6440353 
0.0 
