1 20 1 1 
-0.25823623 -0.0853464 -0.35584664 -0.30087003 0.5850596 -0.4160226 0.57179147 -1.0126933 -0.12523212 0.53831315 -0.4026747 -0.07478154 -0.12920061 -0.013037077 -0.41357857 0.764836 -0.5140232 -0.7129094 0.19518515 0.50392926 
-0.010873717 
6.8795223 
-0.1413318 
-0.014260851 
0.94090533 
1.8000072 
1.0577343 
-0.3435539 
-0.22313431 
1.2150937 
-3.4123194 
-0.095505565 
-0.00048649177 
-0.022671683 
0.12986553 
1.3347685 
-0.008778626 
-3.0609078 
-4.885019 
-1.4288917 
1000.0 
-0.0011349351 5.8806024 -0.00081335515 -0.00067875494 -8.593645 3.3624632 -8.894537 -0.0006750523 -0.0006629956 -9.040976 3.6430836 -0.00072474603 -2.168639e-05 -0.018598119 -0.016622366 -7.6638813 -0.00048076262 3.3365414 -8.309464 9.212271 
-10.701772 
0.0 
