1 20 1 1 
-0.78021723 -0.01292065 -1.9085464 -0.59799284 -0.032575596 -0.11167306 -0.55234826 0.28876004 -0.23135725 -0.012296161 0.2277794 -0.0013440901 -0.054978788 0.00017087132 0.8898897 -0.036296807 -1.3880897 -0.13112165 0.57640034 0.046031687 
0.3294463 
-0.0374856 
-0.2845774 
1.7703233 
1.1712377 
-2.422034 
2.0416286 
1.9581716 
1.652244 
-3.1417802e-10 
0.5958735 
0.003961437 
-2.885876 
0.00047158566 
0.23354901 
0.18628258 
-0.0051494106 
-0.2688065 
0.31682312 
0.30320325 
1000.0 
-0.02232362 -0.010193119 -0.035954837 1.8921851 3.4426742 4.392145 2.1077828 -5.7953134 1.4340063 -5.9755495e-10 4.2699966 -0.12307421 4.813549 -0.17265303 3.9136925 -0.020198924 -0.0080622705 -0.034672793 4.0565114 3.6653392 
4.5850077 
0.0 
