1 20 1 1 
-0.27424788 0.025816163 0.0652452 -0.7875664 0.9457675 -1.3174245 -0.8577061 -0.9174114 -0.18946199 0.6775659 -0.18559206 0.8317234 0.34511042 -1.9636211 -0.7746988 -1.1372283 -1.1673805 -1.5995994 0.45005426 -1.5274949 
-9.249242e-13 
0.4693624 
1.1179162 
-0.110414654 
0.26819065 
0.053397164 
2.056745 
2.4939342 
0.2517628 
-0.80683815 
-3.5890684 
0.31917927 
1.6770496 
-0.010761845 
-0.27892932 
-0.0765492 
-0.012023702 
1.5952172 
0.055930328 
0.22098078 
1000.0 
-1.3731939e-12 4.560789 7.6576076 -0.00024878772 4.6780925 -0.0067782653 2.3090665 2.4019241 -0.015355181 -6.7662086 9.051306 4.798345 -6.8925953 -0.0020153583 -0.000605318 -0.00052063324 -0.004306752 1.6879992 2.8772483 -0.014646771 
5.4528303 
0.0 
