1 20 1 1 
1.4278234 0.2215187 0.49941832 0.9428009 -0.26380202 -0.59359366 0.0053380537 -0.10497681 0.36361134 0.36798784 -1.0863657 -0.28435254 -0.7291731 -1.4978501 -0.015783045 -0.096673585 0.1338281 -1.1011574 0.23668753 -0.1603176 
0.29896638 
0.57587475 
0.21329758 
0.35821688 
1.9992036 
0.1891907 
-0.0013705116 
0.2479023 
1.7648256 
-0.123245336 
-0.93030566 
-0.14442606 
-0.0063872663 
0.06767699 
-0.0028519041 
0.092043065 
10.501586 
-0.03217534 
-3.1213853 
-1.5970038 
1000.0 
-1.7819523 -4.6584845 -1.8600425 -1.7146451 5.1081085 -0.0066395756 -0.6688531 -0.0069242916 -7.2814565 1.137059 1.1966952 -0.014684712 -0.008622788 -0.00943691 1.1148634 -0.0035006383 -10.537329 -0.005868318 -9.234282 4.754276 
-1.3785645 
0.0 
