1 20 1 1 
0.0062508555 -0.3870099 -1.1954758 -0.26499197 -1.2474718 -1.334553 -0.24502598 0.33829394 -1.4956328 -0.09732048 -0.51354617 -1.5689306 -1.9040151 -0.26143742 -1.9262772 -0.20263663 -0.85844916 -0.4056614 0.012069223 1.1863077 
-0.0054786545 
0.73945564 
-0.114168204 
-0.1245562 
1.5835079 
-0.3382409 
1.8807966 
1.0664513 
-0.0032904034 
-0.056142252 
-0.22076233 
-0.067141026 
1.6783679 
-0.00013326184 
-0.04849568 
-4.028771 
-0.005772421 
0.7462188 
2.8224094 
0.28825212 
1000.0 
-1.0917635 0.76537555 -0.0026015078 -0.0024366002 1.5309944 -0.0045906785 4.6503134 -5.973546 -0.0003381249 1.0763164 -0.0021390314 -0.0002588267 1.5023293 -0.00013064552 -0.0010250914 10.016411 -0.00020636263 0.77294594 7.8355813 1.742773 
2.8795648 
0.0 
