1 20 1 1 
-0.12208906 0.17612575 -0.7534242 -0.082678825 0.00035798032 -0.114834115 -0.027815124 -0.08981327 0.11748302 0.09256791 -1.7802358 -0.40346062 -0.8281945 0.009239648 -0.33357978 0.9672697 -0.0537874 -0.19017752 0.14137511 0.060994554 
8.978786 
0.57406956 
2.0834475 
-0.25450033 
-0.0028177726 
0.25069422 
0.6751659 
-13.446744 
0.09161797 
0.25140855 
-0.007500676 
-0.3315333 
0.027786434 
3.6766586 
2.836017 
0.324534 
-2.0835466 
-4.6110654 
0.36323228 
1.1117102 
1000.0 
7.269837 4.5450306 2.4235003 -0.010086435 -0.22778195 -0.02516054 3.4696858 6.2768097 -3.5281067 3.8988624 -0.0016334098 -0.011693169 -0.022433667 5.668815 6.436656 4.3247066 3.7550366 7.5984206 -4.2404246 4.934304 
5.0526147 
0.0 
