1 20 1 1 
-1.6548747 1.1989579 -0.1969903 0.514861 -0.06994537 -0.024261454 -0.0066751745 -0.33277476 -0.013418768 0.7179668 -0.6989201 -0.96802235 -0.42241856 -1.474157 0.26542935 -0.98725885 0.007231804 -0.87160265 0.33813027 -1.171257 
6.3722756e-09 
0.22516683 
1.8425 
2.6317027 
-4.8459296 
-5.2368676e-05 
2.1574569 
-0.18287045 
1.7466354 
0.092261076 
0.46055648 
-0.31689656 
0.3362725 
0.6634892 
-3.27529 
0.34444657 
0.020342208 
0.31342125 
0.040908433 
-0.244333 
1000.0 
-7.97617e-09 -0.5188679 3.777568 -9.576694 5.6288815 -0.000111069414 4.8767967 -0.0017373443 4.9270096 -1.0279772 0.6475554 -0.0024079152 0.22976609 0.8929864 -8.597474 0.3076109 -1.1772604 0.2416308 -1.3843433 -0.002406439 
0.020617362 
0.0 
