1 20 1 1 
-0.06539672 0.635867 -0.472513 -0.3053061 -1.7643298 -0.3813269 -0.30961868 -1.0506829 0.409259 -1.7452857 1.249494 0.4776275 -0.89076614 0.40620893 -0.22839218 -0.40112466 1.0207694 -0.110774375 0.4571389 0.00024636253 
2.568081 
1.222054 
-0.033636525 
-0.08923698 
0.19535217 
0.1064575 
-1.9291294 
-0.016660905 
0.5513777 
-2.9989837e-07 
0.1845067 
-0.35364786 
0.08444526 
0.56759626 
0.14262664 
-5.671818e-09 
0.21626614 
-0.023695242 
-0.38709706 
0.0009866426 
1000.0 
5.166181 -9.295006 -0.0037963258 -0.0079136025 -0.019471804 -0.019217014 2.1088803 -0.0025781076 -4.1283183 -3.4500218e-07 -7.4404206 4.6620607 -0.01753271 -4.0924473 -0.021125419 -2.9542777e-09 -7.35927 -0.001854685 4.808349 -0.3527139 
-5.6489396 
0.0 
