1 20 1 1 
1.159816 0.043589227 0.11887783 -0.5110655 -0.76001966 0.21585347 -0.7083575 -0.6264588 -1.1465232 0.4559642 0.4356037 0.15419771 0.13097073 -0.09459313 0.09995842 0.8459244 -0.029388284 0.060383137 0.4985712 0.4327587 
0.17343977 
-0.0129892565 
-2.6277194 
-0.43905392 
1.1094674 
0.084549256 
1.4858446 
-0.44977978 
0.22072525 
-0.048689906 
0.2700163 
-5.3150125 
0.017437791 
-1.3173974 
-0.4312134 
0.09977967 
-0.20421356 
-0.033496637 
0.3081056 
2.2204678 
1000.0 
-0.69322014 -1.3434646 -5.952406 -0.021613395 1.2154163 -4.3122797 1.7208569 -0.01493759 -0.024404585 0.10920418 -0.54944086 -7.315511 -1.0254787 2.8060718 -3.0140126 -0.9611654 -0.000132933 -1.8310319 -0.5173875 -8.648312 
-0.19372651 
0.0 
