1 20 1 1 
-1.8340749 -0.04901996 -0.19208464 -0.35476634 0.65388536 -0.4727747 -0.12815094 0.40952274 -0.34861583 0.7621025 0.3491735 0.3710649 -1.1786375 -0.023751048 -0.9011558 -0.14965482 -1.3722326 0.2191508 -0.025716601 -1.3032006 
-0.2284473 
-0.09132541 
1.0243343 
1.0787573 
0.36891302 
0.13296102 
-0.20160316 
1.1219944 
0.71282434 
0.5385919 
1.2062004 
1.02562 
-0.00033349535 
-0.23035443 
-0.16195813 
-7.4465756e-06 
-0.073417924 
-6.0970488 
8.482479e-05 
0.30097342 
1000.0 
-0.00097596116 -0.0010476797 1.0432599 1.1754054 -4.691254 -0.009395635 -0.0027713606 -8.164508 0.74369615 -3.6423903 -6.9559946 -7.3958545 -0.00258539 -0.022383308 -0.0008925212 -7.857008e-06 -0.0029674247 -9.565102 -8.739595e-05 -0.0098451115 
-2.8547604 
0.0 
