1 20 1 1 
0.13833258 0.96821433 0.16637672 -0.71975595 -0.066033 -0.44183147 -1.5361446 -0.38611594 -1.5965023 -0.08340911 0.4041005 1.1063824 -0.38754162 -0.58947164 0.005114918 -0.09063341 -0.2529634 -0.77650744 0.22009686 -0.07273271 
-2.1210854 
0.25214496 
-1.9662439 
0.6985583 
0.26470822 
0.20219983 
-0.06460767 
0.99538827 
-8.875117e-08 
-0.00013543638 
1.8316807 
0.17402822 
0.53495747 
0.6859107 
-0.0032205614 
-9.50148 
1.0460082 
0.9385128 
0.15335074 
7.808839 
1000.0 
-5.1265397 2.505193 -9.936681 0.7273137 -0.0035532792 -0.0022473312 -0.0017005482 0.8826831 -8.8830404e-08 -0.00014371377 -8.0956955 2.3308117 0.57771415 0.7144935 -0.5568595 7.3053856 0.88415354 0.88692296 2.3083067 7.808783 
3.0014534 
0.0 
