1 20 1 1 
0.20908976 -0.3290007 -0.3748912 -0.55959696 -0.7854183 -0.8398438 0.5812088 0.34611 -0.3632901 -0.053305935 1.4551389 1.193117 0.24543563 -0.64715725 -0.14044397 0.1514443 -0.025553884 0.1580333 -0.018381026 -0.88496894 
0.041536145 
-0.16004166 
-0.34634775 
-1.3738164e-06 
0.5607898 
-0.13676418 
0.3318776 
-0.04569469 
0.09550847 
0.69504446 
0.33550173 
0.42734444 
0.28446648 
5.7419425e-06 
3.1033733 
-0.053348932 
-0.43572956 
-0.09737621 
-0.38279936 
-0.0008043726 
1000.0 
-4.197699 -0.0014282372 0.34711185 -2.4229617e-05 -0.025523975 -0.0009830928 -3.834733 3.3797166 -0.030959519 -0.010783201 -3.786943 -3.7472558 -3.9398637 -5.829119e-06 2.7408776 3.7588868 5.4023395 3.9056258 4.4549956 -0.0028510154 
-3.5560644 
0.0 
