1 20 1 1 
0.22154243 -0.23392442 -0.9493489 0.29730383 0.28722027 -0.4528209 0.5186965 0.031413674 0.16881756 -0.35835522 0.38851586 0.27933714 0.54047096 0.29620987 -1.2351793 -0.6174538 0.40858158 -0.49650124 -0.43399385 -1.0117154 
0.40878603 
1.0547607 
-2.1619174e-07 
0.72252905 
0.7278276 
-0.00039057143 
0.22510011 
-0.025753252 
-4.7672825 
-0.11068574 
0.39296848 
0.8269426 
0.38964635 
0.7163436 
-4.9079755e-08 
-0.20088765 
0.37184086 
0.10312037 
-1.5407506 
-0.24551201 
1000.0 
-4.3940024 4.4793787 -3.2181345e-07 -5.1420975 -4.9010887 -0.000434877 -3.6622794 -3.3136537 -7.536714 -0.002333302 -2.8181984 -4.4613986 -2.8820367 -5.1374373 -3.6620982e-08 -0.004234405 -2.861752 -0.020771272 1.6187687 -0.0060666706 
-2.2807128 
0.0 
