1 20 1 1 
0.46433294 -1.3728174 -0.6646588 -0.1243995 0.18130185 0.110899515 0.061190944 -0.6915218 -0.40151405 1.7749424 0.5433908 -1.8464452 0.38942552 0.11414193 -1.175849 -1.3702625 0.09711215 0.07294309 0.9724403 0.40928867 
0.3686622 
-0.16707468 
-0.09803273 
4.4539384e-08 
-4.6153708 
-1.1635398 
-0.03889635 
0.085004255 
-0.04989851 
0.43277022 
-0.17585137 
1.6974632 
1.5944705 
8.318733 
-0.1307285 
-0.11962909 
-1.2226338 
-0.90094024 
-0.25214076 
0.85648805 
1000.0 
-3.165624 -0.013452336 -0.008919106 1.4466855e-07 -8.606148 -6.6739626 1.5001864 -0.023893466 -0.00706439 -3.1312525 1.796926 1.9743997 -7.7568936 -7.9243684 -0.011092537 -0.008751391 -5.849746 -4.399203 1.9249967 -8.155389 
-2.4886012 
0.0 
