1 20 1 1 
1.9239606 -0.3754954 -0.022164881 0.46125296 0.26203042 1.271754 -0.13601246 0.44853258 -0.66948074 0.6548129 -0.559093 1.233582 0.6229504 0.64517206 0.6473365 0.40469885 -0.08329008 -0.0070625176 -0.45058164 -0.71623385 
0.24534 
2.6810927 
-0.007609418 
-0.21866369 
-0.12774977 
-0.13575074 
0.07598178 
-0.07824707 
2.741688 
0.15622604 
-0.2506756 
0.30697706 
0.2981797 
0.25026795 
-0.14624883 
-0.18533824 
-5.2495275 
0.00262415 
0.040461797 
0.22718944 
1000.0 
3.8419957 2.8548028 -0.0007794062 -2.9822626 -2.6218107 -2.9573567 -0.023689738 -2.9944737 2.8703773 3.627484 -0.033770185 3.72633 3.9738936 4.041818 -2.9628093 -2.976654 4.5127645 1.295161 -0.017327825 -0.02929223 
3.3020475 
0.0 
