1 20 1 1 
-0.81046045 -0.7216645 0.2916498 -1.4003193 -0.2043143 -0.45685118 -0.049713142 0.30380893 0.82161057 -1.232945 -1.3702201 -1.2628716 -0.92347413 0.32541493 -1.0472105 -0.042273335 0.6340584 -0.10556702 -0.86924577 0.8248219 
0.7017133 
0.0794041 
0.30198428 
-0.36690012 
1.0276176 
0.00037801042 
-0.19546294 
0.2617362 
0.46283153 
-0.0067928424 
0.82904744 
0.25573555 
0.26162446 
0.19894154 
-0.009814254 
0.18700589 
0.41617483 
-0.07513159 
0.010904858 
0.3457204 
1000.0 
0.77001476 -0.033913527 -2.8618114 -0.015046394 1.1912681 -0.00080974377 -0.00076793204 -2.9884875 -3.581313 -0.008140459 0.9750734 -0.03364321 0.29293695 -3.2101612 -0.0042057154 -0.032704506 -3.6602058 -0.006413238 -0.027146576 -4.1565094 
-2.652644 
0.0 
