1 20 1 1 
0.015640179 0.58438915 -0.94533265 0.014271752 -0.1282058 0.112143785 -0.22037125 0.009808355 -1.3889186 -0.16899747 1.3650116 0.124223374 -0.09161465 0.0072269607 -0.18616658 -0.2815405 -0.41055274 0.10164315 -0.0261345 -0.23315315 
0.02386299 
0.2709777 
0.007463455 
0.024611274 
0.2013909 
0.12477064 
-0.20452388 
0.007009805 
-0.06775021 
0.1050435 
0.5228675 
0.6413998 
9.164029e-06 
0.0043602735 
6.563723 
2.4740453 
0.013945235 
-4.293073 
-0.3792053 
-3.8163946 
1000.0 
-2.9699147 0.078280054 -0.012843822 -3.1184692 -0.022335714 -5.6105537 -0.0128032295 -1.7103254 -0.0075729256 -0.02379676 0.32563427 -6.190897 -3.954802e-06 -0.8441955 3.62252 2.0269258 -0.015215705 -6.4881372 -0.008806906 7.7730746 
0.69322103 
0.0 
