1 20 1 1 
-0.19858535 -0.10471943 0.21226181 -0.5540401 0.33874106 0.32584122 0.585836 -0.58320075 1.7342 -1.0736512 0.21655044 0.50284487 0.151029 -0.7004211 0.51962054 -1.4199227 -1.644985 -0.076983586 -0.1432518 -0.8193635 
0.9376411 
1.0480033 
0.34139925 
-0.20395988 
-0.1780208 
0.22086199 
0.41910723 
-0.28137815 
0.36657542 
0.8813573 
0.06493003 
0.27084494 
-0.10299817 
0.94194794 
-0.09639714 
-3.0539302e-06 
-1.3257942e-06 
-0.27132982 
0.8829727 
-3.9587078e-14 
1000.0 
0.81743956 0.6415881 -2.1042418 -0.0015868667 2.5683649 -2.8880312 -2.7424383 -0.0026302603 -2.7543435 1.0609148 -2.1582854 -2.833304 2.5075328 0.7460505 2.3821306 -2.938431e-06 -1.396398e-06 -0.0024332553 0.48390135 -4.7856033e-14 
-2.5693269 
0.0 
