1 20 1 1 
-0.72882503 -0.25608462 0.23374484 0.9182009 -1.620963 -1.5304753 -1.3052695 0.14791872 0.6751845 -0.4133152 -1.6500239 0.19962543 0.22484103 1.1599759 -0.6720395 0.80530214 0.6462697 -1.0804654 -0.25755462 0.93251944 
0.0014650319 
0.9440919 
0.0725965 
0.34932506 
0.9037378 
0.9025807 
-0.1919596 
-0.13861473 
0.10778412 
0.9391446 
0.4299047 
0.42021844 
0.7365262 
0.29452646 
-0.16964447 
-0.179079 
0.18700571 
0.9655121 
0.17011069 
0.21550716 
1000.0 
-0.00080624834 0.92255527 -4.1401176 -3.0811932 0.747578 0.7282426 -0.0023399014 4.338247 -3.5518126 0.61982423 0.5831516 -3.9594104 -4.4610057 -3.0976768 -0.001996443 3.1116192 -3.2998333 0.989234 0.20535922 -3.2015193 
-2.8713777 
0.0 
