1 20 1 1 
-0.2969397 -0.19936861 0.6257154 -0.97399986 0.3962735 -0.72887814 0.15388471 -1.1435221 -0.047846455 -1.052692 1.2976049 1.6372389 -0.18942572 1.041018 -0.15582421 0.37052804 0.8807021 -0.9837255 -0.19305335 -0.43333572 
-0.36114833 
8.355932 
0.33218715 
1.4560711 
-0.65715414 
1.3402399 
-0.2868488 
-0.030052518 
-0.2797341 
1.3850856 
0.15150301 
0.22382051 
1.2137127 
-0.21207988 
-0.12713535 
0.35311407 
0.30997935 
0.9797172 
-6.7071257 
-0.09204869 
1000.0 
-0.0018683146 3.77547 4.0677896 1.0165895 -5.636604 1.0412198 -4.050979 -0.0033873152 -0.00231002 1.029689 3.619214 3.859982 1.1057756 -4.617663 -0.0023647458 4.12354 4.0234575 1.0830905 7.17662 -0.0047668624 
4.2647333 
0.0 
