1 20 1 1 
-1.3877151 -0.8607035 -1.0627139 -0.61812246 -1.5725735 0.52144516 0.3306245 0.34026414 -1.4777656 0.58722705 0.12736265 -0.8678131 -0.19427685 0.3215858 0.61609656 -0.32603103 -0.086656004 -0.8597981 -0.5639481 1.0852878 
3.1747546 
2.4933507 
-0.026078861 
0.15776752 
-0.12946188 
0.66430277 
2.2713497 
1.7152945 
-1.01897865e-11 
0.34722754 
-5.7415695 
-0.07009925 
-5.5569286 
1.7016447 
0.22080171 
0.113269195 
-0.29214317 
0.009546578 
0.32236153 
-1.3042002 
1000.0 
3.5126407 2.6453793 -4.5332996e-05 -0.017631713 -0.00408267 9.351184 -6.600448 -6.794002 -1.0689195e-11 4.9089694 -9.755266 -0.00095558877 5.8103094 -6.420135 4.657399 -0.015534472 -0.006217131 -0.0051174667 -0.020947604 -10.853363 
5.5942345 
0.0 
