1 20 1 1 
-0.6836559 -0.7454352 -1.5370166 -0.67510414 -0.7037244 0.9109344 -1.2757552 0.59829795 -0.6866348 -0.99569345 -0.7150279 0.69471085 0.7148063 0.52893305 1.0044861 -1.7829009 -0.10458633 0.2757972 0.19811246 -0.7171056 
-0.086844325 
0.063689165 
0.17872395 
-2.42015 
0.035891987 
-0.79000705 
-1.6852774e-09 
1.075696 
-1.6292899 
-0.24497937 
-6.275575e-10 
2.9564273 
0.91455054 
0.42462832 
0.5672566 
-0.008932995 
7.3273835 
-5.6467423 
-2.367669 
-3.1119866 
1000.0 
-0.0014040988 -0.019021137 -0.024269482 2.590395 -0.019602 7.667607 -1.7282632e-09 -7.109247 2.0646484 -0.004379762 -6.30327e-10 -12.042433 -7.8396664 -7.0886254 -10.549815 -0.001213575 7.185487 -10.028751 7.967582 3.1572866 
-8.244035 
0.0 
