1 20 1 1 
0.004251031 -0.5729009 0.56461143 0.83835226 -0.18463708 0.027774906 -0.24176842 -0.12627709 -0.37587842 0.33178034 -0.38198036 0.83908254 -0.05147684 -0.054536223 0.5382242 -1.4297535 0.5617568 0.018604219 -0.07580547 -0.49307296 
1.2677315 
0.029666036 
0.28149948 
-0.6129754 
-0.077171735 
0.9126749 
0.11418713 
-12.309755 
0.21993205 
0.26250294 
2.2809675 
0.50778776 
3.5698423 
6.296477 
0.32757306 
2.8066342 
-0.37604386 
1.042497 
0.32564986 
2.2294648 
1000.0 
6.2487555 -0.0071042483 5.776653 -6.3404894 -0.009430512 6.141237 -0.011565242 9.996415 -0.015245126 5.7048836 2.3385398 5.977599 6.764567 7.2552366 5.846066 3.0728722 -5.6150336 6.190507 -0.014935025 2.2687612 
6.1875005 
0.0 
