1 20 1 1 
-0.030980766 0.11076552 0.026498988 0.22155856 -0.98393947 -0.33448943 -0.24115978 0.17512722 0.24457224 0.38919428 -1.2002165 1.1833035 1.1757418 -0.8597053 -0.39557716 1.0320711 1.1751485 1.6332893 -1.1617106 -1.3000938 
-0.4098469 
-0.17919478 
-0.09229641 
0.13229458 
-0.045208517 
-0.1681934 
1.3853883 
0.66202015 
0.05990517 
0.44814157 
-0.09067466 
0.115036845 
0.2663174 
-6.836618e-16 
0.1978032 
0.42744228 
0.26995566 
-0.30287793 
-0.19291168 
1.3404509 
1000.0 
2.6748307 2.0539753 2.0199406 -2.2051427 -0.012040608 -0.016289368 1.6273005 -1.7335334 -2.4404833 -2.2518702 -0.014785073 -2.9036 -2.3787458 -6.8746904e-16 -0.014081424 -2.2487664 -2.3739495 2.0218666 -0.019789279 1.5235114 
-2.0405684 
0.0 
