1 20 1 1 
0.22558738 0.5035125 -0.8564213 0.51511025 0.045326654 -1.760222 -0.077303015 -0.028522417 0.9782043 1.3859336 -0.5699872 0.18486841 -1.5947579 1.2612834 -1.8216157 -0.77206284 0.18661836 1.252147 -0.71303815 -0.07303762 
-3.6897917 
2.1665218 
0.060726147 
-0.52040505 
0.2559377 
-0.06779521 
-4.034293 
0.29516983 
-0.25704217 
0.2550127 
2.1371915 
-0.16473085 
2.568976 
-0.23897228 
-0.114406265 
0.20245093 
0.33854696 
0.60106784 
-0.22561371 
0.1306786 
1000.0 
-8.962898 -10.455686 -0.02113824 -5.1463084 3.1640325 -0.0002941093 5.4461985 2.8827145 -4.748325 3.1333778 2.2648973 -1.8535903 2.706548 -4.7876315 -0.0019272163 -0.02219407 3.3992517 3.7997854 -0.0054154117 -0.020307483 
4.2319098 
0.0 
