1 20 1 1 
0.20856489 -0.015833613 0.47932002 0.061123762 -0.7154938 -1.4143047 -1.4194356 -0.0007927744 -0.00094003446 0.34051386 0.5514575 0.8758967 -1.5967448 0.08022804 0.47615594 -0.7233821 -1.0244601 -0.16376922 -0.57650185 -1.5824456 
-2.5255606 
0.12483237 
0.23038374 
0.015823036 
-0.18711671 
-0.3317171 
-0.014838371 
0.0014713724 
0.00057094096 
0.14422803 
0.13173172 
0.3966172 
0.17200285 
0.0474028 
1.8354319 
-0.045248672 
0.8029499 
-5.8121117e-09 
0.30230606 
0.083104 
1000.0 
-8.253199 -0.016107175 -1.739304 -2.0576568 -0.008637261 -0.007988073 -0.0030405628 -0.37001047 -0.1870751 -2.062667 -3.1756468 -1.439521 -0.018230628 -1.7315527 -9.308654 -0.0060365167 0.99521947 -5.9646634e-09 -0.018930675 -0.014504056 
-0.8020412 
0.0 
