1 20 1 1 
-1.0006464 -0.16643257 -1.6527194 0.63197595 -0.029942164 -0.2125699 -0.036466517 -0.21272355 -0.4719681 -1.4559093 -0.631437 -0.20372169 0.43028823 0.54056025 -0.19207503 -1.6119456 -0.72041065 0.19106436 -0.63437265 1.5748991 
1.1669098 
-1.9616891e-08 
-4.662603e-05 
0.34555012 
-0.13004193 
6.5502844 
0.6211705 
-4.739346 
-0.12620886 
-0.13926157 
-0.21997175 
-0.13269538 
0.10749442 
0.21125075 
-0.032340195 
1.1267979 
-0.058407802 
-0.22762945 
1.1203216 
0.27890372 
1000.0 
0.99763894 -2.4335586e-08 -5.954113e-05 2.5782843 -0.0018545219 4.022997 3.4959834 7.9240093 -0.0011789608 -0.0017896675 -0.0014980534 -0.0028379294 1.6093363 2.250008 -0.0018516601 1.1268278 -0.0022612223 -4.8620815 1.1438196 2.4669096 
3.0614047 
0.0 
