1 20 1 1 
-0.12183316 -0.22791451 0.58844465 0.48331466 -1.7225384 -0.5597604 -0.40402082 -0.44648293 -1.0809427 -0.13045217 -0.7291944 -1.0507962 0.18331717 0.31347024 0.2537856 0.43699464 -0.5093395 -0.39129713 -1.430858 -0.042057693 
-0.8368654 
-1.0200951e-09 
0.09637534 
0.5542036 
0.106913954 
0.012701142 
-0.31362864 
-2.1248367e-07 
1.2507906 
0.20260376 
-0.15620255 
5.5027657e-13 
-6.4766045 
0.11478776 
0.24295908 
2.519794 
0.029354362 
1.3882468 
0.20805721 
0.16111448 
1000.0 
3.8356402 -1.0830677e-09 -3.1470542 -1.4357343 -0.020144748 -0.01205595 -0.001468012 -6.3767044e-07 1.2735293 -0.02431159 -0.0020303598 -5.671057e-13 -8.999567 -2.3666763 -1.6952881 -8.738037 -0.014046135 1.4201461 -0.024452806 3.9055843 
-0.98145425 
0.0 
