1 20 1 1 
0.36963663 -0.13605827 0.48453724 -1.6426053 -0.38056192 -1.250918 0.25101948 0.50886357 0.48095927 0.45009503 -0.41011792 0.4976869 -1.5892512 -0.874665 0.008655541 -0.5944195 -0.68678796 -0.45983887 -0.49082068 0.427813 
0.51140374 
5.210398 
0.97107375 
0.17786242 
-0.012252445 
-0.0142225055 
-5.4390707 
0.6085118 
0.62253636 
0.88464093 
-0.0066100787 
1.1807426 
0.31615695 
0.07370573 
0.02396209 
-0.09009735 
-0.2393687 
-2.6613157 
0.014183423 
0.9872639 
1000.0 
-7.3599153 8.19469 -8.139547 -0.035791032 -0.02395163 -0.0019640112 -9.969779 -7.2841873 -6.767365 -7.8403826 -0.024195738 -7.284725 -0.037483726 -0.032006543 -1.7036414 -0.008027512 -0.011930463 2.8581038 -0.032529175 -6.510095 
-35.23006 
0.0 
