1 20 1 1 
0.3295735 -1.1038113 0.3520794 6.672532e-05 -0.9179024 -0.033498824 0.0036892665 -1.4841238 -0.060742013 -0.25016722 -0.26216638 -0.41251248 -0.22092056 -0.06848393 0.4808315 0.00078335905 -0.06896374 -0.2637221 -0.37247294 -0.20947848 
-0.1446125 
-0.18471374 
-0.20206578 
8.242158e-05 
1.4510466 
-2.708511e-09 
0.0056717056 
1.4093759 
3.3236933 
-0.15006524 
-6.6336865 
-0.09702625 
2.7471633 
1.0165858 
2.7452767 
0.004151435 
3.3492153 
1.4220425 
-0.10584359 
-0.36879322 
1000.0 
-0.29214254 -0.004767874 -1.5559531 -0.044236273 1.0985522 -6.4634925e-08 -0.6290783 1.6171036 5.4924526 -0.0044731116 9.211019 -0.0016510951 4.2921085 4.8333235 -11.224597 -0.29787263 6.246181 1.126849 -0.0021786082 -0.004352562 
-0.255493 
0.0 
