1 20 1 1 
-0.029578796 -0.93666875 -0.74612063 -0.6768105 -0.1161313 -1.0173925 -1.8180071 -1.720078 0.75376934 0.4433859 -0.5533035 0.39880598 0.5270176 0.122497626 0.5867743 -1.9624165 -0.1539841 -1.8780956 -0.1134186 -0.7583711 
-0.09398214 
-0.00041846858 
0.29821193 
0.30366853 
-2.4508913 
2.225096 
-0.23398237 
0.10028855 
0.3851502 
0.5205248 
0.032893572 
0.3427177 
0.42112026 
-1.6835103 
0.40881863 
1.0397252e-07 
-0.0009278243 
0.22980917 
-0.28863358 
2.8628423 
1000.0 
-0.0012669422 -5.6643425e-05 -0.02074188 -0.020815263 5.4096003 2.2646723 -0.0008740903 -0.017195966 -1.497065 -1.0752616 -0.013744712 -2.1777625 -1.3376645 -5.9984813 -1.3780223 -2.0441104e-07 -3.6141224e-05 -0.022864303 -0.0013518495 2.921787 
-0.14225435 
0.0 
