1 50 50 1 
-0.585482 -0.447746 -0.983539 1.04878 -0.789095 -0.0356549 -0.582861 -0.230489 -1.95099 -0.098868 0.166221 -0.362417 0.362189 -1.06572 0.232389 -0.923418 0.147764 -0.402215 -0.814911 -0.948622 -0.834753 -0.0101591 -0.929669 0.0252746 0.399088 1.76856 0.184995 -0.127975 -0.818969 -0.234064 -0.779907 0.552764 -0.415526 -0.0770213 -0.149102 0.130128 -0.0198599 -0.222309 -1.28086 -1.17194 -0.0315691 0.192797 0.274181 -0.0690202 -1.69709 -1.19643 -0.865283 -0.0986948 -0.628574 0.171601 
0.0699689 0.138849 0.0179436 -0.099961 0.106433 0.0999988 0.0299451 0.057134 -0.0410523 0.0571423 -0.0551242 -0.0963799 -0.00608557 0.0127516 0.06016 -0.100675 0.00887042 -0.000580438 -0.079799 0.110416 -0.194689 -0.0323344 0.0701933 0.0181122 -0.0964551 0.133656 -0.0189115 0.141011 -0.0857177 -0.0455773 0.251774 -0.19895 0.0267004 -0.00757186 0.176893 -0.137339 -0.123808 0.00261081 -0.0490586 0.0300544 -0.297996 0.00169909 -0.206139 -0.180159 -0.0550282 -0.0236719 0.0515666 0.0237661 0.160784 0.0761633 
-0.111308 -0.0912387 0.140549 -0.0725736 -0.0264407 -0.0781431 -0.00884972 -0.172696 -0.135562 0.0790315 -0.100574 0.0649942 0.208352 -0.212601 -0.126145 -0.125463 -0.0171684 -0.0622413 -0.139336 0.133508 0.0582463 -0.0531906 -0.226478 0.275915 -0.215425 0.0976398 -0.0327329 -0.130227 -0.00845584 0.084426 0.0432168 0.108168 -0.0309362 -0.132457 0.0608096 0.0141283 0.172762 -0.170346 -0.0762167 0.253667 0.0145302 0.176389 -0.195956 0.0253745 -0.200467 -0.159811 0.108175 0.0533074 -0.135686 -0.156188 
-0.0711821 -0.0346285 0.0235732 0.183252 -0.0108101 -0.0648378 0.00846283 0.0791395 0.147295 -0.054556 0.197638 -0.0709458 -0.0732512 -0.0996863 0.233172 0.00310607 -0.00346761 -0.0512973 -0.110979 0.110094 0.106517 0.0928177 -0.0652503 0.150712 0.0417749 -0.237894 -0.114452 0.0484639 0.0504183 0.102203 0.0896956 -0.118118 -0.0822102 0.00754833 0.0788289 -0.177642 -0.062973 0.0956551 -0.162945 -0.141902 -0.178936 -0.018853 -0.23695 -0.124292 0.0248208 0.127048 -0.0207708 -0.0598851 0.198519 0.106988 
-0.232356 -0.13063 0.118402 -0.0954207 -0.130138 0.0722651 -1.06183 -0.291712 -0.0273117 0.0753114 -0.120506 -0.243397 -0.372415 -0.215608 -0.191887 0.0827091 0.11878 0.0778937 0.064077 -0.176497 0.0375406 0.123441 -0.0637961 -0.166793 -0.0812146 0.0285981 0.0132052 0.317906 0.154811 -0.122511 0.0712402 -1.04476 0.0882889 -0.00684348 -0.00402417 0.110108 -1.13389 0.0105654 -0.114748 -0.0399064 -0.14298 0.1198 0.0675494 0.0924079 -0.147769 -0.240709 -0.0668009 -0.116472 0.191836 -0.224207 
0.0173307 -0.00145463 0.220978 -0.112128 0.216695 -0.015093 0.241421 0.0768378 -0.0416209 0.108881 0.159057 -0.186949 0.00647883 0.0358158 0.116061 0.0332073 -0.214237 0.198506 0.0203835 0.359113 0.111076 -0.0397256 -0.0941118 0.155818 0.225209 0.0482303 0.0798374 0.123058 0.0139065 -0.215502 -0.133301 -0.341802 0.132729 -0.0932888 -0.0922787 -0.211909 -0.215321 0.16788 -0.0104115 0.153592 -0.0545531 0.0127795 -0.34306 -0.187257 0.27642 -0.0442512 -0.0739606 -0.204872 -0.302696 -0.0400378 
0.0655852 0.0323688 0.0722523 -0.0455771 0.20204 -0.0874176 -0.144999 0.161226 -0.0678296 -0.177588 0.205838 0.178164 0.291213 -0.157972 -0.17184 -0.0257887 -0.0538069 -0.183093 0.329979 -0.164273 -0.237087 -0.0334097 0.0733885 -0.0622992 0.0737472 0.0386276 0.20649 0.000962191 0.165076 0.0851849 -0.20762 0.0752397 -0.10559 0.00565246 -0.113944 -0.23078 0.204815 0.103582 -0.0100042 0.126746 0.101144 0.0238689 -0.0583297 -0.0488192 0.0235926 -0.215603 -0.146509 -0.353705 -0.0840739 -0.171051 
0.0931761 -0.00407609 -0.159025 -0.0709504 0.223918 0.123967 0.0592286 -0.240244 -0.00464037 0.0290877 -0.0989832 -0.22241 0.0131437 0.21804 -0.0229766 -0.0366763 0.059013 -0.0414626 -0.226257 0.250465 0.049451 0.223448 -0.279882 0.0923018 0.0104347 0.0714143 0.112535 -0.195059 0.176013 0.0638853 0.178801 -0.256723 0.100697 0.0877996 0.161669 0.107174 -0.287441 0.0376364 0.184476 -0.116556 0.026715 0.0185674 -0.257553 -0.110839 -0.0575528 -0.223446 0.0617374 0.0953858 -0.171649 -0.161397 
-0.155832 -0.132289 -0.014577 0.0875271 0.079854 -0.0450703 0.132824 0.0776091 -0.0348798 -0.222401 -0.159933 0.168505 -0.109993 -0.150019 0.171058 -0.118211 0.0441131 0.0595566 0.134464 0.0212537 0.201067 -0.0124248 0.0579197 0.0509055 -0.203664 0.23929 0.0440396 0.00388364 -0.275296 -0.0796978 -0.220412 -0.146762 0.170936 -0.052251 0.0577785 -0.0591433 -0.333073 0.163955 0.0260848 -0.0454244 -0.0439144 -0.0397091 0.10094 0.0500592 0.0481097 -0.080565 0.115806 0.0238469 -0.211391 0.0863333 
0.0589734 -0.0812871 0.058723 0.160735 -0.271415 -0.0811694 0.0827312 0.304311 -0.0281499 -0.0159088 -0.061913 0.139924 0.0718094 -0.0458471 -0.103063 -0.0455342 0.153747 -0.00605383 0.221834 0.0477018 -0.11332 0.000703016 0.156351 0.0643799 0.156685 0.0692283 -0.00929425 -0.118289 -0.173609 -0.0405821 0.166932 -0.0361534 -0.0522645 0.0579309 -0.155418 -0.0171238 -0.0205544 -0.0306898 -0.0835615 -0.156048 0.0404773 0.0470177 -0.223505 -0.180177 -0.0410791 -0.114615 -0.143701 -0.12002 -0.00533593 0.0312072 
-0.0692525 -0.227954 -0.114002 0.117406 -0.0387366 0.195553 0.114354 -0.00414317 -0.0874395 -0.0249985 -0.135874 -0.0889946 0.188245 0.182329 0.188522 0.0289638 0.156643 -0.19737 -0.0595122 -0.244277 0.0347643 -0.00483998 -0.0934885 -0.0696703 0.121879 -0.0688972 -0.060017 0.186408 -0.175258 0.289856 -0.15204 0.0762309 0.252845 0.138915 0.142194 -0.050401 0.0906818 0.232252 0.0314961 -0.0238663 -0.217117 0.173257 0.0850489 -0.128654 0.305553 0.170976 -0.178891 -0.103986 -0.059984 -0.123748 
-0.00740577 0.00257465 -0.0164021 -0.00820107 -0.24371 -0.251952 0.0233515 -0.110902 -0.150045 -0.0492729 -0.0456845 -0.116722 0.0809697 -0.086124 0.0409664 -0.270993 0.0552877 -0.0688017 0.257304 -0.0640567 -0.0687459 0.0466992 0.10733 -0.1427 -0.194446 -0.957643 -0.0281821 0.172995 -0.113032 -1.11134 -0.0751693 -0.25206 -0.203013 -0.0598699 0.0614885 -0.0735533 -0.069165 0.0353335 -0.0894051 0.179631 0.219356 -5.02929 -0.0463031 -0.15478 -0.0291364 -0.282173 -0.278149 -0.0228983 0.0516561 0.0754575 
-0.0190979 0.021134 -0.2168 0.230852 0.0436747 -0.339778 0.0931283 -0.0441003 -0.224439 -0.0124568 0.128525 -0.128535 0.172565 -0.136097 -0.0668601 0.125087 0.144371 0.0670436 0.0740669 0.0477843 0.0821498 0.0947677 0.0626797 0.291201 -0.0299525 0.0416218 0.136543 -0.0613788 -0.0871416 -0.138577 -0.0357949 -0.177016 -0.164433 0.0302745 -0.00496718 -0.189773 0.0852368 0.11477 -0.133662 -0.0253252 0.100232 -0.013507 -0.246999 -0.198595 -0.280992 0.112553 0.00149369 -0.047136 0.114432 -0.113191 
0.00888245 -0.192554 -0.111976 -0.00890251 0.0509541 -0.392696 -0.563617 0.0582665 0.114837 -0.114898 -0.164968 -0.0825814 -3.15333 0.180183 0.0662465 0.053412 0.0468295 -0.286795 -0.201375 0.0628964 -0.168022 0.156975 -0.121662 -0.142844 0.0728471 -0.393365 0.108017 0.356456 0.0492145 -0.410904 -0.190301 -0.324278 0.141795 0.0764444 0.0875375 -0.00269445 -0.569756 -0.0796836 -0.0378423 -0.0819229 0.0568012 0.0161274 -0.135018 0.0364583 -0.363948 -0.0523033 -0.0962556 -0.0711211 0.247984 0.199032 
-0.239959 -0.0999117 0.210077 -0.0424469 0.0658682 0.244295 0.066954 0.113852 0.244746 -0.0569265 -0.171785 -0.151051 0.162845 0.0854397 -0.056541 -0.131724 0.312636 -0.0382675 0.120545 -0.064237 0.0308791 0.0760961 -0.168674 0.0187486 -0.00511081 0.300644 -0.194365 -0.0871385 -0.16433 0.120552 -0.118841 0.0122751 0.161492 0.302916 0.0998119 0.0332789 -0.280173 -0.0188587 -0.0405671 -0.190528 -0.0810833 0.0883113 -0.0657064 -0.144382 0.0913238 -0.0201711 -0.0346836 -0.0878658 -0.0605251 -0.160536 
0.185523 0.0459067 -0.235723 -0.0349585 0.170158 -0.222252 -0.358084 0.0935893 -0.144266 -0.153796 -0.0859718 -0.0356088 -0.116603 -0.0792805 -0.0372439 -0.0774089 -0.0577458 0.0217969 0.119593 0.0208323 -0.127288 -0.109696 0.210618 -0.0718417 -0.170304 -0.382105 -0.0115496 0.170469 0.026324 -0.235652 -0.0513983 -0.220306 -0.219115 0.0972162 0.0137216 0.0516178 -0.0306337 0.146064 -0.0654283 0.00560303 0.175683 -0.270855 -0.0202207 -0.148757 -9.61497 -0.0593241 -0.380578 0.208593 -0.0678646 -0.003981 
0.0478068 0.116445 0.0716564 -0.172017 -0.133365 -0.474119 -0.0744814 0.0768313 -0.0115463 -0.0482893 -0.0661764 0.183616 -0.272004 0.110232 -0.0721714 -0.0658971 -0.00081777 0.00848733 -0.0209884 -0.0606772 -0.523936 0.0642885 0.138895 -0.803606 0.117584 0.00768719 0.0972768 -0.0376739 0.0253929 -0.039941 -0.262479 -0.184196 -0.204984 0.0906538 -0.196164 0.0354618 -0.610399 0.0440057 -0.239402 -0.0679157 -0.0363469 -0.358348 -0.893577 -0.210584 -0.488037 0.0400607 -0.869573 -0.405041 -0.145267 0.0475546 
-0.074737 -0.00365011 0.0690921 0.045231 0.160918 -0.16778 -0.0059966 -0.106302 0.103127 0.0232937 0.0247747 0.0785322 -0.0848898 -0.238453 -0.0694656 -0.157806 0.263587 0.197898 0.0558716 -0.0712331 -0.0586138 0.000596061 0.138373 0.028128 -0.176604 -0.875693 -0.164438 0.378733 0.138136 -0.980082 -0.0604079 -0.180118 -0.0175872 0.0520753 -0.0411278 0.0844648 0.0469196 -0.100216 -0.0216971 0.211023 -0.0233969 -6.61464 -0.225939 -0.147395 -0.36404 0.0327045 -0.34769 -0.0159073 0.0320061 0.104811 
0.141806 0.0488239 0.0180016 -0.140195 0.124859 -0.198937 -0.0892989 -0.0982514 -0.178883 -0.0668146 0.241355 0.0417785 -0.138134 -0.0178931 0.0791198 0.0271436 -0.0532424 -0.00824295 -0.0129644 0.303346 -0.0552938 -0.0334144 -0.095015 0.0183355 -0.0871136 0.194131 0.0284656 -0.236059 0.0157214 0.0231649 -0.140967 -0.213951 0.0408653 -0.256447 0.0433746 0.00298889 -0.0113117 -0.0475187 -0.0455343 -0.188083 0.0537794 -0.113165 -0.929558 0.0133714 0.033606 0.00279367 -0.251484 -0.0769667 0.148994 0.161482 
0.19478 -0.243312 0.161453 0.256059 0.00998511 -0.0944627 -0.021935 -0.102142 -0.129928 0.00615732 -0.00181892 -0.144462 -0.0225062 0.135043 -0.020751 0.215354 -0.0358236 -0.0147174 -0.00982964 0.0970277 -0.000414288 -0.0631509 -0.24505 -0.0191536 -0.0696131 0.202756 0.00296291 0.0221997 -0.0757422 -0.077767 -0.0437852 0.0639617 -0.0258131 0.0910863 -0.12527 0.0889036 0.240236 -0.0221721 0.0948384 -0.0290878 -0.141435 -0.00808234 -0.0163821 0.0556738 0.12517 0.251513 -0.10347 -0.13638 0.222426 0.190727 
0.0151603 -0.184763 0.0100173 0.0152695 -0.040133 -0.154081 -0.169688 0.0766895 -0.100723 0.261393 -0.117899 -0.106484 0.0251945 -0.0674056 0.00589513 0.25949 0.15317 0.116113 -0.247642 0.0329875 0.132271 -0.128267 0.0574512 -0.0555414 -0.149077 0.106396 0.139263 0.0657166 0.106332 -0.0378713 -0.020638 -0.21001 -0.202977 0.148524 -0.155981 0.010976 -0.138269 -0.0631284 -0.141257 -0.0533337 -0.103047 -0.164942 -0.525347 -0.0628762 0.0222347 0.0328692 0.0317959 -0.150353 -0.160958 0.0113042 
-0.0462067 0.161232 0.068605 0.175258 -0.10507 -0.0196649 -0.0976471 0.201013 0.106259 -0.090146 0.254507 0.132836 0.0793978 0.0243164 -0.205509 0.0909229 0.0756048 0.0972499 -0.0408654 0.00460123 0.182644 -0.0774487 0.136535 0.0796558 -0.0202503 0.203691 0.069895 0.129823 0.1381 0.03087 -0.0749777 -0.113601 -0.0879046 -0.0268916 0.0443853 0.0328071 -0.0904529 -0.249645 0.142503 0.0518872 -0.0699232 0.0155346 -0.324145 -0.0154469 0.135654 -0.110079 -0.238758 0.171803 0.290067 -0.105074 
-0.0477456 -0.26382 -0.275893 -0.267883 0.133379 -0.283175 0.0611018 0.0133446 -0.0431113 -0.219829 -0.165192 -0.0651047 0.247213 -0.41369 -0.187034 0.0724038 -0.093494 -0.0795221 -0.0244289 -0.130541 0.0223409 -0.0992257 -0.090641 -0.140092 0.0269314 0.45358 -0.0664484 0.395679 -0.00185244 0.369693 -0.145899 -0.155195 -0.0048102 -0.126608 0.0142742 -0.227114 0.0908735 -0.0510434 -0.122359 -0.0545613 -0.0174224 0.0863074 -0.04751 -0.201689 -0.146874 0.0273511 0.0449533 -0.0215215 0.0476233 -0.229222 
0.0342276 -0.0802508 -0.0101613 -0.0374016 0.269095 -0.0371918 0.0169184 -0.175066 -0.00722331 0.167882 0.114416 0.0260633 0.0934243 -0.143501 0.0717141 0.0942763 0.00562189 0.143612 0.101589 0.104558 -0.10202 0.109501 -0.0158904 -0.0693518 0.0904698 0.0403625 0.0688915 0.151127 0.00632002 -0.0718545 -0.0947911 -0.240685 0.0883374 0.0409019 0.0657278 -0.144166 0.0519772 0.0881267 -0.171654 -0.121434 -0.0421767 -0.123113 -0.679463 -0.274216 0.183861 0.0146186 -0.0863671 -0.237014 0.163712 -0.239088 
0.0918199 0.14746 -0.156976 0.0351505 -0.021029 -0.200636 -0.12974 -0.177341 -0.154873 -0.0360979 -0.102175 0.0449576 0.211467 -0.285733 -0.0126451 0.0779466 0.0186664 0.0964567 0.152606 0.0608228 -0.101758 -0.223138 0.0615651 -0.0932188 -0.184784 -1.17893 0.124402 0.115314 -0.0409396 -1.35452 0.166439 -0.148723 -0.217148 -0.181743 0.0533629 0.221939 0.171099 -0.0802368 0.0532811 0.00187528 -0.106363 -4.74313 0.00914347 0.00298774 0.018364 0.276352 -0.320954 0.0392591 0.152285 0.156195 
-0.153997 -0.115001 0.0682059 -0.0150537 -0.00525519 -0.156458 -0.355163 -0.15396 -0.208268 -0.163893 0.160273 -0.0999538 -2.63048 -0.148424 -0.0182298 0.0654218 -0.159752 0.0299731 -0.141374 -0.822455 -0.00334898 -0.0897153 -0.245013 -0.0061176 0.128394 0.0781324 -0.0276898 0.199247 -0.135656 -0.0122479 -0.0670319 -0.161878 -0.196875 0.0625265 -0.108427 0.0410747 -0.476007 -0.27017 -0.0620766 0.0538058 0.102587 -0.017611 -0.185637 0.168498 0.0959123 -0.0203495 0.0411547 0.0404572 0.0208089 0.057522 
-0.00056271 0.0675682 0.0105649 0.0114979 -0.0465142 -0.0948962 -2.31927 -0.187958 0.0419086 0.0482285 -0.0227524 -0.143441 -0.202264 0.079813 0.037947 -0.155653 -0.0857935 0.0935183 -0.089757 -0.181565 -0.109173 -0.0901064 -0.162749 -0.0996039 -0.0306379 -0.0663795 -0.181683 0.375758 -0.138493 -0.0198019 -0.00282223 -2.75729 0.0142139 -0.161591 -0.15804 -0.198023 -0.385233 0.0556861 -0.0159916 -0.0582019 -0.105052 0.0669259 -0.0281524 -0.111135 -0.0233607 0.0191922 -0.0177804 -0.165242 -0.286512 -0.151853 
0.0816956 -0.310783 -0.297085 -0.0266056 0.0589055 0.00535343 -0.489041 -0.272768 -0.15988 0.00100561 -0.0236231 0.0671692 -1.34158 -0.150249 0.0806648 -0.0984105 -0.153359 -0.0625518 0.147039 -0.0725721 -0.0778969 -0.158681 -0.139147 0.0994928 0.0633151 -0.20859 0.227053 0.0647602 -0.00726618 0.00946767 -0.0906902 -0.279489 -0.262517 0.0759103 -0.161274 0.111844 -0.496473 0.244981 0.142676 0.0985377 0.0189272 0.190663 -0.170013 0.207474 1.88087 0.227737 0.040738 -0.0652337 -0.0531993 0.071045 
0.0131428 -0.139707 0.796122 -0.0710208 0.26554 -2.34964 0.427823 -0.291641 0.0427012 -0.22648 0.419047 -0.0789521 -0.71582 -0.268631 0.236319 0.00938693 -0.0856485 0.462711 0.487602 -0.24 -2.0632 -0.353672 -0.0954728 0.394166 -0.215547 -1.29073 0.0327986 -0.291133 0.259421 -1.80078 0.571937 0.447559 -0.552016 0.21298 -1.27809 0.736529 0.311597 0.140062 -0.142723 0.0532264 -0.227687 1.6613 0.80417 0.585812 -0.319927 0.0323991 -0.447797 -1.14368 -0.0811241 0.0378375 
0.0493568 0.0934469 -0.0181792 -0.030677 0.0830785 -0.25002 0.0773724 0.0834717 -0.140123 0.267794 0.0202013 -0.0475421 -0.0990464 -0.102172 -0.192416 -0.0859675 0.20871 0.126863 0.192241 0.257559 0.0382403 0.22013 -0.0236711 -0.0738534 0.0271314 -0.0452431 -0.112724 0.112991 -0.139377 -0.093317 -0.0603459 -0.0370177 0.0338127 -0.087114 -0.236687 -0.180191 0.130983 -0.131446 -0.0523182 -0.0361633 -0.016557 -0.183048 -0.514987 0.062374 -0.27904 0.184977 0.030174 -0.244829 -0.119223 0.1077 
-0.0617754 -0.0682584 0.0490899 0.0646368 -0.0112694 0.172505 0.0615054 0.0377244 0.116254 -0.267072 0.178608 -0.278027 -0.090163 0.085398 0.125853 -0.196776 -0.114105 0.159429 0.22688 0.223435 0.14225 0.161336 0.0554558 0.150825 -0.11248 0.0786998 -0.0823467 -0.116283 0.0732607 0.170691 0.180866 -0.23929 -0.0955508 -0.0606786 0.101666 -0.0345405 -0.213002 -0.111082 -0.0782895 -0.183936 0.163256 -0.0158721 -0.26303 -0.000203906 0.127894 -0.0743617 0.0782265 -0.174782 -0.152494 -0.0151373 
-0.0521286 0.22213 0.0864293 0.06533 -0.249748 -0.141372 0.0359252 0.14366 0.080968 0.0770184 -0.167267 -0.15843 0.0459618 0.0233549 -0.123195 -0.0844181 -0.0190948 -0.0130599 -0.21624 -0.105543 0.0113984 -0.227203 -0.0503178 -0.180857 0.0852992 -0.122685 -0.0675403 -0.140135 0.246065 0.100242 -0.049892 -0.237531 -0.13153 0.1752 0.0495848 0.225734 -0.257396 0.140301 0.00230771 -0.103141 -0.171421 -0.0283994 -0.0338544 -0.172449 0.0620784 -0.241417 0.118566 -0.171851 0.208248 -0.0765321 
-0.0412982 -0.256825 -0.00741603 -0.0442963 -0.133272 -0.0705896 -0.295066 -0.0879639 -0.112379 -0.277246 0.174555 -0.0323242 -2.79246 -0.175575 0.0735946 -0.285214 -0.0878735 -0.260336 0.0754183 -0.347025 -0.2207 -0.170033 -0.0496028 -0.107862 -0.000251852 -0.121095 -0.142612 0.285987 0.0746334 0.112101 0.106802 -0.249265 -0.00125799 0.199643 0.0534913 0.0292949 -1.20782 0.00235429 -0.0505162 -0.0643978 -0.244502 -0.157764 -0.178044 -0.0109513 -0.130671 0.13177 -0.0205231 0.0296273 0.131222 0.0338638 
0.196216 -0.0408927 0.0104975 -0.0496431 0.123366 0.0295312 0.0724337 -0.0195634 0.0569239 0.0515579 0.0319609 -0.0430027 0.269026 0.0164372 -0.192847 0.138836 0.153953 0.148348 -0.0692342 -0.0566503 -0.0206052 0.0536233 0.0232825 0.0430574 0.111218 -0.168207 0.0959414 0.210994 0.119171 -0.0648687 -0.112495 -0.173983 -0.244269 0.00523838 -0.0985816 -0.170558 0.0375367 0.126966 -0.0562269 -0.0164682 -0.253674 -0.0439262 0.0833107 -0.0816886 0.200601 -0.0745671 -0.0341484 0.0942084 0.27922 -0.00607264 
-0.0797179 0.102314 -0.188948 0.0103562 0.196063 -0.441189 -0.0371635 -0.174897 -0.0285658 -0.256288 -0.179811 0.190415 0.00500323 0.0140984 -0.169952 0.00328311 0.155176 -0.267432 -0.0985152 -0.0199628 -0.243993 -0.0308806 0.0814459 -0.0802261 0.15455 0.381281 -0.0853388 -0.698968 -0.248677 0.232854 0.0505967 -0.183778 -0.549465 -0.152726 -0.0120382 -0.0759684 0.26354 -0.0646429 -0.102178 0.0711963 0.0462141 0.0668228 -0.219131 -0.19211 0.135177 -0.226566 0.0427173 0.141363 -0.0691189 0.128886 
-0.0882681 -0.0233667 0.126847 0.02486 -0.122622 0.0691121 0.289703 -0.0349612 0.0865625 -0.208753 0.079167 -0.170638 -0.0281451 0.153322 -0.171435 0.102357 0.108833 0.0231157 -0.201324 -0.26234 -0.170076 -0.108458 -0.0553369 -0.0626852 -0.172978 0.0201618 0.0416398 0.0623469 0.0756043 -0.050602 0.0652282 -0.129079 0.169686 0.0725197 0.0930929 -0.195873 -0.237319 -0.101872 0.073318 0.0177345 -0.0567579 0.0591706 -0.192416 -0.0221007 0.144233 0.0685188 -0.16264 0.222946 -0.0747783 -0.251054 
-0.142253 0.223953 -0.0356806 -0.0391482 0.11652 -0.180463 0.0691133 0.123964 -0.112368 0.0744797 -0.0294121 -0.0201056 -0.206611 -0.103051 0.00118052 0.0427731 0.050563 -0.270792 0.141455 0.0412228 -0.0579971 0.0987685 -0.0801156 -0.180679 -0.212545 -0.89858 -0.0971033 0.286021 0.0641166 -1.01925 0.0847533 0.0453828 0.202562 -0.12092 -0.258696 0.0879184 0.0469631 -0.18411 -0.172544 -0.0319923 -0.0283335 -5.41879 0.0100932 0.0640804 -0.340157 -0.130384 -0.283648 -0.229837 -0.151174 0.0246414 
-0.196229 0.0861811 -0.727975 0.114643 -0.0880842 0.159104 0.200601 -0.107042 0.161108 -0.175828 -0.763621 -0.0384247 0.437112 0.150368 -0.489782 0.0861178 -0.0476749 -0.67892 -0.529278 0.0887085 0.109389 -0.125662 -0.0817634 -0.0766912 -0.0629107 1.51282 -0.0538552 -0.232258 -0.275741 1.80853 -0.623259 0.0614778 0.0364483 0.0202377 0.213111 -0.473965 0.529237 -0.238426 0.196519 -0.14294 -0.0996932 0.924907 -0.206137 -0.88844 0.614097 -0.128065 0.0756686 0.109069 0.063869 0.124479 
-0.158151 0.0156269 -0.313563 -0.254049 0.147843 -0.0121887 0.234041 0.0260326 0.0058117 -0.0623924 -0.155279 0.0504403 0.00896785 -0.110242 0.0965528 0.00664602 0.286394 0.0242382 0.0686398 -0.487996 -0.134511 -0.122769 0.0526914 -1.40553 -0.0464666 0.295261 0.121658 -0.258294 -0.0143692 0.443873 -0.20529 0.215052 0.00757283 0.135979 0.261227 0.0592192 -0.198831 0.165578 -0.0250881 -0.170092 -0.176679 -0.450625 -0.316942 0.336902 -0.163619 0.0560017 -0.806793 -0.801678 0.0884751 -0.0654946 
-0.0934718 -0.080116 -0.0756675 -0.229847 0.14935 -0.103121 0.213972 -0.19082 0.0628815 -0.0985763 -0.13311 0.222465 -0.0459134 -0.0150995 0.0269438 -0.140079 -0.122289 0.113989 0.182417 -0.00267269 -0.0538215 0.00320969 0.0623294 0.0836212 -0.0876036 -0.145434 0.0181982 -0.204873 -0.0196315 -0.0604932 0.0354401 -0.347671 -0.133811 -0.072584 -0.171299 0.126936 -0.101315 -0.246308 -0.0964201 -0.0861596 -0.0986408 -0.0676783 -0.0646718 0.166817 0.0523742 -0.167157 0.0929875 0.0956684 0.0847964 -0.0359192 
-0.174327 -0.086735 0.087562 -0.050429 -0.12981 -0.336462 0.0458051 -0.238929 0.187552 -0.370948 0.0635796 0.123757 -0.197791 0.042402 0.153557 -0.131049 0.0862896 0.0585668 0.127204 0.0396753 -0.432872 -0.0113455 0.0340257 -1.02227 0.01032 0.0395544 0.00941505 -0.044844 0.000267491 -0.0114784 0.28309 -0.31273 -0.206769 -0.222893 -0.125517 0.0518662 -0.376868 0.140079 -0.0730364 -0.266677 0.142684 -0.290139 -0.820655 0.0333174 -0.457207 -0.0451921 -0.909014 -0.804193 -0.0347941 0.116203 
-0.133569 -0.0532129 -1.48946 -0.0631016 -0.436501 0.16913 0.0757432 0.00717161 -0.205912 0.107114 -1.67272 -0.248148 0.663335 -0.0609653 -1.16919 -0.0813408 -0.13524 -1.45643 -1.62349 0.0256455 0.369422 -0.0529233 -0.0853505 0.134732 -0.0960404 2.63703 -0.174373 -0.607432 -0.28421 2.34861 -1.43381 0.32373 0.0538378 -0.00268194 0.119459 -1.03379 0.274858 -0.300252 -0.033019 -0.154373 -0.0480015 1.04956 -0.0404681 -1.80142 1.00377 0.000906558 -0.0975267 0.29667 -0.0101474 -0.191119 
-0.159058 -0.15356 -0.196244 0.166116 -0.00548838 -0.0428523 -0.381286 -0.190372 -0.10039 -0.0875643 0.0149239 -0.0103948 -0.0758603 -0.255711 0.0242666 0.179211 -0.171126 -0.157862 0.0446665 -0.0773871 -0.0755515 0.193578 0.029731 -0.180548 -0.0626088 -0.139024 0.116843 0.175609 0.0251404 -0.329504 -0.191436 -0.283988 -0.172011 -0.200439 -0.236204 0.104588 -0.0704681 0.142081 -0.170169 -0.106978 -0.123251 -0.146202 0.0678895 -0.163801 -9.26399 0.136179 -0.137777 -0.0436164 0.036772 0.034322 
-0.0697669 0.0843829 -0.135897 -0.140619 0.162769 -0.146379 -0.637266 -0.0684282 0.199416 0.0850596 0.0070977 -0.258417 -1.22215 -0.0701385 0.0234333 -0.136517 -0.0569611 0.111317 0.208718 -0.391175 -0.0847083 -0.139211 -0.0425613 0.0383996 -0.0999357 -0.0697687 -0.181778 0.0778303 0.0428683 0.0281242 -0.0887682 -0.545449 -0.253387 -0.310313 0.0688458 0.148881 -0.902245 -0.109013 -0.0559459 -0.15125 -0.122329 0.0240992 0.078678 0.0370911 0.947766 0.02862 -0.173645 0.118549 -0.0882251 0.036886 
-0.0491264 -0.26056 -0.257815 0.0355942 -0.0468694 -0.189843 0.0771608 -0.0570234 -0.131375 -0.235484 -0.113558 -0.036677 0.13053 -0.357932 -0.148703 -0.204343 0.06675 -0.21626 -0.218134 -0.0407334 -0.112768 -0.167949 -0.157836 -0.0292949 0.0464616 0.265812 -0.308562 -0.0181532 0.182349 -0.0589563 -0.050305 -0.0959127 0.128475 0.0890581 -0.0581153 0.119793 0.161557 -0.100085 -0.0592249 0.0279126 -0.0603322 0.0465871 0.146745 -0.109044 0.022462 -0.25318 -0.0404479 -0.140619 -0.126563 -0.0854366 
-0.0125393 -0.000290255 -0.144255 -0.13113 0.0231582 -0.280066 -0.151364 -0.0159756 -0.0223 -0.246655 -0.0503365 -0.192834 0.0328124 0.0872775 0.139024 -0.125443 0.227659 0.0336305 0.104859 0.0089188 0.132686 -0.0455863 0.0418161 0.0318036 -0.198836 0.134449 0.162445 -0.261123 -0.160751 -0.0670047 0.0709874 -0.229321 0.0219969 0.0497767 0.139251 -0.0847908 0.125916 -0.0464592 -0.0951906 0.0422208 -0.0342955 -0.140336 -0.10384 0.190852 0.063813 -0.149169 0.113311 -0.0111088 -0.00839904 0.0885128 
0.15004 0.235564 -0.173311 0.0920387 0.0352247 -0.107395 0.043394 -0.0845715 0.0736126 -0.099461 0.268593 0.190575 0.162112 -0.0264066 0.153854 0.192668 -0.185863 0.109034 0.189208 0.0277202 -0.252595 -0.140011 -0.19756 -0.183843 -0.18342 0.199015 -0.0859655 0.0724512 0.0931052 -0.0427886 -0.24295 -0.0316553 -0.284578 0.213696 -0.0589606 -0.0533825 -0.177369 -0.0113702 0.052263 -0.00692407 0.0732197 -0.0118595 -0.0983534 -0.0497556 0.21239 0.0143496 0.10826 0.0294053 0.113132 -0.0324602 
0.0309246 -0.221528 0.0335656 0.0555396 0.070083 -0.116272 0.0112457 -0.0270532 -0.0462174 -0.0215104 -0.00153284 0.252263 -0.243355 -0.0294683 0.0648578 -0.0708453 -0.0107771 0.0681962 -0.00618748 0.216082 -0.102651 -0.167301 -0.285102 0.0716001 0.194436 -0.0946651 -0.142638 0.0369149 -0.0833111 0.235564 -0.0517998 -0.199905 0.175351 -0.0143926 -0.0446712 -0.149327 -0.267858 0.122248 -0.105011 -0.070831 -0.020075 -0.00905714 -0.372528 -0.165368 0.251556 0.241085 0.114182 -0.192131 -0.102819 -0.0786262 
0.00716066 0.0307987 -0.229498 -0.0694674 -0.160566 -0.277592 -0.0710138 0.14861 -0.146884 -0.176256 0.0529045 -0.0703907 0.167452 0.0344541 -0.161143 -0.264513 -0.0221387 -0.228088 0.27607 0.173955 -0.31451 -0.0144884 -0.00263015 -0.324086 -0.209066 0.686677 -0.092667 -0.942642 0.164922 0.655287 0.208958 0.158097 -0.194514 -0.178913 -0.000444511 0.0308872 0.05144 0.174316 -0.109658 -0.114985 -0.0322167 -0.343074 -0.0785507 -0.15662 0.204435 -0.18697 -0.401042 -0.190594 -0.187031 0.09783 
0.164697 0.0244266 0.0740321 -0.0275596 0.265181 0.111804 0.176858 -0.0784177 -0.0614477 0.0413771 -0.045334 0.166904 -0.0768307 0.0153407 -0.0447266 0.026814 -0.0405229 -0.126909 0.265234 -0.0159664 0.215846 0.0766294 -0.122017 -0.173019 -0.0705849 0.280766 -0.0706823 -0.238121 -0.109625 -0.000665125 0.0788351 -0.165048 0.269194 -0.00279894 0.0525063 0.0776602 -0.047153 0.0537346 -0.0503136 0.055634 0.0702747 0.13161 -0.191294 -0.0774305 0.112768 -0.0891914 -0.00766526 -0.104923 0.327561 -0.179595 
-0.129106 -0.0197168 -0.0328308 -0.173802 -0.165842 0.0245474 -0.0332307 -0.0738479 -0.139226 -0.0755648 0.0249493 -0.143345 -1.52482 -0.269311 -0.0574298 -0.00594315 0.232892 -0.125149 -0.0705189 -0.0584717 0.134977 0.0100979 0.104465 0.10063 -0.108642 0.0836612 0.00994689 0.0840747 -0.0819599 -0.157591 -0.170663 -0.132438 -0.152715 -0.0838697 -0.0321529 0.0202412 0.0392442 -0.219688 -0.0685695 -0.112808 0.0503952 0.324289 -0.110552 0.0117852 1.19008 0.0818263 0.0176924 0.00352181 0.210623 0.220218 
0.0669208 
0.0266162 
-0.0155466 
-0.201279 
0.00165865 
-0.0199383 
-0.357264 
0.00778199 
0.178134 
-0.00180726 
-0.00329609 
-0.0192886 
-0.488955 
0.00352065 
0.00261574 
0.0844426 
-0.173586 
-0.0253138 
0.0052403 
-0.0022676 
0.0258263 
0.00390505 
-0.00992295 
0.00740304 
-0.206939 
-0.544098 
0.00243871 
0.281755 
-0.0010272 
-0.53007 
0.010195 
-0.286708 
-3.27997e-05 
-0.00374262 
-0.0143126 
-0.00359523 
0.465192 
0.228819 
0.108766 
0.045356 
-0.0648851 
1.41796 
-0.0255569 
0.000265231 
1.28595 
0.0535085 
-0.0255945 
0.00252923 
-0.0417936 
-0.0694367 
-0.00544877 -0.0041278 -0.000768672 -2.9743 -0.00364524 0.655928 -0.0133549 -0.0121167 -0.00842229 -0.00340838 -2.82681 -0.00375324 -3.00331 -0.0247791 -2.79239 0.28323 -2.79907 -0.000647045 -0.00465607 -0.00141021 -0.00165899 1.80952 -0.000257819 -2.57131 -3.11441 -2.87974 -2.12932 1.41483 -0.00581073 -0.000272759 -0.00636816 -2.90911 -0.00446082 1.10711 -0.0139639 -2.47768 3.02419 0.416483 -0.000438501 0.228219 3.22337 -2.31278 -3.06277 -0.00101089 -0.000368516 -0.017005 -0.00410289 1.4843 -0.000402785 -1.90364 
0.0895394 0.0226864 -1.43235 0.0954644 -0.360513 0.242228 0.250949 0.0281586 0.1 0.0751438 -1.54411 0.0750189 0.312849 0.0142711 -1.21035 0.0863558 0.107209 -1.33803 -1.98676 0.0678905 0.636419 0.0584515 0.075866 0.0800321 0.0777956 2.48556 0.0779515 -2.17447 -0.185163 2.5168 -1.25965 0.167574 0.117872 0.0471975 0.283697 -1.12938 0.392414 0.0716763 0.0444787 0.0785254 0.0679474 0.871273 -0.17673 -1.58132 1.05352 0.1 -0.127575 0.254982 0.00608226 0.112714 
-1.8448 
