1 30 30 1 
1.07956 0.229846 -0.159742 -1.65737 0.321362 0.664419 0.146267 0.227248 -0.237286 -0.0303075 0.291465 -0.0315067 -1.52618 -0.35196 -0.290262 -0.421155 0.260426 0.282744 -1.2339 -0.718521 -0.377881 -1.51024 0.24583 -0.673186 0.677675 -0.302669 -0.0270863 -0.339611 -0.121572 -1.12909 
-0.0641545 -0.219864 -0.409817 0.122061 -0.448524 0.263484 0.243039 -0.0518901 -0.0281584 -0.01263 -0.156071 -0.134677 -0.216007 -0.0736821 0.368692 -7.78116 -0.0221321 -7.20748 -0.148984 -0.0567852 -0.191617 0.212002 0.305921 0.101777 -0.588638 -0.0257787 -0.0236722 -0.0496044 0.260506 -0.805932 
0.23877 -0.0809776 -0.574166 -0.0286416 -0.503454 -0.307644 0.231902 -2.56396 0.298524 -0.883961 -6.35449 -0.295101 -0.00747427 0.0539515 0.0613203 -0.266236 0.129798 -0.0620163 -0.333566 -0.0128721 -0.372894 -0.458258 -0.0176701 0.043793 -0.130214 0.279169 -0.159727 -0.392023 0.041821 0.0268234 
0.692073 -0.255969 0.0952489 0.259013 0.882546 2.49421 0.654739 0.600234 3.27523 -1.35073 2.1907 -0.0384009 -0.0380458 -0.105176 2.65843 0.381359 0.192256 0.392982 0.758471 0.54043 0.45886 -2.54882 -0.137456 1.1933 0.00310531 0.0146254 -0.109579 0.0575906 2.37058 0.543611 
-0.275417 -0.24154 0.358565 0.0483743 -0.00116329 -0.164683 -0.177135 0.127712 -0.143425 0.151885 0.243529 0.0627177 -0.268333 0.230674 -0.464038 -0.483467 0.149075 -0.225356 0.250919 -0.0573274 0.0896081 0.00382326 0.0781056 -0.264435 0.162988 0.0973445 0.219969 -0.646037 0.259923 -0.486769 
-0.0992556 0.0619836 -0.456319 -0.389067 -1.86505 0.0674697 0.0227609 -0.627644 -0.209825 -0.325919 -0.639521 0.191427 -0.000314019 0.144741 0.13719 -0.462888 -0.384806 -0.190808 2.50377 0.0926324 -7.52017 -0.19809 -0.251075 0.0870486 -0.386906 -0.0883773 -0.136121 1.7149 0.280924 -1.20347 
-0.0634807 -0.118719 -0.348572 0.0837678 -0.9933 -0.0765913 -0.335487 0.126442 0.167699 -0.0345653 -0.229827 0.0967442 -0.313468 0.122538 0.392889 -0.72323 0.101524 -0.261716 0.0599064 -0.12144 -0.405848 -0.168916 -0.245977 -0.0962327 0.10304 -0.0283834 -0.0191578 0.0076561 0.183616 -1.46941 
-0.00960496 -0.0700536 0.0149937 -0.398648 -0.135699 -3.57127 -0.0708863 -0.384497 -0.0396154 -1.46423 0.12411 0.163217 -0.0512013 0.126158 0.298245 0.0878369 0.0480578 0.00460972 -0.11799 0.0213104 -0.139319 -1.20559 -0.180747 0.282031 -0.323587 -0.0449874 -0.321892 0.264025 0.00505003 0.124647 
-0.0589419 0.104114 -0.304203 0.00674685 -0.44255 -0.335481 -0.0580967 -1.56 0.153627 -0.668792 -2.98052 -0.225279 0.0782979 -0.0462936 0.180133 -0.150397 -0.0497958 -0.0831949 -4.725 -0.121091 -0.861562 -0.494402 0.310758 -0.268824 -0.217065 0.00280024 0.0392889 -3.36885 0.142873 0.136404 
-0.150019 0.0379598 -0.230114 0.00370066 0.217372 0.359825 0.299325 0.0659078 0.114718 -0.200354 0.113585 -0.300424 -0.332641 -0.0647628 -0.160273 -0.0904934 0.239369 -0.0450128 -0.0113769 -0.137551 0.0387178 -0.229046 -0.189255 0.105996 0.350334 0.0683812 -0.0416986 -0.323234 -0.150789 -0.29022 
-0.835705 0.0252484 0.0332842 -0.721275 0.496794 1.58245 -0.856389 2.12922 -0.498411 0.740436 1.5553 0.00560975 -0.13196 -0.0564622 -0.0807504 0.363407 -0.311364 0.208012 0.347651 -0.633745 0.77537 2.40647 -0.245977 -1.45387 0.121461 -0.117711 0.318155 0.407995 -0.46547 0.52863 
-0.123133 -0.0481492 -0.0635286 0.125731 -4.13672 0.128175 0.173202 -0.189329 0.0125586 -0.0236632 -0.134149 0.181609 0.0185061 -0.279956 0.409536 -0.170372 0.021329 -0.3293 -1.07594 0.193948 0.430425 -0.0332723 -0.111275 -0.344458 -0.444526 0.00307549 -0.172622 -1.31048 -0.102309 -2.15897 
-0.109034 -0.327304 -0.227825 -0.151259 0.422947 0.742559 -0.0356355 0.810108 -0.0895878 0.260998 0.721259 -0.210469 -0.0580143 -0.177474 -0.0897013 -0.191557 0.0649894 -0.0118649 0.419324 0.0916854 0.251638 0.898099 -0.089009 -0.356661 -0.0517733 0.133096 -0.113365 0.0983644 -0.0269231 0.23956 
-0.346402 0.0732153 0.155468 0.260811 0.19355 0.191818 0.158746 0.0147707 -0.258657 0.175046 -0.304125 -0.0219358 -0.0783168 -0.251099 -0.182152 -0.116351 0.0995593 -0.0704959 0.110083 0.238562 0.0400503 -0.102926 0.00266321 0.0227813 0.212461 0.144687 -0.0683637 -1.12378 0.144315 -0.391832 
-0.0435703 -0.129886 0.488519 0.132023 -0.0857217 -0.108196 0.135131 0.0638861 -0.14582 -0.200252 0.121875 -0.0720487 0.0191272 -0.217105 -0.740809 -0.291503 -0.0386917 -0.493473 -0.221342 0.321856 0.0251607 -0.14182 -0.0243245 0.160888 0.281231 -0.36306 0.140864 -0.937549 0.101697 -0.129025 
-0.0144202 -0.18883 0.113583 0.158214 -0.00779703 -0.081292 -0.217725 0.118397 -0.153649 -0.0497378 -0.0735987 0.224902 -0.0131822 0.0652623 -0.377812 -0.318665 -0.195597 -0.368469 -0.0362059 -0.1922 -0.0508178 -0.0768891 -0.0345676 0.104414 0.138715 0.00796126 0.049909 -0.951056 -0.00347708 -0.0595631 
-0.196171 0.0267198 0.152679 -0.077226 0.332345 0.40199 0.180834 0.137939 0.00141418 0.0176894 0.253772 -0.178935 0.173025 0.108007 0.157137 -0.0981552 0.133531 -0.0300313 -0.0167615 0.0365533 0.0687493 -0.36901 0.0692254 -0.185427 0.189483 0.0069967 -0.138375 -0.0383638 0.404454 -0.210275 
0.000905663 -0.0762095 -0.450098 0.0216908 -0.32011 -0.350769 -0.185933 -2.31381 0.0129093 -0.481035 -5.94641 -0.0196755 -0.0565946 -0.313766 0.377849 -0.139185 0.142493 -0.193623 -0.765422 0.0379015 0.0239306 -0.159838 0.166041 0.013895 -0.117081 -0.343429 -0.111197 -0.235737 0.0468939 0.249896 
-0.201751 0.10031 -0.285709 -0.0236147 -0.804797 -0.119563 -0.111676 -1.2256 -0.197379 -0.200913 -0.636668 0.0145367 -0.113936 -0.192747 0.182027 -0.292786 -0.172171 -0.248365 -9.34151 -0.0387866 -0.714396 -0.367332 -0.188891 -0.0378814 -0.230967 -0.0228705 0.0829026 -5.51726 0.1313 0.130457 
-0.0672832 0.021559 -0.149501 0.029841 0.0306532 0.165392 0.232347 -0.0644378 0.314763 0.154842 0.0924834 0.179524 0.0444922 0.143073 0.211038 -0.0409952 -0.0743085 0.0406337 -0.179135 0.118555 -0.0124233 0.103328 0.0848246 0.0405545 0.187048 -0.0387719 -0.0611941 -0.123929 -0.260016 0.0482092 
0.0656295 -0.155685 0.208369 0.0355369 -0.0215857 0.200268 -0.0460513 0.0911406 0.183938 0.0590928 -0.0589775 -0.0272393 0.198477 -0.317616 -0.102307 -0.0397771 0.123458 -0.258307 0.170389 0.0949404 -0.130476 -0.323659 0.0722452 -0.0312373 0.0510687 -0.148221 0.0186708 -0.616587 -0.0807253 -0.481318 
-0.183212 -0.0679227 0.256635 -0.13779 -0.00763057 0.0904417 0.0167023 0.0758393 0.211798 0.271441 0.0135716 -0.0894771 0.0929006 0.150085 0.0740461 0.262215 -0.230843 0.0787073 -0.258619 0.0364196 0.123863 0.11934 -0.197551 0.0942102 0.444052 -0.10773 0.132 -0.0152492 0.0873985 -0.211554 
-0.213922 -0.212304 -0.0846724 -0.114106 0.0768258 0.230156 -0.0103731 -0.131813 0.00455049 -0.262006 0.0418758 0.0425944 -0.167012 0.0549971 -0.0221914 0.0782298 -0.202057 0.0673093 0.121015 -0.323584 -0.0270297 0.203692 -0.199316 -0.0757154 0.407685 -0.209479 -0.0721543 0.0354321 0.0359781 0.0583994 
0.15189 -0.216825 -0.435043 -0.0358209 -0.592685 -0.446727 -0.34265 -1.25955 -0.0442472 -0.426128 -1.18762 -0.18825 -0.0107678 0.22476 0.096366 -0.249035 -0.0478386 -0.245449 -9.70548 -0.131846 -1.1462 -0.198712 -0.131841 0.0279517 -0.032553 -0.317269 0.0483278 -6.59929 0.232329 0.210921 
-0.273045 0.0983161 0.0800494 0.158743 0.106309 0.0944895 0.145007 -0.107905 -0.273369 -0.0236253 -0.113377 -0.00359829 0.0301236 0.0544721 -0.144327 0.163289 -0.285633 -0.19809 0.195377 0.0615917 -0.0488781 -0.197631 -0.192274 0.14513 0.381592 0.137351 -0.0362012 -0.0878567 0.111459 -0.268169 
0.000156908 -0.170195 -0.513092 -0.190873 -0.822165 -0.0730987 -0.059376 -0.298918 -0.0180391 0.168912 0.0770923 -0.0589264 0.181501 0.0140765 0.254331 -0.526155 0.0463371 -0.79439 -0.112044 0.0805117 -0.00433182 0.0980522 -0.25134 0.0704468 -0.0882051 0.0545489 0.0182088 -0.207989 0.195469 -1.73215 
-0.160653 -0.115122 0.324533 0.332739 0.0660908 0.25104 -0.289768 0.256355 0.25791 0.0911383 0.0206786 -0.107044 -0.0559426 0.120086 -0.271221 -0.177158 0.104857 0.0592676 -0.161795 0.213532 -0.0911991 -0.191954 0.00789098 0.110377 0.120726 -0.289444 -0.21183 -0.852879 0.266915 -0.359206 
-0.155089 -0.0628942 -0.0422051 -0.302311 -0.135927 0.588591 0.111855 0.779451 -0.358795 0.408903 0.822464 0.165051 -0.100448 -0.260525 0.117381 -0.0124217 -0.305362 -0.181344 -0.0521148 -0.0107079 0.0534512 0.65411 0.0140424 0.237138 -0.163325 -0.0834266 -0.35073 0.168326 -0.302774 0.0589025 
1.04131 -0.0644321 -0.194684 -0.188276 0.76264 1.45911 0.669447 -0.183556 1.56253 -1.88634 1.16815 -0.275614 -0.016122 -0.233408 1.40085 0.564368 0.293985 0.551486 0.673382 0.67592 -0.0169136 -1.34826 -0.113132 1.20188 -0.237441 -0.255555 -0.254553 0.0868024 1.89524 0.659466 
0.187091 0.179976 -0.0443094 0.214022 -0.164547 -0.253046 -0.15087 0.663689 -0.476454 0.538082 0.212824 -0.202689 -0.0222647 -0.106951 -0.433361 -0.55993 0.0629025 -0.344745 0.17713 0.0143944 -0.0244118 0.688608 -0.0368212 -0.286827 -0.253125 -0.0621155 -0.220872 -0.0339675 -0.54244 -0.258253 
0.138613 -0.0545117 0.021749 -0.000270508 -0.220247 -0.402681 0.00359836 -0.0571707 -0.150054 0.105753 -0.00389923 0.0175123 -0.220734 -0.0242207 -0.662448 -0.4952 0.221908 -0.0757382 -0.401784 0.0970396 0.226077 0.274298 -0.0774619 -0.233833 0.416127 0.0758366 -0.121686 -1.10222 -0.0100041 -0.145994 
0.00100929 
0.161279 
-0.20415 
-0.00169813 
1.10156 
0.918382 
-0.0109745 
2.93608 
0.00356654 
-1.0834 
-3.40359 
-0.105412 
-0.244374 
-0.234266 
0.293793 
1.09208 
-0.00325513 
0.871469 
1.16577 
0.00463102 
-0.898738 
-0.606831 
-0.0646969 
0.0199355 
-0.546555 
-0.278354 
0.00428933 
1.22839 
0.164315 
-0.668405 
-2.0968 -3.09792 1.89829 0.135283 -2.57805 -2.93032 -2.92854 -3.00755 -0.0134245 3.73294 -2.06786 3.22021 -0.0011517 0.237777 0.110672 -0.0036751 -3.26472 -2.5892 -0.00127044 -0.000889199 -0.00502277 -0.00882765 -2.37475 -0.00160043 -3.18857 -0.00861197 3.22509 0.674895 2.24883 0.284319 
-1.03068 0.0683554 -0.0474466 -0.502866 0.320421 1.17206 -0.976397 2.13952 -2.32371 1.36473 1.48649 0.1 0.0826424 0.0780107 -2.03207 0.176938 -0.71114 0.280521 0.306574 -0.902666 0.627694 3.01735 0.1 -1.84379 -0.0324902 0.0569394 0.119516 0.351988 -2.19204 0.414303 
-1.74234 
