1 25 25 1 
-1.01514 0.216081 -0.473035 -1.69993 -0.777239 -1.17603 1.07013 -0.491785 0.329046 -0.356858 -0.433874 -0.101847 1.04481 0.271698 0.248301 1.50011 1.81673 0.135992 0.371687 0.145645 0.30947 -0.760223 0.548453 -0.312104 -0.407798 
-0.0983764 -0.111589 0.172316 -0.189275 -0.0137888 -0.0160845 0.195024 0.488415 -0.349322 0.484771 0.0887652 0.0603014 0.118287 0.353181 -0.0663749 -0.137037 0.217218 -0.244102 -0.676054 -0.185575 -0.061599 -0.0391975 0.379755 0.365407 0.115477 
-0.0555517 0.161327 -0.102335 -0.0885442 0.275492 0.124542 -0.455672 -0.0281248 -0.151828 -0.335602 0.0604614 0.101548 -0.270774 0.128992 0.237862 -0.0983331 -1.98216 0.0541873 -0.25391 0.055532 -0.0311664 0.13407 -1.00339 0.160276 0.216347 
-0.133463 0.115523 -0.226085 0.0659116 0.220077 -0.223763 -0.386578 0.047994 -0.155808 0.134628 0.187904 -0.0328498 -0.0617856 0.0837394 -0.119176 -0.101781 0.553922 0.316769 -0.606645 -0.0216476 0.266391 0.320887 -0.0701816 -0.101656 0.0765121 
-0.142128 0.0149199 -0.0229023 0.2477 -0.0126003 -0.168852 -0.0935151 -0.017674 0.201063 0.530545 0.151633 -0.498165 0.537178 0.0101372 -0.194541 0.0740796 0.289395 0.0265202 -0.666999 -0.0479073 0.157162 0.129125 0.0718517 0.00893526 0.00984193 
-0.0557773 0.239216 0.361859 -0.135651 0.265134 0.137692 -0.201362 0.237047 -0.306957 0.308922 0.0958817 -0.0229126 0.265897 0.32686 0.217229 -0.0135789 -0.128282 -0.00897967 -0.848227 -0.120575 0.165599 0.12447 0.018454 -0.35746 -0.214494 
-0.200476 0.143779 0.358703 -0.202576 -0.0329599 -0.0463648 -0.359893 0.343809 -6.48697e-05 0.314186 0.22654 -0.0145337 0.440941 0.0575859 0.0806192 0.163791 0.392128 0.0528728 -0.83192 -0.206178 -0.0539144 0.220564 -0.203998 -0.314095 -0.209367 
-0.151377 -0.235438 -0.125682 0.0205894 -0.186262 0.09762 0.346959 -0.303357 0.0231172 0.156703 -0.177842 -0.189141 -0.317059 0.0798075 -0.0313801 -0.354065 0.443919 -0.0377273 -0.0485548 0.242582 0.076865 -0.19726 0.00517723 -0.307097 -0.28149 
-0.0836091 0.330122 0.270422 0.0553551 0.289181 0.157807 -0.0719696 0.413462 0.164147 0.0778968 0.293152 -0.144118 0.180718 0.146619 -0.0377196 0.243816 0.259484 -0.182783 -0.335816 -0.443822 -0.116112 0.160653 -0.0415711 0.204784 -0.338102 
0.122896 -0.103261 -0.226246 -0.223663 -0.0145947 -0.35617 0.377119 0.0235268 -0.0397426 -0.0675811 -0.354179 0.089578 0.399741 -0.213249 -0.175372 0.0081186 0.0794376 -0.0370548 0.139022 0.208558 0.360683 -0.0476396 -0.0609015 0.301865 -0.0694766 
-0.214228 0.215159 0.0258713 0.0583958 0.350205 -0.358769 0.193283 0.156815 -0.3082 0.407589 0.245692 -0.349028 0.176704 -0.0994147 -0.0325391 -0.269258 0.241856 0.22229 -0.55298 -0.192054 -0.0862079 0.235897 -0.0136977 0.0748969 -0.0634963 
0.214351 0.185843 0.214811 0.130663 -0.107815 -0.0404301 -0.061961 0.195148 -0.308456 0.44994 0.187308 -0.0263568 -0.0988499 0.282694 -0.136809 -0.161964 0.299025 0.0525085 -0.866916 -0.231441 0.395569 0.143399 -0.237555 -0.154514 -0.0609044 
-0.191396 1.36746 1.10389 -0.221853 1.70634 0.196945 -1.58392 1.23941 0.536223 0.735281 0.278431 -0.765473 0.401963 -0.123438 0.027913 0.117985 1.52726 -0.185785 0.792913 0.810347 0.588018 -0.0499929 1.31941 0.00539461 -0.190078 
0.291829 -0.18283 -0.0920859 0.189505 0.405091 -0.394566 -0.0899097 0.00251909 -0.254972 -0.316563 0.119476 -0.0258891 -0.369076 -0.114245 -0.311763 -0.33658 -0.199217 -0.05434 -0.540583 0.115733 0.079385 0.228249 -0.270868 0.309551 -0.149691 
-0.148243 0.137636 -0.0190999 -0.178401 0.163404 -0.297971 -0.411635 0.027372 -0.0922486 -0.385801 0.0295178 -0.0311144 0.120507 0.0180221 -0.336243 0.131003 -0.73292 -0.223555 -0.143069 -0.0598144 -0.151539 -0.191772 -2.18919 -0.189791 -0.061585 
-0.0398106 0.175798 0.0951342 -0.0110888 0.0488565 -0.0749319 -0.445597 0.326666 0.150223 -0.843604 0.219172 0.0869083 -0.0812094 -0.290153 0.0846351 -0.0497294 -0.296644 0.331228 0.00378332 -0.344835 -1.03011 0.0900432 -0.788658 -0.088664 -0.215547 
0.000320799 0.1693 0.133425 -0.307023 0.194002 -0.198897 0.246823 0.087242 0.131827 -0.193981 -0.0473707 0.189585 -0.259636 -0.160075 0.149114 -0.0225734 -0.0418956 -0.260885 -0.410209 -0.23487 0.0517333 -0.0226696 0.264715 -0.0608799 0.0904395 
-0.0781152 -0.0435206 -0.0562492 0.126757 0.316546 -0.0216353 -0.296341 0.0288312 0.0324798 -0.0164274 0.160676 -0.103332 -0.27269 0.0537816 0.0736642 0.0748894 0.133834 0.0501507 -0.00712638 -0.00399803 0.0704948 -0.0958294 0.154803 -0.331556 -0.172044 
-0.109182 -0.0842785 0.27641 -0.020755 0.168198 -0.208915 -1.23312 0.258836 0.170993 -0.178905 0.0414831 0.0529502 0.183572 0.33156 -0.0456963 -0.11156 -4.3723 0.148549 -0.256905 -0.217005 -0.0754057 0.0709553 -0.0263171 -0.215403 0.00305783 
-0.218044 -0.299567 -0.112446 0.168447 0.33073 -0.255788 -0.0279304 -0.0886749 -0.0131119 -0.779777 -0.201671 0.203563 -0.0858839 -0.0426897 -0.119905 0.148564 -0.438309 0.0385818 0.201568 -0.0275859 -0.361147 0.211812 -0.281013 0.143878 0.022944 
-0.258284 0.223429 0.0372929 0.0117958 0.146593 -0.038518 -1.1886 0.1081 0.0124652 -0.106787 0.0813589 -0.0348002 0.352015 0.163399 -0.0791541 0.244091 -2.95682 -0.0350068 -0.159067 -0.382558 0.241044 0.0470495 0.261093 -0.0896629 0.246717 
0.0423884 0.04053 0.159937 -0.108225 0.538149 -0.249421 -0.522768 -0.339597 -0.268181 -0.229061 0.122988 -0.231742 0.117181 0.18844 -0.067749 -0.183334 -0.6147 -0.157379 -0.0959244 -0.493861 -0.690185 -0.233688 -0.714401 -0.00835236 -0.15601 
0.0708881 0.342502 0.156812 -0.205493 0.384791 -0.0373071 0.0848143 0.0159017 0.148505 0.0861133 -0.0560259 0.12778 0.21435 0.40755 0.0191907 0.166317 0.433667 -0.160044 -0.504716 -0.0607948 -0.12372 -0.130054 -0.00509544 -0.110437 -0.257322 
-0.101594 0.111596 0.343582 -0.161318 0.182885 0.0938365 0.13947 0.266046 0.157966 -1.02594 -0.221835 -0.0508071 -0.297787 0.000285332 0.0780768 0.0322567 -0.13318 -0.28765 0.0141481 -0.230684 -0.745423 0.226043 -0.440639 -0.285378 0.203806 
0.0580033 0.300022 -0.228466 -0.101907 0.106332 0.00359908 -0.201616 0.0915744 -0.0444092 -0.0562908 -0.164782 -0.180038 0.180983 -0.034741 0.0999915 0.129345 0.357161 0.158037 -0.983385 -0.130104 -0.143272 0.21434 -0.169019 0.164766 0.176999 
0.161674 0.0995345 -0.0303888 -0.115266 -0.163531 -0.0991925 0.0265969 0.48526 -0.0669357 0.137177 0.183585 0.0328379 -0.00173253 0.457258 -0.24786 -0.298356 0.645389 -0.106677 -0.236234 -0.337442 -0.239376 0.261328 -0.0594044 -0.136928 0.252057 
0.0144479 
-0.0264945 
-0.00260679 
0.308233 
0.290177 
0.109216 
-0.540757 
0.00250106 
0.000861087 
0.307479 
0.0107995 
-0.00213109 
0.273643 
0.143002 
-0.343147 
-0.228345 
1.05453 
-0.132705 
-0.151316 
-0.190867 
0.342026 
0.00916637 
-0.995199 
-0.0389301 
-0.232388 
0.067001 -2.79523 0.221514 0.289774 0.131929 0.309512 2.43621 0.239986 2.07992 0.220418 0.293395 1.11081 -2.53337 -3.07295 -2.88834 -2.42557 -2.48029 -2.53545 -2.81447 -2.71699 -2.73901 0.28125 -2.43069 0.161803 0.307457 
0.271945 -1.66446 -1.96762 0.1 -2.09676 0.1 2.62967 -2.02536 -1.38984 0.65414 0.282861 0.923497 0.266283 0.254292 0.0821994 0.0518302 1.16713 0.0461091 0.16586 0.923704 0.545366 -1.12129 0.595166 0.0858046 0.0874097 
-1.97688 
