1 20 1 1 
0.20609461 0.37236786 0.16338903 -1.0667537 -1.3020061 0.29069674 0.16914624 0.35857743 0.5565569 0.29417735 -0.103453174 -0.75739145 -0.104368165 -1.4537536 0.14044838 0.146882 -0.76880705 -0.058172155 -0.52901405 -1.1808661 
-4.9396286 
1.0782493 
-1.4100733 
0.13029365 
-1.9021592 
0.72102994 
0.29009175 
1.0065596 
0.31576607 
0.23437591 
0.26799393 
0.32906538 
3.5188122 
0.22546707 
0.12434789 
0.27347976 
-2.2665133 
-1.6147518 
-2.0752876 
0.037707012 
1000.0 
-10.485833 -5.3378377 -4.8843913 -0.0325501 1.5144511 -4.6862965 -3.3708932 -5.209433 -2.9774542 -5.87218 -0.030511862 -0.031042166 7.2577243 -0.029998953 -2.801763 -2.8248882 2.4195125 5.895689 2.279478 -0.025186244 
-2.92825 
0.0 
