1 20 1 1 
-0.2525201 -0.9202405 -0.2763114 0.2720432 -0.8596761 -0.6765592 1.0166439 -0.5211552 0.39984265 -0.061231896 -0.9657577 -0.16279648 -0.7932654 0.55623615 0.20277718 -1.2106003 -1.4363425 -0.25081223 -0.46743512 -0.27558407 
-1.0224763 
-1.0423946 
-1.1068068 
1.4908501 
-1.0392185 
-1.0054485 
0.29108405 
-1.0340977 
0.3439786 
0.5978576 
-1.0079073 
-0.25715166 
-1.0080115 
0.24248806 
-4.076674 
-1.0281187 
0.018618872 
1.7568187 
0.15548572 
-1.0636736 
1000.0 
1.030811 0.9956819 1.3082252 -5.9038296 1.000148 1.2009028 -0.56207126 1.1819036 -0.25518534 4.8530426 1.2223786 0.19162247 1.1422791 -0.48903048 -9.495735 1.0187292 -0.009363007 4.9532795 -0.017893134 0.97188747 
-0.07094804 
0.0 
