1 20 1 1 
0.84545493 0.80347383 0.22625302 0.054399528 0.471651 1.0568271 -0.00018963298 0.00010783175 -0.86759865 1.1267745 -0.30427074 -0.35860223 -0.7269194 0.2690358 0.8609486 -0.97649175 -0.29135668 -0.20146188 -0.095789455 0.40454614 
0.40577623 
0.2326327 
-5.425481 
-0.42459515 
0.5006724 
0.31182703 
-0.0005926761 
-0.70041627 
0.14102438 
0.41367593 
-0.48682204 
0.0028202082 
0.12073532 
-0.21837364 
-0.37030458 
-2.5956004 
-2.6036358 
4.383555 
0.012621967 
0.5180182 
1000.0 
-5.0571766 -5.640642 -9.924249 4.6882606 -4.7113876 -5.18247 -0.0697844 4.883336 -0.024761675 -5.0307193 -0.012514075 -0.009538349 -0.023621585 4.388179 4.6097646 2.7220542 2.6736202 6.113691 -0.012970546 -4.0412292 
-4.703378 
0.0 
