1 20 1 1 
-0.3436429 -1.08466 -0.88358355 -0.8773725 -1.5457375 0.21366574 -1.21807 -0.55227923 -0.5644049 -0.1835253 -1.4052714 -0.09682504 -0.4600347 0.519453 -1.8901021 0.39515886 -0.085721225 0.40441054 -0.1064043 -0.16881478 
0.026036818 
0.11340431 
-1.2442163 
-0.720405 
0.16115086 
-5.886692 
0.1125944 
-1.2954885 
-1.2359816 
-1.1560668 
-1.3367777 
2.4918246 
-1.235246 
0.386563 
-1.2381269 
0.14889875 
-1.5124218 
2.4515395 
0.06782051 
-1.2616417 
1000.0 
-0.0010435851 -0.0037496898 1.451452 0.7333593 -0.004415847 -10.68289 -0.0036924628 1.2099187 1.3117713 1.3027855 1.1899772 7.146708 1.3767191 7.635786 1.2976714 3.2332582 8.645253 -10.960176 -0.0022143635 0.9096068 
4.895383 
0.0 
