1 20 1 1 
0.27450475 -0.15020525 -0.6079766 -1.909258 -0.13994336 0.22964235 -0.21018867 -0.18515944 1.1026547 -1.1531699 0.1385816 0.18958573 -0.4439928 -0.31873864 -1.6040365 0.103227794 -0.09312376 0.00073015876 0.408692 0.0036206152 
0.96733975 
-4.1255774 
1.6389086e-07 
-0.37124375 
0.01604279 
-2.087485 
0.24296205 
-0.7637947 
0.19861603 
-0.56461906 
0.34911 
0.24033853 
-0.028204104 
-0.47967884 
-0.31321135 
-3.8663125 
2.7527442 
0.0049198363 
1.178084 
0.0011750562 
1000.0 
-5.635578 4.4030833 -1.9002263e-07 -0.021098569 -0.011401759 -10.149333 -0.023188649 -0.010350943 -0.41293472 -0.009889909 -3.9133127 -5.6875014 -0.007683185 0.4832527 -0.01469417 -6.1882877 6.78923 -0.5978088 -8.295466 -0.56479615 
-0.29151875 
0.0 
