1 20 1 1 
-1.2785083 0.006691502 -0.57516265 -1.3293182 1.2304463 0.027473006 -0.22651659 0.029085688 -0.12423417 -0.101320356 -0.13200268 -0.7318714 -0.12524804 -0.067041695 -1.0186067 -0.6073888 0.23424308 1.1536258 -0.3479545 0.24544731 
0.25895196 
0.004847471 
-0.89763886 
-0.6841637 
0.31837925 
-0.026900023 
-0.6837041 
-0.01806583 
0.6933704 
-0.5507089 
0.02657953 
-0.68584156 
-0.6613748 
0.9102193 
-1.1101234 
0.08331816 
0.636416 
0.23175617 
-0.98626643 
-2.578692 
1000.0 
-0.030160192 -0.84084886 1.0192839 0.63554454 1.1335312 -4.108355 0.6454956 -2.0196416 2.3987327 4.0008826 -0.0006439456 0.6201202 0.7077273 3.9144144 1.1960566 -0.025903651 -6.7699895 0.99443483 1.0998623 -11.445145 
1.4847715 
0.0 
