1 20 1 1 
-0.0016765472 0.0014254733 -0.85250896 -0.106374666 0.56170756 -0.16021943 -0.50754046 -0.04366583 -0.26362246 -0.16175717 -0.11746347 -1.03005 -0.7636415 -0.2835672 1.154415 0.081095494 0.19279744 -0.82119036 -0.10941664 0.77301514 
-0.0035997857 
-0.047881972 
-0.19395417 
-0.7430798 
0.2501373 
0.51751745 
-0.1574181 
0.0052331644 
-0.41863626 
0.03172897 
0.38645756 
0.81183976 
-6.115512e-07 
1.1768644 
0.32100448 
-1.3585296 
-3.044632 
-0.09149035 
-0.024019068 
0.46945646 
1000.0 
-0.44800678 -1.6074847 -0.012344475 4.2165923 -2.564546 3.85429 -0.008149239 0.78451276 -0.009450505 0.27314514 2.6740453 0.9130881 -8.598367e-07 1.290547 -2.612599 -4.9123397 -8.562396 -0.004304797 -0.00950664 -2.4793246 
-2.1975248 
0.0 
