1 20 1 1 
0.5899878 0.24451645 -0.23666793 0.15945089 0.27937528 0.4404035 -0.9618513 -0.98910034 -1.8623602 0.51713413 -0.09472596 0.4251379 -1.3711796 0.17680183 -0.9963342 -0.19709155 -1.5596739 0.08053199 1.0850282 -0.64997953 
-0.11275164 
-0.18768272 
0.12920387 
-1.8680799 
-0.10219053 
0.37109143 
-0.36234614 
0.24574298 
0.049369548 
0.33557206 
-5.471878 
-0.5130472 
-0.14288971 
-0.3447469 
0.06017685 
2.3461134 
-0.59701276 
0.3810283 
0.37630942 
0.07251011 
1000.0 
-5.9400287 -4.564399 -0.02940242 -8.170062 -4.684441 7.3854065 -0.040335003 -0.028293446 -0.022662587 7.538033 4.453016 -4.262221 -0.03977895 -5.339206 -0.02413069 3.8892193 -0.021824399 7.8752003 5.4842916 -0.025501305 
4.997565 
0.0 
