1 20 1 1 
-0.3705264 1.0687708 0.22800966 -0.0789352 -0.5132638 -0.726762 -1.8704236 -0.97211903 -0.38426393 -0.051930007 -0.5883983 -0.0013032828 0.010826843 1.5323211 -1.5600222 -0.29878077 -0.37323707 -0.2272577 -0.62590575 -0.71610254 
-0.48943976 
0.38342062 
-3.612777 
2.5855966 
-0.50448954 
0.24744421 
0.057945 
-0.65067714 
-0.49215424 
-2.04912 
-0.6552331 
0.0563161 
0.021998115 
0.30808273 
-0.46383396 
-0.45838958 
-0.6898019 
3.825473e-07 
-0.45864865 
-0.58501697 
1000.0 
0.4829756 -0.9414546 -11.194303 5.829335 0.54350674 -0.0018794626 -0.0012949336 0.58653414 0.48475075 5.401172 0.5891735 -2.998459 -1.779089 -0.9342977 0.46832183 0.46981004 0.60854137 -3.8865628e-07 0.47170722 0.64785683 
-1.0665895 
0.0 
