1 20 1 1 
-1.1477549 -0.24596418 -0.19254857 -0.09890709 0.5379631 0.02209563 -0.13158275 -0.2876551 0.001237055 -1.0557666 0.00013296875 0.18866691 -1.4055599 0.33269423 -0.0625952 -0.7049157 0.0052393037 1.0247167 0.2555725 -1.0288814 
0.16327503 
-1.2603867 
0.33370927 
2.5195084 
0.39312607 
-0.087887436 
-3.199194 
0.020689573 
-0.0048996145 
-1.1789819 
-0.00033957796 
0.4890292 
-1.1480713 
1.6636565 
1.5544361 
-1.1528813 
-0.005239791 
0.1855413 
-3.4462092 
-1.1547396 
1000.0 
-0.015732257 0.7834557 -0.018747602 5.868534 0.23112097 -2.8492138 5.2351084 -0.008454499 -0.5346215 0.9507363 -0.04541452 -5.657049 1.0740539 -7.939272 4.993908 1.4674938 -0.7280315 -0.23836383 -12.384655 1.0373722 
0.35250854 
0.0 
