1 20 1 1 
-0.32625398 -1.3487533 0.19731893 0.15368028 0.9614443 -0.2979698 -0.7009927 -0.6585027 -0.5934853 0.16431594 -0.30345744 -0.619495 -0.114105225 0.08496194 0.21778013 -1.0290135 0.85049653 -0.8050456 -0.7731003 -0.93331 
-1.1936067 
9.279345e-08 
0.3910077 
0.3050995 
0.38288012 
-1.0216366 
-1.0890596 
-1.019884 
0.1715276 
0.25618216 
0.123291805 
-1.0390054 
-1.0690371 
0.14232032 
0.17662004 
-1.4374602 
-0.23406547 
-1.0228715 
0.13054675 
0.113797516 
1000.0 
0.9079657 -9.482415e-08 3.7959855 3.9053414 3.4877152 1.0234731 1.2434307 0.9860634 -0.023880761 3.9199207 -0.024498807 1.0989599 0.9190827 4.5361037 3.9362338 1.625538 -3.5600584 0.9670417 -0.02483254 -0.024017569 
3.5198464 
0.0 
