1 20 1 1 
-1.5115118 -0.08095138 -0.122244485 -0.07209709 -0.06243997 -0.060406838 -0.14951348 -0.10794937 -1.4831274 -0.0663678 -0.8426153 -0.0033028133 0.44460398 0.16305946 0.20607944 -0.3446302 -1.1851432 -0.17743468 -0.56101847 -1.9043065 
0.0074300477 
-0.020572307 
3.8836284 
3.7918873 
-0.15278292 
-0.028546857 
-4.088995 
-1.437129 
7.0484864e-05 
0.03296626 
0.08062897 
0.013876257 
2.7504332 
-1.3021656 
-3.9461992 
-0.31050777 
0.064987846 
-0.53879786 
-2.2608097 
-7.5619926e-07 
1000.0 
-0.022604102 2.4080179 4.830802 5.5515733 3.0798995 2.9005432 7.4531326 3.1878867 -7.890882e-05 -0.0021351161 -0.026090704 -0.99986815 -8.8463545 -4.926308 -10.528719 -0.043837164 -0.02502692 -0.030385775 2.386512 -3.645639e-06 
1.2665702 
0.0 
