1 20 1 1 
1.645068 0.72697026 -0.47946826 -0.17008781 0.5288199 -0.8310441 -0.7743055 -1.5144336 -1.0787833 0.02233749 -1.4752971 0.011677829 -0.10786059 -0.019068949 -0.015736789 0.23390621 0.27878883 -0.16142985 -0.25235286 0.25131714 
0.3321931 
0.10581216 
-1.8652126 
-0.023183674 
-0.025737155 
-0.99066794 
-0.7644823 
-0.604385 
0.104573615 
0.07669306 
0.10245622 
0.06141428 
-5.865007e-07 
0.0022390985 
0.10151034 
-5.1690273 
2.3114698 
-1.7316571 
1.8534572 
0.24058662 
1000.0 
-2.9859216 -3.5184941 2.1543574 1.9141418 1.319435 1.112763 0.9161674 -0.005676987 -0.027781675 -3.0385115 -0.027617948 -2.949564 -4.7474864e-06 1.5138161 -0.027543385 -11.058519 -8.359702 3.0296462 7.45579 -5.24411 
-2.6819885 
0.0 
