1 20 1 1 
-0.16984281 -0.63163686 -0.3166828 -0.32290027 1.1431634 -0.1410131 0.15094079 -0.06851363 0.21238801 -1.0090364 -0.080986604 0.3872521 -1.2185836 -0.1508915 -1.5085201 -0.065704815 0.8620476 -0.14208713 1.5686531 -0.6005329 
-0.0016458841 
-1.6507841 
2.018874 
0.19437663 
-0.14988296 
0.00033709046 
0.44221553 
-0.77063483 
-2.3720717 
0.011392086 
0.032985795 
0.06794991 
-1.5692254 
-1.5690196 
-1.5014137 
1.8637494 
0.39112496 
-2.6198363 
0.2850225 
0.113632165 
1000.0 
-0.008484699 1.2216202 6.008935 -0.022804476 -1.1196885 0.003368087 -4.536304 -0.0037873904 -10.383249 -0.013984542 -0.020584816 -0.15890333 1.3540064 1.3544018 1.5188415 5.58155 0.4554527 5.708677 0.2697316 -0.024899954 
0.67643136 
0.0 
