1 20 1 1 
0.57273185 -0.56375647 0.16605757 -0.048960995 -0.10121846 -0.30676463 0.39327416 -0.7828201 -1.2367728 0.31517252 -0.15708049 0.030081939 0.08890821 0.0066748294 -0.58178073 0.21008618 -0.21138217 0.8133943 -1.8480917 -0.6870905 
0.48343006 
-1.5249453 
-3.5677736 
0.087170556 
2.606245 
-1.6389114 
0.15135303 
0.0050671333 
0.039159354 
3.5969024 
-0.2575505 
0.0066612614 
2.3203924 
0.06982569 
-1.5115706 
-5.243405 
-1.5368305 
0.24589121 
-1.5256722 
0.1612882 
1000.0 
-3.7348962 1.49522 -7.910758 -0.02268545 6.043641 1.2823328 -4.4412465 -0.012133893 -0.019845378 -8.843054 2.809594 -3.075267 -5.341864 -2.5271633 1.6686361 -9.596873 1.4500926 -3.967756 1.4918542 -0.025873162 
-3.6405826 
0.0 
