1 20 1 1 
0.005007341 0.007075709 -0.41304135 -0.045926012 -0.63772076 -0.17918216 -1.6054126 -0.76449823 -0.27464187 1.3549986 -1.7104015 0.012016945 -0.1799904 0.013279371 -1.269039 0.15443775 -0.12592445 0.1602738 -0.873135 0.8625211 
-0.02215744 
-0.036642887 
-0.9952717 
-0.020717463 
-1.1655304 
0.07350679 
-0.5578373 
-1.0969237 
-0.9989266 
0.24465057 
-0.5295417 
-0.5201517 
1.3279765 
-0.021785911 
-1.0102156 
-5.181696 
0.45987776 
1.8468434 
-1.0164866 
0.3887629 
1000.0 
-1.1583892 -2.2501755 0.9317339 1.2142258 1.4033048 -0.014799815 0.58432394 0.87072325 1.1735094 -2.2721236 0.55273384 -3.519979 6.438424 -1.4616709 1.2172068 -8.191421 2.3648434 -6.3919716 1.238829 -2.063737 
-1.8306142 
0.0 
