1 20 1 1 
0.53817546 -0.21873295 -0.07236395 0.16626242 -0.71569866 0.15498045 -0.36036956 0.84089565 -1.9710773 -0.8075038 -0.23288566 0.7673663 -1.5317347 -0.35150403 -0.5146607 0.24789353 0.7490895 -1.0217036 0.54974663 0.116551735 
0.5456098 
4.057256 
-2.0450683 
0.3344042 
-1.6415675 
0.13321261 
-0.614854 
0.23507056 
-0.47761393 
-1.6733465 
-0.0013782218 
0.27683184 
1.0842787e-08 
-1.6518656 
-0.27034056 
-5.495296 
0.357078 
-0.21642108 
0.45968825 
1.5800797 
1000.0 
-3.5020583 5.817738 5.104516 -3.3352125 1.9133266 -3.2070103 -0.007747983 -4.7105427 -0.0068761175 2.0895581 -0.00019503794 -5.8462906 -1.5988311e-08 2.0355809 -0.0020328357 -9.774933 -6.9075937 -0.0008344421 -3.5671344 -5.869172 
-3.2326186 
0.0 
