1 20 1 1 
-0.09507299 -0.78507763 -1.3121551 -1.8591479 0.30054337 0.42711294 -0.561047 -0.14932206 -0.7553465 -0.118839286 -0.5980669 0.024689332 -0.9658785 -0.4086428 -0.16244851 0.39752427 -0.09372409 -1.4296039 -0.0958472 0.9921343 
4.759021e-09 
0.00014565264 
1.1744797e-05 
-9.856989e-11 
0.37905285 
-0.17699742 
3.0243036e-05 
1.7308082e-07 
1.9976021e-07 
4.624125e-08 
8.3147205e-07 
0.4571032 
0.13879585 
3.435096e-05 
-1.0226605 
-0.15090828 
-7.50402 
1.3223909e-06 
2.7473392 
0.3120783 
1000.0 
-5.026445e-09 -0.00014447627 -1.1929599e-05 -1.2204673e-10 7.6446023 -4.24483 -2.9203435e-05 -1.7555587e-07 -2.1393014e-07 -4.7133504e-08 -8.4246176e-07 6.807495 -0.0013302519 -3.466845e-05 0.9951005 -3.9539452 4.6998816 -1.3109188e-06 8.452187 5.959564 
5.202356 
0.0 
