1 20 1 1 
0.31158006 -0.159163 0.31122762 -1.9014211 -0.04607607 0.53624195 -0.7996735 -0.23576896 -0.75107205 -0.73783976 0.017727772 -0.62211424 -0.34759268 0.026077166 -0.07414667 0.17862712 -0.50290656 0.2620944 0.3037918 -0.012053541 
-0.0753812 
-3.0292788 
0.16006508 
3.3439917e-06 
1.0816014 
0.2296095 
0.12895803 
-0.30740136 
-1.11769 
0.32560378 
0.1677177 
0.058936745 
-0.00054919143 
-0.018602151 
1.2652246 
-1.70517 
-1.0067488 
0.9083048 
0.36329135 
1.2935858 
1000.0 
-3.4448557 8.780034 3.9331627 -4.433862e-06 6.6658907 3.6523845 -0.031391148 -0.0040643653 1.1823857 -0.034984123 3.9201758 -0.026836516 -0.0016519249 -3.8872864 5.3698945 -7.6741037 1.112855 -5.288773 3.617222 6.238689 
3.520182 
0.0 
