1 20 1 1 
-0.11277535 0.4122837 -0.95929384 -0.049869835 0.25723165 -0.06862639 1.1424971 -1.5636392 0.5047227 0.18391073 -0.049939703 -1.8939755 0.00907772 -0.11235407 -0.92401123 -0.8637883 -0.929124 -0.15758608 -0.08276965 -0.5663186 
0.17893496 
0.22105505 
1.1109167 
0.054331888 
2.207088 
-0.19605859 
0.28478044 
-0.32865012 
0.32625848 
-5.3414288 
7.360136e-11 
-0.37191913 
0.10506253 
1.12318e-06 
0.23879609 
5.750021e-07 
-0.1754556 
-0.20887174 
-3.7168968e-05 
0.3442808 
1000.0 
2.0927997 -2.3427155 1.1376662 1.4091051 -8.161082 -0.0024580013 -2.3199277 -0.0033993365 -2.1724358 -9.313506 -7.465909e-11 -0.002444383 -2.4730442 -3.5412617e-05 -0.0033744266 -6.132979e-07 -0.0031325766 -0.009686648 -0.00039022526 -0.0043593245 
-1.7149945 
0.0 
