1 20 1 1 
0.16966033 0.44840294 -0.78879595 -0.9074857 -0.7166511 -0.07009546 -0.37870294 0.3062435 -0.768543 0.36094657 -0.86296755 0.26586562 -1.5756601 0.24223588 0.72618186 -0.3092367 0.16503695 0.09157726 0.14831477 -0.13094565 
-0.107108675 
2.0959074 
-0.32151604 
-2.0527537 
-0.2857791 
0.6537944 
0.171254 
0.1472907 
-0.50187504 
0.045541067 
0.07609435 
-0.042509448 
-6.5457925e-08 
-0.16041964 
0.18394677 
0.0037905057 
-0.06413678 
-0.7582189 
-5.489917 
0.10665269 
1000.0 
-1.7383451 -10.145599 -0.0009980855 2.2206337 -0.0076557463 3.7864897 -0.010373888 1.2246817 -0.009828216 0.76182324 -0.0077754864 -3.1256986 -1.1829658e-07 -1.8576957 1.2281604 -0.00030956155 -1.8685793 -3.6763167 -7.7540736 -0.008942068 
1.634243 
0.0 
