1 20 1 1 
-1.3062712 -1.2664866 -0.120304175 -1.4969835 -0.2770403 -0.9118511 0.6413292 0.32613045 0.7474967 -0.35133898 1.2775114 0.5630668 -0.14451714 -1.3366483 -0.028274095 0.55623823 -0.5322672 -0.03880546 0.84292024 -1.7692386 
-0.16583344 
-0.4156624 
-9.841629 
-0.5433272 
4.8793855 
-0.0040919385 
0.38080367 
0.16347499 
-0.551124 
-0.086670585 
0.15411109 
0.3507672 
-0.34768847 
0.26884985 
2.217232 
-0.6682367 
0.0035745003 
0.021470262 
0.22094814 
-0.084188394 
1000.0 
-0.07049568 -0.04788399 5.306805 -0.05159274 4.3569393 -0.016932843 5.78288 6.0558877 -6.731209 -0.06400845 4.914436 5.9230876 -0.042853706 -0.0026916878 8.190014 -8.39274 -0.03013599 4.3338623 5.4765086 -0.06190127 
5.537881 
0.0 
