1 20 1 1 
-0.3761546 -0.21302542 0.1976066 -0.8298836 0.5257208 -0.07863736 1.2703532 -0.21488251 0.02351594 -0.28362036 0.28532436 -0.0021084375 -1.2083095 -0.07956141 -0.9620913 -1.6218092 -0.35557568 -0.65581316 -0.87302375 -1.3128877 
-3.7035632e-17 
0.004744726 
-5.4294405 
-0.3732854 
0.35598674 
3.6622956 
0.18873101 
-0.45889577 
0.027575942 
-0.23428832 
2.8014677 
0.0027258147 
-0.7837251 
-4.5664377 
0.053597815 
0.07998356 
-0.4617186 
-0.79053885 
-0.7184572 
-0.6459256 
1000.0 
-1.5032511e-16 -0.008880724 -9.899669 -0.0050942204 -0.474054 5.8472114 -1.1664973 0.4987039 -2.7323525 -0.0057527665 -8.70417 -0.231913 0.94558054 3.979007 -0.014596295 -0.016347865 0.5017353 0.9547515 0.8359582 0.76844853 
-0.20601462 
0.0 
