1 20 1 1 
-1.2158215 -0.06246746 -0.6034143 -0.15298471 0.126252 0.6547663 -0.2613767 -0.5803638 0.4099133 -1.4776847 -0.72592443 -1.108226 0.12678565 1.2211391 -0.38300496 0.70829535 -0.1599203 0.21793397 0.24612679 -1.8145318 
7.9176465e-07 
-0.4378468 
0.09875654 
-0.8294688 
0.16030535 
0.29737145 
-2.4281197 
0.018525999 
0.326603 
0.03359745 
2.3652122e-09 
-0.18573084 
-0.6890661 
0.36953747 
0.00082558714 
0.31700918 
3.7512841 
0.2309104 
-3.802164 
0.0008729471 
1000.0 
-5.9656725e-07 6.3476872 -0.029348737 0.8411746 -3.7750378 -0.9035562 5.116922 -0.025562411 -4.8506904 -0.02691051 -2.2972246e-09 0.1987003 -7.078656 -1.0772713 -0.00088818616 -0.9539046 4.705426 -4.647469 -10.530378 -0.0008529406 
-1.704442 
0.0 
