1 20 1 1 
-0.6405777 -1.9187503 -1.0172291 0.21321246 0.4958615 0.30865446 0.16274107 -0.032808457 -1.3726819 -0.7721485 -0.32172856 -0.9660572 -0.6946031 0.72143406 -0.18746142 0.30465052 0.090980045 -0.5701925 -0.099959396 -0.09298556 
-0.888958 
0.059767283 
0.03227393 
-3.8540032 
0.2357904 
2.2594867 
0.7629181 
3.5085327e-06 
0.1977203 
0.32737386 
-1.1607406 
-0.8410862 
-0.8639733 
0.25372967 
0.048088398 
0.1699216 
-2.092298 
-1.0184556 
-6.7789006 
6.4187584 
1000.0 
0.66181046 -0.020327313 -0.021503424 -9.091628 2.62689 -8.281296 -4.970981 -5.2791634e-06 -0.028248737 -0.030410618 1.3468946 0.7609467 0.6966272 2.5127146 -0.022510411 2.8749435 -5.4438834 1.2050656 6.0298214 6.4139156 
2.5364451 
0.0 
