1 20 1 1 
-0.5726573 0.25257453 -0.12828852 -0.53025496 0.6960881 0.3485322 0.58129364 -1.2479094 -0.25538805 -1.7088808 0.5953206 0.056361273 0.2221073 -0.43133792 -0.11101851 -0.26477778 -1.2465632 0.0815206 -0.19756584 -0.93372124 
2.0953067e-10 
0.08709063 
-1.0041952 
0.04449332 
0.21145281 
1.8554181 
0.34058324 
-0.88899267 
-1.2667624 
0.30709413 
-0.061289325 
-0.0058601554 
-3.9326236 
-0.97075474 
0.348262 
-0.8897476 
0.1844057 
0.73301226 
0.14265302 
-0.8889385 
1000.0 
-2.4046504e-10 3.1700506 0.739091 -0.020297993 2.9174201 -7.963972 2.9301548 1.1413234 1.5594276 -0.02324267 -3.7191508 -2.839338 -10.582426 1.2479386 6.57338 1.0934173 -0.026494995 -4.8483267 -0.0250451 1.131323 
2.770623 
0.0 
