1 20 1 1 
-0.860529 -0.16355999 -0.079997234 -0.9739821 -0.49124008 0.52471536 -1.3815086 -0.66849524 -0.794948 -0.029369893 -0.86426115 0.14906265 0.8115628 0.3636315 1.2020493 0.027040774 0.110470556 0.23278068 -0.16085556 -1.3949535 
0.15655944 
-7.956342 
2.4214988 
0.032780018 
-0.14258435 
0.33768973 
0.09702527 
-0.44882107 
-3.3367715e-07 
1.6181549 
-0.49359667 
0.08439517 
-0.31497678 
0.115796566 
0.2918197 
0.5842926 
-0.34236366 
-0.463627 
5.2753863 
0.6840478 
1000.0 
-0.015632957 7.275948 6.5417366 -0.008187346 -0.037609056 4.348018 -0.01392307 -0.043062318 -5.098136e-07 6.6072702 -0.04028516 4.296192 -4.643291 4.1752543 4.203966 6.0330167 -5.4568467 -4.570101 3.6824129 0.7045381 
4.412483 
0.0 
