1 20 1 1 
-0.06333723 0.7893252 0.18319204 0.17724128 1.2719278 -1.6532826 0.02987709 -0.43601897 -0.47135788 -1.0524617 0.20418769 -0.57210815 -0.9555443 -0.5838339 -1.7954003 -0.010131627 0.07708441 -0.47622654 -0.3024109 -0.8334184 
-0.6781337 
0.2820718 
-3.8250315 
-1.9038526 
0.5069632 
-0.86045486 
0.8679381 
-0.95424426 
0.08812559 
-0.87284017 
0.7828926 
0.18647301 
-0.8662422 
-0.98061496 
0.26885453 
0.022405079 
2.0830734 
0.07819931 
0.976449 
-1.0639364 
1000.0 
2.547053 -2.3395042 -8.138194 -8.8690605 -2.1781473 0.9060636 -4.1783104 1.0551987 -0.020533647 0.86504084 -6.1495976 -0.021367148 0.88331956 1.1080788 -0.02322591 -1.2650254 -5.3604035 -0.019478338 9.067576 0.7527811 
-1.9181471 
0.0 
