1 20 1 1 
-1.1910541 -0.07377373 0.0006637716 -0.16048187 -0.33738178 0.59692854 -0.41629145 -0.43502918 0.72825545 -1.1114665 0.14449282 0.16062269 -1.4593173 0.22078206 0.08678403 0.09607579 -0.1835027 0.79686755 -0.07391363 1.0325736 
-1.8521214 
3.8639534 
0.0014883124 
0.17271659 
-0.24617197 
-0.35299855 
-1.8429501 
-2.1350675 
2.048863 
3.2915561e-09 
-4.1551175 
-2.780993 
-0.09849248 
0.122220226 
-0.7807673 
-0.5475671 
0.1834028 
-0.2590485 
-0.36588785 
0.23062675 
1000.0 
2.0507188 5.238629 -0.08720637 -0.0141966855 -0.006733285 4.319226 2.129775 2.3196244 -10.795636 -3.951095e-09 -7.925362 -6.601837 -0.004006718 -4.415997 -5.131444 -5.7208166 -0.014664957 3.5851276 -0.008841759 -5.501467 
-5.0947804 
0.0 
