1 20 1 1 
-0.10237588 -1.4883031 -1.39122 -0.27115813 1.1457644 -0.8748671 0.3022 -0.7949511 -0.13883254 0.26667124 -0.86931294 0.22265589 -0.26902613 0.3155062 0.07110927 -0.08884126 -0.23913646 -0.67815804 1.2008182 0.011610889 
-7.9626 
0.9152481 
0.2331056 
1.5707399 
-0.20397656 
1.2413001 
-0.13720812 
-0.34817243 
-1.4630774e-08 
-0.17642713 
-0.5062042 
-0.13963218 
0.039868876 
-0.24237427 
0.763227 
1.7469201 
0.01676365 
-0.432613 
0.48490512 
1.1054648 
1000.0 
4.9716187 1.0121164 -0.03402971 1.6978008 -3.2928042 1.3123362 -3.0170178 -0.028469311 -1.5359268e-08 -2.6627066 -0.01787981 -2.2215896 -0.024501255 -3.1468217 7.035912 9.137316 -0.023264106 -0.05502491 4.3885756 6.250578 
3.964811 
0.0 
