1 20 1 1 
0.23845163 0.4937936 0.009066503 -0.14867415 -0.27642885 0.78104025 -0.36107054 -0.2730306 -0.002202674 -0.5792922 -1.2385638 -1.0705138 -0.4900701 -0.086679436 -0.84989816 -0.53769165 -0.81461763 -0.84133816 -0.6551801 0.21328802 
-5.461356 
0.1719199 
0.0060105487 
0.08776069 
-0.48076043 
1.2782466 
6.108071e-08 
-0.88047034 
-1.2316073 
0.10444136 
0.0105864145 
-0.9339476 
-0.36112842 
2.7740676 
0.09345764 
-0.678831 
-0.33661994 
-1.1508363 
-1.0356076 
1.5331401 
1000.0 
-11.713104 -3.6718078 -2.0371926 -0.023288056 -0.0028521153 -8.756409 -6.1770116e-08 0.9139212 5.4015365 -0.024527246 -0.013807767 0.97408676 -0.005717716 5.4619756 -0.023743106 0.69586945 -0.006851041 1.2892618 1.1594768 -6.400622 
-3.6498415 
0.0 
