1 20 1 1 
0.057450593 0.118906066 -0.076348305 0.13066752 -0.7640694 1.3175464 -0.3814531 -0.31628272 -0.88317937 -0.56958854 0.0115424935 -0.13181423 0.19791904 -0.12352921 -0.03560833 -0.11517514 0.13742225 -0.9859731 -0.13675833 0.3662802 
0.046389535 
0.046354394 
2.1099694 
0.7960753 
0.009933909 
0.2299071 
0.20540524 
-1.4190006 
-1.2133207 
-0.5746864 
-0.007606093 
0.11736533 
-5.5204635 
-0.51806086 
0.017176727 
-0.6574619 
2.2355294 
-1.2295741 
-1.0090383 
1.4479373 
1000.0 
0.043686297 -0.32301164 5.4627233 -5.245668 -0.019673834 -0.11771072 -0.028735515 1.7989415 1.531377 -0.004175439 -1.2674025 2.2008812 -9.9790535 3.5799274 -0.019421456 -0.0035348458 -5.513803 1.4702486 3.9890888 -7.2421813 
0.3354316 
0.0 
