1 20 1 1 
0.26458564 -0.7738937 0.20638789 -0.17592014 1.1396859 -0.793504 0.1686333 -0.6069191 -0.60169965 -0.12548211 -1.1362219 1.4516267 0.48807362 -0.9319909 -0.10670025 -0.47141162 0.17239802 0.22647181 -0.6081355 0.15244152 
-0.24771608 
0.11222298 
-0.17771512 
-1.1953566 
-0.24784221 
-1.3771325 
-3.1302788 
-0.012025222 
-1.3170946 
0.20716289 
-1.3007873 
0.4190599 
1.6524793 
-1.2595017 
2.9980881 
-1.4464619 
-4.5944047 
0.22007835 
-1.6448498 
2.5736954 
1000.0 
3.7027857 -0.028321415 3.407273 1.2374982 3.8633163 1.6223596 -8.43707 -0.006730584 1.1827277 -0.031183517 1.5632509 -4.247368 -7.696061 1.3453135 6.9385953 1.5416592 -8.617759 -3.1860156 1.7934887 -6.08749 
-4.1181884 
0.0 
