1 20 1 1 
0.16570471 -0.06726904 -0.057289924 -0.4789523 -1.0685785 -0.7912692 1.130056 -0.16335887 -1.0543844 -0.6357983 0.25471348 -1.2885425 -0.66352016 -0.0699951 -0.05305407 -0.39843255 -0.14259931 -0.15189959 -0.0952661 0.013656903 
-2.607995 
-0.31544256 
-0.016688243 
-0.7224035 
-0.7624244 
-0.6789344 
0.3195914 
-1.123036 
-0.6778434 
-0.6952929 
0.87691873 
-0.6796565 
-0.6809842 
-0.06787744 
1.2162933 
-0.82178265 
-0.7798721 
-0.67761725 
-0.015065232 
0.775284 
1000.0 
-9.464626 3.1897619 1.7506 0.66241837 0.662625 0.69389695 2.7720344 6.0617747 0.70094556 0.670201 -5.0975103 0.6910808 0.7400484 3.3830953 4.7989283 0.6697527 0.6642654 0.70372176 2.8715 3.990606 
3.1849303 
0.0 
