1 20 1 1 
-1.0582956 -1.4616729 0.5216643 -0.5862401 -0.8996828 -0.21820019 -0.07423788 0.883264 0.18304951 -0.5664935 -0.1904142 -1.5044492 -0.24453172 0.13510911 -0.978737 -1.0187975 -0.30375418 0.18782063 0.84929794 -1.9612303 
0.1009241 
0.29966888 
1.9216471 
0.14647606 
0.22090514 
-2.121303 
3.498568 
-0.23657838 
0.11068942 
0.21437384 
0.18686688 
-2.3922117 
0.27837968 
-6.3840027 
-2.364779 
0.06990148 
0.09735131 
0.1551165 
0.17748523 
0.107437596 
1000.0 
-0.024441928 -0.02328187 -7.5726104 -0.02419834 -0.027079927 1.4993684 5.352967 2.990356 -3.667355 -0.026891965 -0.025986465 2.567004 -0.02294018 -7.985393 2.1448693 -0.020710064 -0.024088455 -3.3191602 -4.070417 -0.025046594 
-3.6185336 
0.0 
