1 20 1 1 
-0.7535261 0.46682027 -0.08552489 0.42851126 0.74181026 -0.88926655 -0.59808016 -0.060798816 0.22362922 -0.08508791 0.64402175 -1.372819 0.23675756 0.6958417 0.06950563 0.24067587 -0.096197635 0.4602481 -0.97003096 -0.022205971 
-0.09106127 
0.34161562 
-6.3460016 
0.2763281 
0.15499865 
1.5677097 
0.041115005 
-0.38507813 
0.58474326 
0.10982998 
0.1748551 
0.704581 
0.5066863 
-0.42557275 
1.0432289 
0.5083172 
0.039469246 
-1.2702544 
0.06632322 
-0.12479114 
1000.0 
-0.0019371093 5.7342906 5.109746 7.1935143 5.6106973 1.8760864 -0.021314751 -0.0069840048 6.152075 -0.027249344 6.0840483 0.8580134 7.2221527 -5.6334867 7.0923815 6.436599 -0.021065151 -4.59697 -0.024289623 -0.00019548157 
5.0953364 
0.0 
