1 20 1 1 
0.05588138 0.005582542 -0.6535606 -1.0113645 0.3922219 -0.23340605 -1.4259534 -1.3650168 0.47867927 0.53595304 0.6028618 -1.2310048 -0.38286552 -1.6567417 0.19759516 -0.69047266 -0.41324535 -1.5913081 0.19054812 0.21796513 
0.5910108 
0.2582182 
-1.2626421 
0.14678091 
-0.10420521 
-1.2829146 
0.109066695 
-1.1182466 
0.27398196 
0.51308453 
0.23875116 
-1.2259911 
-1.6639993 
-1.4981295 
0.3826479 
-1.6954327 
-1.1916814 
-1.178226 
0.20109518 
0.19873782 
1000.0 
6.160735 6.0585494 1.3561993 -0.02929595 -2.9336374 1.0586514 -0.027962748 1.2380207 4.5916667 3.6820555 4.680232 1.3305309 1.7059716 1.553333 5.153703 1.7352082 1.1091597 1.1215994 5.26763 5.2184844 
3.252879 
0.0 
