1 20 1 1 
-0.061865974 -0.8543685 -1.5034859 -0.28544286 0.2819816 1.7145692 0.28067032 -0.09681892 -0.69066393 -0.22018926 -0.27541938 0.29002324 0.40322205 0.29550752 0.10768728 0.3507692 -0.056136925 -0.96691406 -0.20145927 0.25564536 
-3.2675195 
-1.6778561 
-2.1782699 
-1.5358195 
0.2497032 
0.39577034 
-3.3504102 
8.227547 
-1.5364039 
-1.535556 
0.103366256 
0.18980324 
1.2830184 
1.1450068 
0.06485159 
0.13866535 
-5.1926947 
-0.009141731 
0.13962933 
0.37084574 
1000.0 
5.1450477 1.8474089 2.2683516 1.6843116 -2.8373394 -3.0466144 -9.67248 8.229903 1.2724034 1.682945 -0.024442967 -2.9541059 -7.6263638 -5.528457 -2.1776536 -3.4872844 6.3609843 -0.006851509 -0.025958706 -2.6493857 
-2.7472224 
0.0 
