1 20 1 1 
-0.79724514 -0.07599645 1.849026 -0.107672945 -1.2763747 -0.43836066 -0.038150672 -1.4503014 0.32218066 -0.3464352 -0.9213074 -0.60543466 -0.5357606 -0.38032585 0.8964685 -0.57377917 0.09863741 0.34209266 0.7216983 -0.3557302 
-5.851284e-13 
-4.702156 
0.5139509 
6.3952365 
-1.1842408e-09 
-0.010842858 
-2.3660718e-10 
-1.5664811 
-4.4877787 
-1.9098502 
0.009789126 
-0.40380636 
-1.3049655e-12 
-0.15573932 
0.2582863 
-9.713692e-10 
0.17059214 
2.1657894 
0.2559265 
-0.44575796 
1000.0 
-8.5829965e-13 8.383813 -1.8941524 7.451471 -1.8209675e-09 -0.017861722 -1.12522804e-10 1.6358334 -10.6883745 1.9650488 -0.027654212 -0.008283947 -1.856563e-12 -0.013317202 -5.557137 -1.2863816e-09 -1.9704115 -6.838812 -1.5477105 -0.008613923 
-1.922477 
0.0 
