1 20 1 1 
-0.6970387 -0.66084176 -1.0252385 -0.5126226 -0.11178782 0.9906006 0.32344705 0.42705828 0.06160608 -0.25448284 -0.78363854 0.5229912 -0.8272565 1.054037 0.62274367 -0.45446303 0.09094326 -1.0231016 -0.10248662 0.13638553 
1.4634065e-10 
0.14562282 
3.0589536e-10 
-1.346612 
0.33694252 
-0.31035116 
-0.0926488 
0.44911468 
0.8189766 
1.2568053e-14 
-0.5738739 
-0.08410241 
5.1348144e-09 
0.4289477 
0.48393965 
0.12369204 
0.13061379 
1.9196172e-12 
-4.999332 
0.5942351 
1000.0 
-1.5110309e-10 -0.032806277 -3.2883649e-10 1.3715935 -0.03610629 -3.1714118 -3.0455532 4.3171773 6.5853224 -1.3455718e-14 0.63381374 -2.9607272 -6.1793677e-09 4.027832 4.089198 -0.03194125 5.1296387 -1.5644156e-12 3.2172892 5.106986 
3.5636091 
0.0 
