1 20 1 1 
-1.2089447 1.6202028 -1.9581833 0.7250616 -0.06481254 -0.24762037 -0.039732207 -0.1281753 -0.55837536 -1.3287503 -0.6909838 0.3522218 -0.1545041 -0.5110151 -0.12619025 -0.682885 -0.11672452 0.30853337 -1.0612034 -0.23310722 
-0.0054145027 
0.61753184 
-0.21579315 
0.5039664 
-2.8267329 
-0.0038652963 
-0.9781502 
0.13407016 
-2.6848972 
-0.46302027 
0.1727345 
2.099512 
-0.5894143 
-0.002073599 
-0.0013083788 
0.1271744 
4.7587357 
-5.3660736 
-0.050651606 
-0.6755371 
1000.0 
-0.004623344 -2.3525121 -0.00863302 -2.2035124 6.489173 -0.0017677635 4.9399724 -0.024638796 2.7504802 -0.0021878155 -0.022789191 -7.0548105 -0.0015024698 -0.002632619 -0.0016094164 -0.024307381 6.8442144 -10.711814 -0.009732791 -0.015249061 
-2.0275128 
0.0 
