1 20 1 1 
0.4518276 -1.1999705 -0.070625745 -0.2263138 -1.1661022 -1.5667202 0.24781412 -0.014889923 -0.14926629 0.90954363 -1.0446244 -0.8910817 -1.1200273 -1.9468862 -0.22387621 -0.27532083 0.18673088 0.7668819 -0.27420008 0.42988527 
-0.19192614 
-0.82281864 
-2.2031395 
-0.6658816 
0.045832664 
-0.7676191 
-2.1491337 
1.1702368 
2.305969e-07 
0.30493957 
-0.7539425 
0.043018766 
-1.6673567 
-0.6894744 
0.104462326 
0.28958273 
0.527189 
0.5582606 
0.18234743 
0.58514065 
1000.0 
-4.515948 0.8451859 6.313498 0.3808278 -0.022847753 0.6764464 -9.326649 5.4660325 -1.9289932e-07 4.147022 0.63578296 -0.022320941 1.9047418 0.44937944 -0.026470236 -0.032058116 4.5857787 4.2537546 -0.029917521 4.3583045 
4.3291426 
0.0 
