1 20 1 1 
0.477996 -0.50715744 0.48986766 -0.8749354 -0.1001324 0.823477 -0.2788547 -1.1924511 -0.15806834 -0.80283755 -0.13356775 -0.09416205 -0.02408668 1.1465832 -0.32648602 1.4456501 -0.1688233 0.28345975 -0.47820002 -1.7252531 
0.87702084 
-1.2562658 
0.7631422 
-1.2715644 
0.15930992 
0.3432659 
-1.3477521 
-1.3840266 
5.919792 
-1.2528143 
-0.4536049 
-5.5178833 
-0.14664002 
0.41258585 
0.009096042 
0.28584057 
0.32345325 
-4.866266 
0.037807584 
-0.016142102 
1000.0 
-6.7974386 1.1617202 -7.0042152 1.3562413 -0.029275177 -0.53063565 1.6249734 1.0221245 9.191161 1.203125 -0.005860165 8.171516 -0.008673736 -0.72368646 -0.01376498 -0.46456277 -0.028992489 -10.016471 -0.02095395 -0.00041656423 
-1.0121845 
0.0 
