1 20 1 1 
-1.0355738 0.2929416 -0.99030757 -0.50658256 0.31629124 0.5608217 0.400823 -0.43504506 0.09230022 0.033719588 -0.42079446 1.026067 -1.1700598 0.743428 -0.12159559 0.39984748 -0.43923983 -0.63696176 -0.74072367 0.47323078 
-1.7595688 
0.034899976 
-1.7626799 
0.09124199 
-3.631899 
1.6573304 
0.29505876 
-1.7691741 
-0.62459606 
-0.06605998 
-1.7812102 
0.10872145 
-0.0019561248 
0.1738809 
3.5457544 
0.2449973 
-1.8215218 
-1.7703826 
-1.7642286 
1.059508 
1000.0 
1.7270929 0.55286574 1.7907693 -0.030453853 -11.099678 -8.226406 -5.062489 1.6360158 5.8070073 2.1182227 1.5982814 0.2360831 -0.021457968 0.061971374 7.315635 0.09789924 2.0822875 1.6311748 1.805972 -6.6338425 
-0.41940978 
0.0 
