1 20 1 1 
-1.673381 -0.4365444 -0.8142889 1.1286026 -1.1504633 -0.2263363 -0.47832727 -0.84526676 0.6310793 -0.08745833 -1.5273376 0.24843775 -0.07583332 0.045101296 -0.25893232 -0.121519454 1.13221 -0.19320932 -1.3322372 -0.48099688 
-0.5679518 
0.039935656 
0.02256482 
0.71601117 
-0.68863004 
-0.68356705 
-0.78669786 
-0.66747004 
0.29068953 
-2.3222587 
0.18105088 
-4.246147 
-3.2815526 
0.06080927 
-0.6653903 
5.6972847 
0.4479005 
0.03159262 
-0.6640536 
-0.68619645 
1000.0 
0.6254774 -0.010840034 -0.008596083 0.553007 0.7734854 0.7590104 0.63643456 0.7063573 1.9391918 7.9280357 -0.018785015 -9.16353 6.894461 2.2196314 0.64944756 7.676946 -0.87895364 -0.010441639 0.6530582 0.6318537 
-0.14108913 
0.0 
