1 20 1 1 
0.062130533 0.00038829522 -0.29182678 -0.1389549 -0.6134281 0.57414144 -0.39513722 0.060732495 0.31412217 -0.06682378 0.41100162 -0.059601918 -1.6516931 -0.8777715 -0.2855938 -0.37227124 -0.1373172 -0.29778308 0.7279525 -1.363064 
0.51457876 
0.0006047076 
-1.1174859 
-0.9575062 
-1.063521 
0.58292717 
-1.06831 
0.38965875 
-3.4641545 
-2.9555635 
2.5292518 
2.3544369 
-1.0977523 
0.18061991 
-1.1325351 
-1.542087 
-0.7077783 
-1.0614636 
0.26049045 
-0.013627804 
1000.0 
4.4142528 -0.07496706 0.93591356 1.1239159 1.1048725 3.8329203 1.1393938 4.5355453 -9.92964 6.081078 -8.223661 7.3313594 0.95126826 -0.028599998 0.9275642 1.7141137 -0.008358393 1.0816331 4.0753803 -0.0036650444 
3.75226 
0.0 
