1 20 1 1 
0.00083026214 0.37988263 -0.45864603 -0.09933708 -1.3890973 -0.0036202671 -0.12548988 -0.64950085 0.38358733 0.30341384 -0.15220292 -0.057703156 -1.5753542 1.5878198 -0.5680312 0.14346808 0.49605647 -0.12380487 -1.0680214 0.0038581672 
-0.0012313555 
1.5952522 
0.21329297 
-5.0388336 
-1.4697543 
0.0025509314 
-0.04989985 
-2.661845 
1.5684284 
-4.569838 
0.29121718 
-0.7852095 
0.03159155 
0.44705814 
-1.5441176 
0.09842616 
0.22514683 
7.7322435 
-1.5017047 
-0.014111587 
1000.0 
-0.1494091 -6.859533 -0.03429508 8.890856 1.5595474 -0.44293252 0.042239875 2.7424867 -6.9453144 -10.483626 -0.035398982 5.200708 -0.02828181 -0.46721238 1.768961 -0.45194808 0.22223076 8.272287 1.2581747 -0.97710663 
-1.0342338 
0.0 
