1 20 1 1 
1.4245766 -0.24042532 0.012067916 -0.07992116 0.25204197 -1.219051 0.23955683 -0.07189474 -0.12415713 -0.5620309 1.4385517 0.32869658 -1.0196587 0.28359267 0.0062934197 -0.4706343 -1.9309562 -0.03629377 -0.5363092 0.094786696 
0.39930263 
-1.6337918 
-0.011205355 
0.8704431 
-3.2057064 
0.12705243 
-2.3697886 
0.35043564 
0.22089177 
0.050852302 
0.27037257 
1.6523827 
0.08634438 
1.1426901 
-0.0026629234 
-1.7792485 
0.14312759 
1.6858655e-08 
-1.8375397 
4.34079 
1000.0 
1.6517454 1.4973019 -2.7413068 4.570646 -8.123147 -0.03351623 -8.027541 4.064717 2.2872417 -0.029722143 1.5412306 -6.555018 -0.03204298 -5.6538267 -1.1118418 1.5529855 -0.033918824 -3.3945945e-08 1.9835558 -6.5968113 
1.8837782 
0.0 
