1 20 1 1 
-0.34612533 0.585043 0.42575434 -0.57907546 0.18234737 -0.50999546 0.4297717 -1.771585 -0.13329005 -0.20989111 0.48331428 -0.41740912 0.28061715 -0.5282994 0.86831176 0.22821489 -0.1928678 -0.38184273 -0.8906153 0.19907394 
5.744243e-12 
0.22255503 
0.5957235 
3.069576e-11 
-1.0946718 
0.31680757 
0.50743264 
9.683485e-12 
5.086639e-10 
5.1954827e-09 
0.29447377 
2.7575078e-10 
0.30117577 
3.6016708e-08 
0.48247394 
0.09655814 
-0.9650116 
0.2150436 
-0.024036968 
-1.33952 
1000.0 
-5.0819683e-12 0.49971434 0.27443025 -3.1056904e-11 -5.4324007 -0.028279113 0.31745034 -8.649972e-12 -4.7075044e-10 -5.38384e-09 0.8102133 -2.4345448e-10 0.5684856 -3.3153487e-08 0.3351346 -2.6718686 1.0245032 -0.032208625 0.025201743 -5.9445357 
-0.012083076 
0.0 
