1 20 1 1 
-0.29280072 -0.07826834 -0.04767013 1.0448966 -1.4926044 -0.9268476 -1.166646 -1.4317409 -1.3495374 -0.26180175 0.086394966 0.56691843 -1.055224 1.096399 -0.057618916 -0.105982676 0.29569006 -0.32100728 -1.5013543 0.07687466 
-0.7042189 
-0.8800925 
-0.68793064 
0.7782002 
-0.7411111 
-0.693789 
-0.6939153 
-0.6984307 
-0.9482075 
-0.70716614 
5.368025 
0.33839342 
0.097372144 
0.49181014 
-0.30264223 
0.036419794 
-3.8381891 
1.9239894 
-1.0779357 
0.08312691 
1000.0 
0.6461882 6.9702516 -0.0040542847 0.10779475 0.6035973 0.84872764 0.67025805 0.8558312 1.051082 0.6411094 -6.7372437 1.1289965 -0.032757904 0.59088856 5.0096526 -0.02693947 -9.644594 6.338509 1.1712065 1.3612832 
-0.10924455 
0.0 
