1 20 1 1 
-1.7267011 -0.42935643 0.47652778 -0.42049786 -0.304303 0.25281063 0.30532137 -1.0866014 0.25641805 -1.0835868 -0.062105726 0.61562794 -1.2093942 1.3193581 0.99539185 -0.06419713 0.06762788 0.0012721788 0.16679743 0.011128699 
-1.158012 
0.25060955 
0.3313541 
0.09848305 
-2.2175992 
0.82763034 
1.2255579 
-1.0483308 
-2.6145685 
0.13394047 
-0.6216813 
0.19670181 
0.007021486 
0.21654986 
0.23587582 
-0.7160402 
0.3235268 
0.51062316 
-0.59002876 
0.45879024 
1000.0 
1.3488744 -0.03415385 3.8462803 -0.029909866 1.8038404 -5.0412455 -6.0898533 0.8890593 -7.750355 -0.031546593 5.5327597 4.5599813 -0.022555053 4.0117354 3.9512599 5.772253 4.342311 5.229524 -5.2789407 5.039605 
3.7422922 
0.0 
