1 20 1 1 
-0.05448348 -0.7844985 -0.0561359 1.1136224 -1.6175264 0.26334196 -1.8859924 -1.0464103 -1.5620025 -0.008995013 0.30099812 -0.35866246 -0.6888513 0.32533118 -0.4865942 -0.14645031 1.0112976 -0.701651 0.80970865 0.57328975 
-0.32520038 
-1.354751 
-2.397845 
0.44504187 
-1.5761721 
0.35410303 
-1.3239814 
-1.3389204 
-1.3024589 
-0.013717185 
-5.0942817 
-1.3150053 
-1.3395236 
1.0784407 
-1.3610234 
4.571037 
0.587858 
-1.4092865 
0.5873035 
0.30057153 
1000.0 
5.5919094 1.256803 5.833624 -8.219156 1.7094365 -5.2738523 1.3035054 1.2768921 1.4140224 -0.016791059 -10.410364 1.3845669 1.275997 -6.5098047 1.2502815 8.450616 -6.050908 1.2144943 -8.963749 -5.1752024 
-6.1788707 
0.0 
