1 20 1 1 
0.7404023 0.28462267 -0.11525076 -1.2249974 -0.087473884 0.31169963 -0.16760106 0.24793169 -0.029409742 -0.5090804 0.7192411 -0.17870967 -0.9383133 -1.6378162 0.62769675 0.58144736 -0.85952926 -0.25887713 -0.3531055 -0.5664966 
0.26244998 
0.31724712 
1.5544245e-11 
0.027464664 
0.04953522 
-2.5847483 
-0.3966872 
0.4654212 
5.9861437e-13 
-0.6173453 
0.5458012 
1.8837765e-10 
-1.0949252 
-0.5704576 
0.67198116 
0.30771 
-1.1077708 
-0.5050629 
-0.54444504 
-0.0134892855 
1000.0 
2.4192302 2.0485451 -1.4042283e-11 -0.024018643 -0.02729841 -9.362496 0.4654849 -4.9331517 -4.5074274e-13 0.69365054 1.201314 -1.3534565e-10 1.1570622 0.64984524 1.1332995 1.9127321 1.1694171 0.33831984 0.34504333 -0.012294565 
0.6029899 
0.0 
