1 20 1 1 
-0.8808837 1.5672847 0.09652783 0.011709234 -0.0958866 0.24247213 -0.053300083 -0.008236637 -1.3617254 0.2390638 0.29947203 -0.23550737 -1.2022593 -0.3939325 -0.065400325 -1.693395 1.4062365 0.17297857 0.27703515 -0.061570697 
-1.2344306 
0.2700503 
5.081556 
-0.014859966 
-6.478788 
0.78468 
0.91076607 
0.68504894 
0.22314909 
0.53527826 
-3.5659819 
-1.5762455 
-1.4888498 
-1.2562128 
2.9906242 
-0.005159179 
0.19551893 
0.5409982 
1.0426505 
3.8550549 
1000.0 
0.95501405 4.165501 -6.6969366 -1.6944433 8.511779 -4.855266 5.5369353 4.7609625 -0.036819458 -4.786658 -10.466026 1.0328444 1.7367456 1.0639302 6.719403 -0.018165736 4.3518214 4.342959 -5.546216 6.4962754 
4.13313 
0.0 
