1 20 1 1 
-0.33626842 0.21741721 -1.0651324 0.39283264 -0.76980984 -0.73713624 -1.1987427 -1.6187717 -1.4063022 -0.22609222 0.3237162 -0.60839546 -0.081429586 0.5094118 0.17739993 -0.1436425 0.93904155 -0.2632983 -0.10754468 -0.28599682 
0.041088145 
0.43330473 
-0.649581 
0.30481982 
-0.27545658 
-0.31740358 
-0.29546425 
0.043806706 
0.136821 
-1.6255139 
0.41252363 
-0.33691737 
-4.5677156 
0.32902503 
-1.796423 
-0.47703582 
0.5165326 
-3.4960299 
5.472678 
2.2036142 
1000.0 
-0.02841125 2.1619308 -0.017360434 2.1591609 -0.023144886 -0.015548253 -0.026629709 -0.028889436 -0.031828765 1.7046565 2.0041618 -0.015674297 7.1651692 2.1086996 -7.8763843 -0.013794829 1.7812412 7.8146834 8.175381 5.6276493 
1.6701869 
0.0 
