1 20 1 1 
-0.6930599 -0.19022548 0.52400476 0.09929938 0.9831313 -0.09643984 -0.43521133 -1.0336999 0.2804928 0.37794346 0.19836411 -1.6394972 0.15561229 -0.85276717 -0.124638416 -0.44703957 0.10416399 0.009412998 0.048140664 -0.6658574 
0.037447114 
-1.0058072 
0.16538085 
0.31008062 
0.27537507 
1.9787331 
0.29703838 
-1.0104886 
0.35156426 
0.16429672 
0.48834565 
-1.0025511 
0.4668215 
-1.0019239 
-5.7761784 
-1.0052596 
0.5604792 
0.03414173 
0.01281245 
0.06051625 
1000.0 
-0.02847254 0.7857615 4.2534356 5.361572 3.7798946 7.1812987 -0.033128962 0.7684115 3.9412696 4.541173 3.927303 0.80571276 -3.1156356 0.86727387 4.088613 0.7883585 4.0478754 -1.713729 -0.9691266 -0.031338684 
3.696029 
0.0 
