1 20 1 1 
0.014245999 -1.2271811 1.5650415 -0.1386141 -0.16835375 -0.060979366 -0.7350254 -0.41995016 0.66925013 1.1858647 -0.034798194 -0.91666645 1.0057893 0.4066887 0.25733602 0.006522281 -0.88270617 0.27506593 0.31358436 -1.8635063 
-0.0063447203 
-0.4519194 
-0.24552158 
-9.024482 
2.4861758 
0.10853787 
-0.19086114 
1.0479611 
0.21003582 
0.27069536 
0.33653003 
0.08761195 
0.35098308 
-0.15281071 
0.40839815 
0.5726469 
-0.5569431 
0.12119761 
0.378467 
0.28225854 
1000.0 
-1.8230634 -0.020925561 -3.2894006 4.822086 10.879857 -0.029305525 -0.0075668297 1.2873143 5.370881 4.090843 -0.028318014 -0.02811222 3.9563472 -3.4906309 4.8259687 6.3632383 -0.010597173 5.4991903 4.7373853 -0.033339627 
3.4540787 
0.0 
