1 20 1 1 
0.1089569 0.20254397 0.04092132 0.40389785 0.3505842 -1.0795258 0.55394983 -0.20966846 0.25282714 0.9705675 -1.1259253 0.9191055 -0.51544666 -0.0960957 0.5478405 -0.09177212 -0.008793989 0.3225416 -0.22163048 0.08170704 
0.21492404 
-0.28007725 
0.24439608 
0.15942685 
0.21826483 
-1.2828982 
0.23574649 
-1.1888222 
-0.12391773 
0.10225531 
0.20307358 
0.16507743 
-1.2766969 
-5.022038 
0.4254168 
-1.1325835 
1.2467712 
-0.20755969 
-1.1860592 
0.53460586 
1000.0 
5.087821 -2.015934 5.454979 3.8237336 3.73601 1.1028339 3.571948 0.87175363 -2.5224884 3.3280241 -0.031808477 3.4610586 1.0574503 2.887956 3.5259986 -0.0029119363 5.233206 -3.2178407 0.8008241 4.0048504 
3.4770806 
0.0 
