1 20 1 1 
-0.8985205 1.0507882 0.3292811 -1.2452637 -0.51299185 -0.99088806 -0.12587813 0.48538816 0.7894498 0.25911725 0.30356422 -0.115385495 -0.06898594 0.8863854 -0.121606134 0.49921525 -0.06367257 -1.2953516 -0.30918008 -1.5332565 
0.2676082 
0.44160134 
0.29393277 
0.2979929 
-1.2928742 
-1.0453871 
3.5761478 
0.17541361 
0.3853882 
-4.5126348 
1.6572288 
-0.7572112 
-1.0633111 
0.18964227 
0.10495298 
0.16923495 
-2.1944654 
-1.1893847 
-1.2582593 
-1.1174175 
1000.0 
-0.032820076 0.017917063 0.12120098 -0.03316583 1.4795928 0.7151126 7.4293146 0.5072142 0.06356739 -9.171105 -6.0615873 -0.00311083 5.550882 0.05542715 -0.028562212 0.58090115 6.3195305 1.1895252 1.3813711 0.98956424 
-0.10374179 
0.0 
