1 20 1 1 
0.6522676 1.2156672 1.6364343 0.028106913 -0.19221751 -0.6797947 -1.7781839 -1.1124197 -0.48681438 -1.4611053 1.0585223 0.9213119 0.049415436 -0.045524005 0.45483097 -0.023594303 -0.8097504 0.011031934 -0.5933734 -0.3926517 
-0.11214654 
0.2529521 
0.37753963 
0.28225538 
-1.1614376 
-1.2203764 
-1.1692584 
-1.1692657 
0.253926 
0.16182633 
-0.17205852 
0.21294211 
0.35072705 
-0.24704699 
-0.3320396 
4.3000009e-07 
-1.1317333 
0.13718286 
-1.1792675 
-1.1351937 
1000.0 
-5.951607 3.5346117 3.6138787 4.8831143 1.076339 1.5364693 1.0681341 1.3916645 -0.0029679441 -0.0039475183 -4.557383 3.5190344 4.6482177 0.13884446 -4.289081 -4.345606e-06 1.211938 4.364955 1.4281163 1.239919 
3.8283756 
0.0 
