1 20 1 1 
0.7036463 -0.43835035 -0.53663063 -0.020493513 -0.059383888 -0.46796635 -0.56107795 -0.037351675 -0.7306632 -0.092145614 0.31846595 -0.13310447 -0.07343705 2.0377471 -0.49973422 -0.8609044 -0.6726609 -0.13882041 0.4306011 -1.2454497 
0.38091034 
-0.14391607 
0.007729814 
-0.20362215 
-1.5526139 
0.046188418 
1.4704399e-06 
7.937533e-07 
0.12432783 
4.5775986 
-2.8838944 
-0.45910862 
-2.8064253 
0.5879829 
0.06278268 
-0.29903546 
9.866701e-07 
-0.124864556 
0.19281329 
-0.36722165 
1000.0 
-5.803883 -0.0011274762 -0.0075852764 -0.0031674283 7.841887 -0.024495931 -4.593516e-06 -3.5586146e-07 -0.027379911 7.4310746 -11.157829 -0.008330683 7.3915486 -1.0593646 -0.026567936 -0.008974707 -6.593552e-07 1.1119548 -0.20770301 -0.007928512 
-0.9092145 
0.0 
