1 20 1 1 
-0.15332694 -0.97109026 -0.9481307 0.428066 -1.3252753 0.35862026 -0.5523356 0.19464952 -0.06590462 -0.44977736 -0.84115994 -1.6982558 0.8030227 -1.0835116 -1.1784977 -0.29530725 0.8411353 -0.33902326 -0.18499087 0.33149114 
-0.30486932 
-0.9240227 
0.10467313 
0.41087765 
-1.0456538 
1.3453428 
-0.9298146 
0.3802273 
-0.24027455 
0.25246125 
0.06650424 
-0.8928718 
0.47493285 
0.053479105 
-0.8582044 
-0.8565212 
0.45635244 
-0.8919717 
5.809951e-10 
-2.8678198 
1000.0 
0.31106433 1.0727333 -0.027345706 3.1271331 1.1865177 -7.165846 0.79133964 4.607634 6.8345375 -0.03150027 -0.02452309 0.80689955 2.7166069 -0.026319 0.9195735 0.8914928 2.752337 0.8074921 -9.1976765e-10 -9.940809 
2.0847 
0.0 
