1 20 1 1 
0.18154058 -0.9528074 -1.205608 -0.31503192 -0.6729677 0.4010546 -0.50465554 -0.03332221 0.99123806 0.10148113 1.2408694 0.3250025 -0.09174783 -0.9461152 0.22950163 -0.036849268 -0.36759168 0.19804956 -0.11853579 0.27285603 
0.3141306 
0.088539094 
-0.264863 
8.8850477e-10 
-0.41862687 
0.17695595 
-0.09460394 
6.111024e-15 
0.55632204 
3.7818105 
0.3081031 
1.4347423 
-0.29012927 
-0.27199736 
0.42571503 
-0.021380132 
-1.6849507 
-1.7771124 
-0.85153896 
-3.0266182 
1000.0 
1.7732385 -0.030434491 -0.0089352615 -1.2660566e-09 -0.0044354415 1.9371182 -0.0024262073 -2.3204637e-14 1.5347648 -6.1191497 1.6621628 -6.4932003 2.7475011 -0.0070371963 -4.5858755 -0.00029890254 1.769723 -6.906805 -0.0059768073 -8.974661 
1.5061072 
0.0 
