1 20 1 1 
-1.0923777 -0.09562533 0.4365459 0.34950054 -0.9416192 -0.18251684 -0.4619636 -0.16000447 -0.63302845 -0.9762275 -0.7829598 -0.13743027 0.5068234 1.9208621 -0.50524205 -0.282967 -0.48882782 0.73306626 -0.035591364 -0.27274865 
2.5271945e-06 
4.092101 
0.32042637 
-3.4738865 
0.09381062 
4.6387913e-07 
-1.3602277 
-1.2368628 
2.0811944e-10 
-1.3423138 
-1.345727 
-1.047906 
1.1631309 
0.45917606 
-1.2030092 
-1.1356895 
0.11563455 
0.3511012 
-1.451569 
-1.1773345 
1000.0 
-2.596301e-06 5.8774204 -4.209861 -11.830247 -0.0020405024 -4.711096e-07 1.1547843 1.1423647 -2.7722002e-10 1.1527176 1.1531134 1.255349 -8.305127 -5.2379107 1.1415602 1.2438496 -0.0025701188 -4.4843054 5.0192137 1.1437734 
-5.187241 
0.0 
