1 20 1 1 
-0.3129354 1.233469 -0.75890267 0.80063015 -0.15690923 -0.19943708 -0.210069 -1.4984432 -0.2728054 -0.40927407 0.65144163 -1.6721501 -0.30095378 -0.330379 0.6366672 -0.037497994 0.2919821 -0.15920638 0.43249622 -0.95386225 
2.5393536e-05 
0.5083582 
0.14462726 
0.30856752 
-0.5780286 
-0.7330522 
0.12277164 
-0.56932974 
-0.7298499 
-0.73153424 
0.2287894 
-0.54708105 
-0.5715355 
-0.69269407 
0.25339782 
0.27751556 
-2.105583 
-0.94417596 
0.17009334 
1.6514599e-09 
1000.0 
-2.5705778e-05 1.9575076 -0.017724445 -1.360091 0.61623687 0.64928716 -0.007881067 0.6271373 0.6483329 0.648832 3.1373 0.6357461 0.622209 0.6372178 3.5839186 -0.003236987 -8.742792 0.70319766 3.3639853 -1.678615e-09 
0.73525333 
0.0 
