1 20 1 1 
-0.13663077 -1.8469807 -0.9890803 1.0977273 -0.066772275 -1.1377196 -0.54899824 -0.6852453 0.092732176 -1.0827609 -0.7402709 -0.08442032 -0.29716462 0.79817593 0.40124306 0.3942501 -0.39327464 -0.1451904 0.44596994 0.1804812 
0.25107598 
-0.4827031 
-0.6114957 
0.625562 
-0.3315826 
0.02267131 
0.19165839 
-0.9573774 
8.379104 
0.15792818 
-0.36755803 
0.14665727 
0.025853327 
0.55518615 
1.2726988 
-3.5780814 
-1.0282115 
0.75724804 
0.3529965 
0.059518926 
1000.0 
-0.031488746 -0.0020016942 -0.003133753 0.1145526 1.8711318 -0.022617372 -0.030325558 0.9653807 -7.8900547 -0.033856507 -0.001960257 -0.033417627 -0.023570392 0.23080517 -7.805534 -12.295582 1.0441419 2.8109982 0.5387357 -1.2453171 
0.13004884 
0.0 
