1 20 1 1 
-0.036365185 1.1403755 -0.3743245 -1.9038551 -0.0024976956 0.5540964 -1.0489601 0.23408549 0.14207874 -0.13684171 -0.12191668 -0.9397078 -1.6575072 -1.969702 1.0173619 -0.80588037 -0.61576295 0.28645322 0.110957384 0.3617137 
-0.061642937 
0.40047735 
0.060877115 
-1.3009982 
0.022071915 
0.16497497 
-1.28478 
-0.9268139 
-1.7301972 
-8.09782 
7.469349 
-1.2827109 
-1.2867316 
-1.6840293 
0.36763275 
-1.2645121 
-1.2665616 
1.2961406 
-0.11886139 
1.4763685 
1000.0 
-0.009667951 -4.711463 -0.030938966 1.2321801 -0.74752796 -5.2374034 1.2460431 -7.422409 8.178472 4.633518 9.361364 1.4276316 1.244022 1.7846007 -4.679622 1.2822307 1.4018521 -6.5586505 3.2665653 -7.470948 
-4.8451095 
0.0 
