1 20 1 1 
-1.5564206 -1.4766593 0.27463886 -0.09725098 -1.7587284 -0.88002694 -0.91538066 0.5009473 -0.8383433 -0.45383278 0.15673463 0.45360333 0.83835053 0.33165264 -0.11328385 0.28391317 -0.24778251 0.5333463 -0.70683134 0.32008973 
0.049569633 
0.052162968 
-2.0323725 
-4.937645 
-2.2172732 
-1.7469662 
-1.7480638 
0.2608873 
0.09496861 
-1.7608012 
0.24137302 
0.30113262 
0.3741998 
0.4275319 
5.729031 
0.44975302 
-2.1941524 
0.84178996 
0.1531969 
0.5139574 
1000.0 
-0.022939822 -0.02333582 -8.430248 4.2233424 2.3252525 1.6946088 1.9473532 -5.887841 -0.023511833 1.6428605 -3.0061047 -5.801497 -6.872456 -4.3726935 8.179125 -3.7958393 2.235895 -5.8379025 -0.026206702 -4.0470505 
-6.7039013 
0.0 
