1 20 1 1 
0.7922344 -1.0224292 0.17335765 0.49929938 0.15675154 -1.5259296 -0.029420031 0.70612186 -0.13493879 -0.07533909 -1.0847466 0.55913305 0.13071586 -0.58030313 -0.05316247 0.8114573 -0.87492365 0.6657984 -1.204169 0.11433227 
0.28300214 
-1.2612623 
-0.100642435 
0.17415586 
0.1543679 
0.08831149 
0.0115232365 
0.12530783 
-4.689059 
2.9053025 
-0.9544208 
0.23318805 
0.24805751 
0.0693055 
0.16377577 
-0.032855358 
-0.9733877 
0.33013958 
0.18343244 
0.26014864 
1000.0 
2.7659051 1.4652972 -3.4926324 2.8037772 3.124043 -0.0275088 2.9546103 2.5913017 4.605684 5.5808105 0.81940293 2.8108883 3.1707625 -0.025855297 5.444937 -3.513438 1.0960037 2.807845 -0.027590347 3.2039442 
2.8581164 
0.0 
