1 20 1 1 
-0.35897705 -0.15483482 0.2554966 -0.017841598 0.65836895 -0.2755042 -1.37238 1.3814878 -0.117703065 0.9582042 -0.6393222 -1.121484 -0.8455203 -0.17946196 0.28853348 -0.604983 0.24259874 -0.09079005 -0.24582252 -0.30959973 
0.0141698 
-0.6425631 
0.78201497 
-0.0010387916 
0.5564503 
0.22185446 
0.1788537 
0.6883403 
6.314608 
0.21664844 
-1.5017384 
-0.11023038 
-0.30482152 
-0.7741301 
-4.3573856 
0.11526648 
0.5149106 
-4.8300123 
-1.1334882 
-0.5762917 
1000.0 
-0.018901281 -0.0074568386 -5.095985 -0.0011476643 -1.6694051 -0.02925611 -0.028354114 -1.8211707 6.9985566 -1.1691904 1.6924783 0.10100513 0.2739836 0.8326252 -9.857122 -0.02614251 -4.8442144 7.7383184 1.2222954 0.5418098 
-1.8668379 
0.0 
