1 20 1 1 
-0.6568641 -0.2356422 -0.5337505 -1.6457398 -0.035612315 1.1192727 0.40525085 0.15233521 -1.4526569 -0.6412553 -0.23384775 0.30189523 0.20806444 -0.018094996 0.014764808 0.6047173 -1.9454075 0.12878533 0.7832513 -0.8367762 
0.17129739 
-2.9625788 
6.777966e-05 
-0.8841357 
1.4396293 
-0.29619125 
0.42279994 
0.36688057 
0.17921801 
0.12293268 
9.178133e-05 
0.3571355 
0.38381165 
0.36182263 
0.3007149 
0.288364 
0.12266174 
0.01663032 
0.48792377 
1.7054463e-06 
1000.0 
-0.025748907 7.718359 -5.6647157e-05 0.9149762 6.58683 -3.6685588 3.5007904 3.5813613 -0.025956513 -0.02406399 -8.462252e-05 3.5055847 3.5538979 3.9207387 3.728832 3.3959901 -0.02405189 -2.5601375 3.4722166 -2.2659822e-06 
3.5948768 
0.0 
