1 20 1 1 
-0.7301788 -0.07975538 -0.37235254 -0.7765209 0.40268615 -0.444101 -0.1312875 -0.15699697 0.10489442 -0.0010661334 -1.6098493 0.24398376 0.11130664 0.22485627 -0.26258102 0.59562486 0.3069764 -1.8851079 -0.19953571 0.082469165 
-0.9962471 
-4.8590226 
-0.98845625 
0.010130667 
0.23850954 
-0.9981633 
6.5412517 
-0.014778502 
0.41353786 
0.628835 
-0.98639965 
0.35010657 
0.22460933 
0.42523083 
-4.5091176 
0.2806849 
1.2612001 
-0.9907459 
-0.9892907 
-2.4565601 
1000.0 
1.1383897 7.2235026 1.0469962 -0.026562108 4.92982 0.78142023 10.131835 -0.017031211 4.694371 4.9762497 0.9711487 4.404868 4.593825 -4.5030537 8.479016 4.4516954 -6.144065 0.86967945 1.0611744 -4.9601374 
2.847524 
0.0 
