1 20 1 1 
-0.41554794 1.0383115 0.3829383 -0.5497991 -1.0146375 1.326642 -0.8947938 -0.45351532 -0.8837683 0.001588399 0.2995487 1.5351157 -1.5345355 -1.9562731 -0.060815163 -1.4800783 -0.22610694 0.44910818 -0.030034127 0.0005448142 
5.7169434e-09 
0.24714291 
0.4357259 
1.322593e-11 
4.766014e-07 
0.25932842 
4.3049196e-11 
0.16003262 
5.8577604e-07 
0.0021663646 
-2.6177902 
0.3075835 
1.4862269e-07 
8.140334e-09 
-0.01796631 
-0.957109 
-0.019560669 
0.17454618 
-0.0845864 
0.0021899405 
1000.0 
-6.4831744e-09 1.4935414 0.51248115 -1.2120395e-11 -5.689236e-07 1.4435667 -3.4479045e-11 -0.032236207 -6.379095e-07 -0.5326819 -10.183863 0.9650122 -1.5256641e-07 -9.400728e-09 6.1822395 0.96889675 -0.012892714 1.6144266 -0.020294197 -0.9221647 
-0.5480496 
0.0 
