1 20 1 1 
-0.07344677 -0.046616517 -0.27093214 -1.2556084 1.0373119 0.7440553 -0.91308486 -1.04986 0.31559888 -0.07860311 0.2658199 -0.79592866 -0.21472296 -0.89376944 -0.20801625 -0.38416785 -0.43279263 0.80042034 -1.2883248 -0.8185332 
-3.987665 
0.020017477 
0.04227277 
0.21639131 
0.43112415 
0.51039475 
2.0242606e-08 
-0.16237913 
-3.6868227 
-3.5468612 
0.0700501 
-0.12685946 
7.982874 
-0.024311105 
0.7553564 
-0.36158934 
-0.5030427 
0.6496724 
-0.024245545 
0.31051174 
1000.0 
6.444588 -0.022348434 -0.026103105 -0.027735231 -0.6430031 0.8972781 -4.5432483e-08 -0.009457267 -11.065538 6.2095246 -5.413394 -0.0064936136 5.63364 -0.0035208715 4.189308 0.37013334 0.50200975 0.72199047 -0.0034755776 -0.029157445 
-0.9804719 
0.0 
