1 20 1 1 
0.42267892 0.4557224 -0.2636014 -0.29197744 -1.0601423 0.7725147 0.45040926 0.42078277 0.42339566 -0.85155034 -0.061794505 0.3756797 0.5054817 1.5785091 -0.30904606 -0.6419231 0.15786225 -0.06677251 -0.15576127 -0.032227274 
0.97994226 
0.48454186 
4.629373e-17 
0.07363073 
0.017362246 
-0.33831742 
1.322961 
0.7614868 
1.0189279 
0.05568991 
-0.14006855 
-0.16692796 
1.0940832 
-0.64102286 
-0.114464514 
0.12088195 
-5.123608 
0.03246613 
-0.22854973 
-0.010190478 
1000.0 
-5.160665 -6.8304553 -5.0597305e-17 -0.0020817036 -0.0013252497 -1.4050202 -5.148036 -5.475395 -5.123386 -0.0030118253 -0.0021945757 -1.8781893 -5.8913417 0.365079 -0.0018276869 -0.0071155303 -10.464874 -0.004012605 -0.003032403 -0.00043935934 
0.32409412 
0.0 
