1 20 1 1 
-0.7864674 0.2722101 0.23380774 -0.6317953 -0.16128843 1.3609525 -0.17806649 -0.8254638 0.2861425 -0.1246729 -0.73874974 -0.5765294 -0.59106535 -1.0766901 0.14354986 1.2087063 -0.60705864 -0.5396981 -0.059647474 -0.69283104 
-1.4989055e-08 
-1.5755355 
0.17966303 
4.0318937 
6.7886534 
0.46065596 
-3.7773066 
0.05240526 
-1.438762 
-2.2677462 
-2.5018153 
-0.57408476 
3.2975066e-08 
-1.4736152 
-16.300262 
0.49036753 
0.13668479 
-1.7294184 
-2.3132908 
0.34736514 
1000.0 
-1.6853855e-08 -5.4402046 1.4013251 6.1160727 4.8798685 1.298024 7.011142 -0.0053836363 -5.719985 4.949644 2.6064582 -0.035786808 -2.7588984e-08 1.6192757 -12.160102 1.3831661 -0.010133353 1.8617978 4.8885527 -0.011545316 
1.8082924 
0.0 
