1 20 1 1 
-0.71624607 -0.28445825 -1.4795296 -0.1762345 -0.27926654 -1.1501232 -0.19739036 0.07604997 0.00055788603 -0.06589436 -0.7506514 -0.15075095 -0.36263698 -1.537949 -1.4975183 -0.9054954 0.36087117 0.99828756 -1.1572907 -0.0073098834 
2.1389315 
0.20278062 
-0.021041084 
-0.49013838 
-3.2326021 
1.5857583 
-0.10921902 
0.08624238 
-0.051585734 
0.08577932 
1.9093634 
-0.08749249 
-0.14079164 
-0.010918343 
0.11656626 
-0.25695682 
0.32487708 
0.3946746 
0.122472 
-0.0067517483 
1000.0 
2.3206208 -0.030094672 -0.008535242 5.0528603 4.0053444 1.8066542 1.7183158 1.6448845 -0.8183593 -0.028622989 2.127084 1.4236395 -0.012057988 -0.0038713356 -0.027004369 -0.016848328 1.9441417 1.9217746 -0.027316418 -1.4913816 
2.2660294 
0.0 
