1 20 1 1 
-0.2012997 -0.5780997 -0.15059711 1.6151638 -1.4787786 -0.5070007 -0.13827774 -0.10748053 0.15473099 0.35652918 -0.97510284 -0.74490774 1.1676702 -1.5545797 -0.119390875 -0.6338526 -1.5985441 0.00452238 -0.27400923 0.12818326 
-0.16858283 
-3.8020363 
-0.6736937 
0.3911658 
-1.0260524e-08 
-3.6795134e-07 
2.6224604 
-3.2694588 
1.3454723 
-1.199988 
-0.16473658 
-4.6909218e-08 
0.3727387 
-0.10752604 
0.8057627 
-0.12812546 
-0.06489709 
-0.011157376 
5.4537954 
-14.443811 
1000.0 
-0.0019829941 2.411702 0.514657 -3.2598443 -1.3228552e-08 -4.954234e-07 5.0656323 5.653795 -5.884284 -7.133527 -0.0017036841 -6.2221424e-08 -3.278992 -0.019932045 3.679408 -0.023380551 -0.052444108 -0.9260277 2.6606882 -10.994799 
-2.7381794 
0.0 
