1 20 1 1 
-0.272788 0.6065252 -0.8322958 -0.659087 0.42252788 -0.68458647 -0.48829424 -0.102484636 -1.483814 -1.4477423 -0.121104546 -0.37203568 0.15840235 0.53802156 -0.3919675 -0.03814625 -1.2354445 0.0032121516 1.0138209 -0.055871725 
-0.3645129 
2.831113 
0.072233394 
0.28145397 
-0.32391316 
-0.13381782 
0.3064697 
-0.13570046 
-2.2100792e-07 
0.07142487 
0.07405516 
-1.1337138 
-2.8771892 
-0.37579745 
-0.027704224 
0.25424725 
-0.86889017 
-0.0019763638 
-0.19494054 
0.6699474 
1000.0 
-0.01368555 -12.470688 -0.016384628 -0.023263393 -3.9874532 -0.012425024 -0.023622142 -0.01289048 -6.7040276e-07 -0.016290406 -0.016592776 3.6477635 -8.0897 -5.034209 -0.0053507173 -0.02280621 0.8881727 -0.49195534 -3.8922837 5.1476073 
1.4388405 
0.0 
