1 20 1 1 
0.98054105 -1.0707086 -1.6550126 -0.62445045 -0.18112506 0.7466503 -0.12074212 -0.09340157 0.5801393 0.5508094 0.79641396 -0.3188053 -0.08575979 1.1302013 -0.5940999 0.39826682 -1.777423 -0.5875506 -0.48461303 -0.24400285 
-0.48498583 
0.31584352 
-0.029303217 
-0.1798043 
-0.282955 
-0.4842721 
-1.649539 
-0.073512994 
-0.29593822 
-0.5229577 
3.4745007 
-4.74253 
-0.07268992 
-0.527452 
-0.010045992 
-0.09734309 
0.70201796 
-0.3846367 
-0.15690288 
-0.04640182 
1000.0 
-4.906958 -0.0783418 -0.0067276363 -0.003285214 -0.004058903 -3.7373996 5.648455 -0.0010701633 -2.90515 -2.7583466 -11.254828 0.7749557 -0.0013884425 -5.655101 -0.0025282889 -1.9975243 -0.0049259244 -0.0041405163 -0.0029679786 -0.00076540525 
12.986924 
0.0 
