1 20 1 1 
1.1363851 -1.0257901 0.54389054 -1.1654457 0.15115158 0.08171025 0.037968095 -0.81934404 1.1071275 -1.6327021 -0.015831538 -0.25131652 -0.30130002 -0.29703975 -0.14317752 -0.31258532 0.1969342 -0.5574742 0.038130943 -0.10912945 
0.15765843 
0.2552473 
0.25801378 
-1.8074807 
-0.29430354 
-0.18100658 
0.3819375 
-0.2851835 
0.28353986 
0.23899136 
0.24428265 
10.640589 
-3.1035657 
-0.015349461 
-8.314007 
0.40368006 
-0.83641416 
-0.0039081476 
0.05483209 
-1.715943e-13 
1000.0 
3.532255 -0.03129237 4.0357523 1.9307507 -4.6168075 -5.9158616 4.8082223 -0.006758046 3.960431 -0.020700451 5.1858215 4.927508 2.9461603 -0.01837833 6.0189342 -0.048441038 -5.960217 -0.011491626 3.426683 -1.2180148e-13 
4.295425 
0.0 
