1 20 1 1 
-1.2746212 0.322837 0.20430306 -0.16990557 -1.0948492 0.072526276 0.3572762 1.0487571 0.007530269 0.3115017 -0.87360096 0.3371487 -0.36641973 -0.85887897 0.08052777 0.14232402 0.0024490037 -0.20823845 -0.6305899 -0.4678786 
-0.22314717 
0.8019403 
-2.9446468 
-0.09830948 
0.061200812 
0.5202555 
-0.080744684 
0.2156168 
-0.011589805 
0.9510981 
-0.25664294 
1.0364932 
-0.031240003 
0.118983686 
1.1888173 
0.08057262 
-0.0036703304 
-0.027759891 
0.12877123 
-0.18143223 
1000.0 
-0.017043725 -6.436678 -7.260272 -0.010816529 -0.00511157 -3.6073525 -0.60786283 -0.6035093 -1.6833404 -5.574576 -0.016875798 -6.3671412 -0.010188644 0.12731165 -4.000722 -2.8528144 -0.74059075 -0.007891938 -0.01118136 -0.01530846 
-0.016239086 
0.0 
