1 20 1 1 
-1.5296624 -0.4647523 1.5186818 -0.1979236 0.33523718 -0.02634001 0.9066806 0.042289622 0.10500919 0.0014939578 0.0022662699 0.86320704 -0.6091387 -0.78144526 0.0010962294 0.66316867 -0.035360582 -0.14963861 -0.58816254 0.5051603 
0.031154133 
0.01265293 
0.3523007 
0.061390948 
0.1822743 
-1.5038301e-08 
0.25609022 
0.36779281 
1.007826 
0.0017043549 
0.0011372856 
-0.86289245 
2.6549873 
2.7184477 
0.00070764223 
-0.7759759 
0.0782835 
-3.3248959 
-0.30004826 
2.1374412 
1000.0 
-0.014565307 -0.010643147 -0.7148452 -0.018731063 -0.69717634 -7.9258186e-08 -0.98743576 5.2621293 6.2266893 -0.18754399 -0.42460462 -8.649287 2.8025138 2.8832362 -0.22448355 -6.6489806 4.050713 7.1032906 -0.028373849 -10.428664 
-0.042675585 
0.0 
