1 20 1 1 
-0.12754074 0.16540934 0.123563774 -0.10010457 -0.088510744 -0.26645026 0.18848091 -0.021784011 1.1612324 -0.24603751 -0.6501916 0.3612715 -1.3289945 -0.111523725 0.4829802 -0.22134246 -0.76989716 -0.004948055 -0.15654649 -0.22701026 
0.13715711 
0.14875543 
-0.5400285 
-0.11225918 
0.07041044 
0.9058671 
1.9034204 
-1.3792382e-14 
0.4015012 
-0.13495353 
0.75708836 
0.27337736 
-0.19823815 
-0.17824812 
0.24120636 
0.6531189 
-0.0017822002 
-0.0023951735 
-0.689965 
-1.6083067e-06 
1000.0 
-0.018263705 -4.9289494 -4.9838223 -0.006951819 -0.015823014 2.568752 -9.373271 -1.1799031e-12 -1.891933 -0.0076841176 0.86253935 -4.70218 -0.009262079 -0.009992479 -2.2018168 0.45287567 -0.0018459772 -0.28774226 2.9403207 -1.4580386e-06 
-1.2227292 
0.0 
