1 20 1 1 
-0.14972508 -0.8578666 -0.27848592 -1.0645458 -1.2255963 0.38336366 0.4615994 0.6983 0.55095303 -0.48416287 -1.2857535 -0.14381884 -0.09443564 0.35250267 1.0238767 0.21455756 -1.7209051 -0.18763952 -0.20914765 -1.2322844 
3.996337 
-0.4073639 
0.5837894 
1.9048648 
3.5638978e-11 
0.8830717 
0.54852426 
-1.1177478 
0.7275567 
0.04251057 
0.10334203 
-7.420708 
0.10084526 
0.9452557 
-0.7397995 
0.9946229 
0.23585056 
-0.06757672 
-0.1930237 
2.087747 
1000.0 
3.8787575 -0.05073597 0.59178394 1.933977 -3.799008e-11 9.221114 9.489212 -5.112853 8.999335 -0.024112893 -0.027292958 9.600373 -0.027140591 9.248616 -5.7886987 10.119633 -0.025906608 -0.0026910885 -0.041718937 2.1152332 
8.643198 
0.0 
