1 20 1 1 
0.30129367 -0.32670546 0.5345527 -0.89928013 -0.34025046 -1.4868438 0.15812412 -0.9907964 0.3827585 -0.23402002 -0.14514302 0.47298524 -0.1156524 0.08757919 -0.9467713 -0.07658826 -1.4217889 0.12709214 0.38461548 0.4432298 
0.84854704 
6.6171036 
-0.9447403 
-0.26265395 
-0.020734956 
-0.23940998 
0.801885 
0.17300667 
0.6268663 
0.18387093 
-0.12909797 
-2.4945402 
-12.778783 
1.6036434 
2.5626414 
0.011545924 
0.10122653 
0.78654325 
0.43151057 
0.56386626 
1000.0 
9.19532 5.568542 -9.329003 -0.049684364 -0.010580196 -0.047455028 -4.741644 -0.025097078 9.426038 -0.025369374 -0.037622042 -9.453057 7.7435827 10.010848 2.7062864 -0.0162138 -0.026606644 9.807426 9.617634 9.227922 
8.256774 
0.0 
