1 20 1 1 
0.1700075 -1.1145145 -0.59455144 -1.5926932 0.39716294 0.12916876 -0.45699295 -1.4052532 -0.027244065 -1.1359589 1.1170967 -1.6878954 0.12655127 0.9449783 0.38883305 -0.47045428 0.0070181717 -0.050804514 0.60625803 -0.067433454 
-1.446654 
0.1760112 
0.14681123 
2.2381535e-05 
0.5249462 
1.5456188 
-0.21728145 
0.17040657 
3.9460843e-10 
0.23170418 
-0.36492065 
0.33342972 
0.9210561 
1.2987524 
-0.26389956 
-0.14384697 
0.0009807529 
0.16178475 
-0.2722612 
-0.50610894 
1000.0 
-5.1054344 -0.0032099162 -0.0010925991 -2.9222174e-05 -3.9736998 -5.2111716 0.27373698 -0.011823841 -6.8902306e-10 -0.005842083 -5.588706 -0.008089489 -5.0909367 -9.452518 -1.9474934 -0.013165511 -0.38118428 -0.0028478347 -3.0348194 5.368669 
2.783845 
0.0 
