1 20 1 1 
-0.37791127 0.7594793 0.28218496 -0.25044033 -0.67552525 0.31892055 0.99667555 0.26511082 -1.2870419 -0.02676287 -0.64208454 -0.22497311 0.24378324 -1.0982926 -1.0940741 0.9183698 -0.36740366 -0.90661204 -0.03645863 -0.14573584 
0.20416549 
0.30917552 
0.25435606 
-0.117112964 
-0.08099417 
0.3887468 
0.16226216 
0.2509553 
-0.25767887 
-0.4354591 
0.33987656 
3.6163483 
0.3177313 
-1.4739617 
-0.3768797 
0.08869898 
0.7904876 
-0.06572398 
-0.24932347 
-0.03657236 
1000.0 
-0.086303465 -3.433156 -2.8137271 -0.0012114279 -0.0025494224 -3.1762536 -3.7835886 -2.6436121 -0.001972544 3.5031722 -0.08033205 2.1665874 -2.4275591 1.5220327 -0.0019005906 -4.5377474 -0.008161399 -0.00057603297 4.051825 -0.0014912814 
-3.0582209 
0.0 
