1 20 1 1 
-0.33517548 1.0876099 0.116441384 -0.6541288 -0.5451604 -0.08512826 -1.3849198 -0.11346771 0.3050191 -1.0614761 0.12782148 0.006894425 -0.06923828 -0.16277245 -1.7343277 -1.5907156 -0.05874226 -1.3624744 0.0018902894 0.9986441 
-0.5642272 
0.1724947 
-0.10139943 
0.28447953 
0.70578545 
0.3305599 
0.6554155 
0.4258273 
2.1361825 
0.15820178 
-2.72293 
0.005858632 
0.37981328 
0.00037080754 
-0.07367347 
0.5429065 
0.0007355506 
0.61409104 
0.004732425 
0.12611668 
1000.0 
3.259102 -1.5338254 0.9388261 0.2722656 0.7030254 -0.005543685 0.642378 2.7854679 -9.768184 0.1526979 -7.361868 -0.94170606 -0.0045233094 -2.7360114e-05 -0.0010581722 0.5204632 0.016530884 0.5957461 -1.2518915 -1.7140969 
-0.9433523 
0.0 
