1 20 1 1 
1.5200449 -0.9261118 0.053679187 -0.11697009 -0.09136889 -1.1182772 -0.77875257 -0.31659335 -0.090307005 -0.8780853 0.87541634 -0.36831853 0.08019449 0.8885101 0.015957074 -1.2731265 -0.3152553 0.06942306 0.62365544 -0.023305288 
-0.2435189 
-3.5848866 
-0.44279996 
-0.16487166 
6.2412264e-10 
0.18034585 
0.4795734 
0.3206443 
5.3931 
1.2362683e-09 
2.2884412 
-0.13236734 
-1.1438758 
-0.07174639 
-1.4543989 
0.67172617 
1.1511724e-08 
-1.0598284 
-0.20915341 
0.10804469 
1000.0 
2.277017 3.5970378 3.8928638 -0.0015693326 -4.8601367e-09 -0.0052395323 -0.011898429 -0.0042176195 8.087017 -1.3474533e-09 -10.788894 -0.0016379763 7.415568 -0.9485255 6.8923683 -0.012956358 -1.2370744e-08 7.0431914 1.4537075 -0.0005489398 
-2.1470823 
0.0 
