1 20 1 1 
-0.3846221 0.015824214 -0.59496254 0.57683754 1.1215249 -0.39685708 -1.0543288 -0.44241163 -1.4025253 -0.49949867 0.25912955 -0.1256025 0.9515993 -1.0652297 0.15064673 0.67070276 -1.1832168 -0.08315478 1.2837998 0.5027991 
-0.0665157 
0.46008983 
-0.027956048 
-0.22806084 
-0.29445738 
0.7803629 
-0.13624123 
1.4808487 
0.2879035 
1.5529189 
0.23662126 
-0.080829345 
-0.114168406 
1.4990608 
0.039697874 
0.37589675 
0.7766922 
-4.7234883 
0.44684663 
0.11616778 
1000.0 
-0.0043183463 3.8421643 -0.0054219714 -2.8806913 -3.754836 0.8267891 -0.0030957188 1.4420624 0.2925518 1.3125917 3.4988563 -0.00507708 -4.134836 1.3925891 2.5681422 3.5118675 0.8224417 3.6430397 3.5124373 3.145119 
3.6671379 
0.0 
