1 20 1 1 
-1.440898 0.51393 0.1091599 0.44580814 4.7997435e-08 -0.76897436 -0.53799033 -0.5953134 0.74606365 -0.037686434 0.2891492 1.1159395 5.19906e-06 0.5162022 -0.5621059 0.9590626 0.58450615 -1.88933 0.2080125 -0.32862958 
-0.1701709 
-0.13949415 
5.8556056 
0.19959195 
4.824587e-06 
-0.017580489 
-0.061556276 
-0.3157744 
0.24332619 
-0.05926041 
-1.0001156 
-0.3934881 
7.557849e-05 
0.32049146 
0.22777253 
0.2253569 
1.4823574 
0.061581705 
-0.106249325 
0.036511738 
1000.0 
-0.02831111 0.0030036485 -8.783636 -5.6496725 -0.00017862809 -0.018151542 -0.028256832 -0.032564078 -4.8489246 -0.0015390264 1.476344 0.003742744 -0.004217035 -4.8307047 -0.030582923 -5.637424 -6.405497 -0.027332561 0.002896404 -0.025995927 
1.2914686 
0.0 
