1 20 1 1 
-0.22290225 -0.86579335 0.15473948 -0.35330942 0.3027877 0.41870323 -0.93150496 -1.4674448 0.5409304 0.49082792 0.0059965313 0.46244252 0.005247173 -0.14306146 0.26730132 0.1525385 -0.32841593 -0.0009121334 -0.82821447 -0.3243695 
6.644881 
-0.75291497 
-0.17888977 
-1.2258384 
0.26050854 
0.1168243 
0.10469204 
0.021270765 
0.32747942 
0.32801706 
0.0070432685 
0.41698733 
0.021583224 
-5.017112 
-0.15646379 
-0.16378316 
0.03182915 
0.0047619543 
-0.13116053 
0.024050845 
1000.0 
5.0346966 0.8454155 -4.68567 1.2896092 4.4120784 0.12544551 -0.033216044 -0.027805 1.4354277 1.4546778 -1.6925507 1.6704379 -2.0194576 7.2484 -2.8862503 -4.6235695 -0.03029743 -0.79934675 -0.010752242 -0.02852517 
2.3647165 
0.0 
