1 20 1 1 
0.06817622 -1.035974 0.5044905 0.46038428 0.17571716 -0.14269997 0.64719933 -0.61203915 0.44013917 -1.1502792 0.7237867 -1.0246781 0.38960072 0.024410577 -1.6242726 0.6027862 0.61039615 -0.24208339 -1.9962102 -0.040468536 
1.7429444 
0.013741581 
0.34468082 
2.8344493 
-0.13575752 
-4.238327 
-0.29868367 
-0.061681744 
-0.43033314 
-0.25991738 
-0.1290169 
-0.22442888 
-0.5017213 
0.032928724 
3.4479856 
-0.91304415 
0.3303458 
0.25322244 
0.27566388 
0.26670954 
1000.0 
6.144252 -0.024347022 2.5390413 -9.2216835 -1.7620713 6.871754 -6.4703918 -0.008674047 -4.399064 -0.011924532 -5.4115095 -0.014959582 -3.894153 1.6879281 3.7523243 -6.0246215 2.4630928 -0.031147262 -0.03134683 -0.0172632 
3.7714677 
0.0 
