1 20 1 1 
0.07342045 -0.026917705 0.00067098544 -0.24570096 -0.23174712 -0.039563365 -0.21163769 -0.047548853 -1.26648 -0.995753 0.50341123 -0.7134871 -0.3642761 -0.551157 -0.069446705 1.7669282 -0.071289964 -0.39458358 -0.24406223 0.043948367 
-0.009779661 
1.7642903 
0.00043996712 
-0.45783204 
6.0587955 
0.7666288 
0.073730715 
0.0031023005 
0.061189335 
0.055858135 
0.051627994 
0.0061832485 
-2.4364002 
0.006326105 
-2.8217115 
0.3313643 
-2.395315 
-0.07457388 
0.04751277 
0.17960587 
1000.0 
-2.188991 6.2954693 -0.09470825 0.45124105 3.9587972 4.490763 -0.023089634 -0.004209657 -0.0216581 -0.02095173 -2.8123665 -0.011383594 1.6488101 -0.011451516 6.3345027 -1.6398184 6.414774 -0.023057684 -0.02182814 -2.612039 
-1.0536482 
0.0 
