1 20 1 1 
0.34327343 -0.037446667 0.44388244 0.26222482 -0.36835408 -0.5377449 0.48411828 -1.1718807 0.49086642 0.00022317984 0.5095855 0.44900027 0.00029491028 0.43505737 -0.74523264 0.32436556 -0.33940005 -1.0746897 0.9796901 -0.40298656 
1.5501516 
-0.23482868 
-0.89017564 
0.65063524 
-0.1635179 
0.025812162 
0.33387956 
-0.13446647 
-0.7427236 
0.008128106 
0.33407125 
-0.9274651 
0.013495375 
0.42063534 
0.85009086 
1.3663659 
-0.003651953 
1.05921664e-07 
0.39783904 
0.47024843 
1000.0 
-6.864966 -0.0014931586 -4.4409413 -5.2443485 -0.015945997 -0.028332703 -2.4164586 -0.015065397 -4.911309 -0.2688169 -2.5437133 -4.492249 -0.3001718 -1.7598284 0.8563339 -6.4856424 -0.0014702522 -2.2658638e-07 -3.5742214 0.4717414 
-0.95131695 
0.0 
