1 20 1 1 
-1.0797355 -1.3737828 0.6136797 -0.2723626 0.24556352 -0.24105388 -0.18703204 0.019188158 -0.6400238 0.3623622 0.48566678 0.24800117 0.23553726 -0.114433244 -1.9978805 -0.37736073 -0.64596653 0.5595785 0.32434246 -0.13615191 
-6.009944e-11 
1.3981444 
-0.117360815 
-0.0562472 
0.19343182 
-0.3348038 
3.9972386 
4.0541883 
-0.20671785 
0.1912481 
-0.74659723 
1.0429655 
0.8952137 
0.0110394135 
1.1263931 
1.0417185 
1.2781587 
-0.68896484 
1.6480033 
-8.696252 
1000.0 
-8.447835e-11 1.4254241 -5.93988 -0.0020249118 2.5334513 -0.0056183883 7.267779 5.035986 -0.005773965 2.4758127 -4.8597517 -4.9454174 -4.695985 -0.00062491355 0.9472869 0.8180494 1.1717726 -5.598934 -6.471203 6.7730947 
3.0302434 
0.0 
