1 20 1 1 
1.0689976 -1.0419649 -0.4127727 -0.10260638 -0.05952759 -0.7550878 -0.6124301 -0.7481739 0.098614484 -0.69350934 -0.2549723 -1.6210296 -0.94826 -0.3751934 0.6220937 0.1890586 -0.18328016 1.2081674 -0.06782323 -0.9806845 
0.35898843 
-7.5147994e-09 
-2.2003122e-09 
2.344558 
-1.2253388 
-0.04330748 
0.008738678 
-4.765324e-10 
-11.067603 
-0.10291084 
-0.015436928 
-0.31230685 
-9.3407335e-09 
-0.23750222 
0.17008029 
-0.08480053 
-1.1457896e-07 
0.23152208 
-0.16960455 
-0.07711899 
1000.0 
-1.4788872 -8.696601e-09 -3.0068823e-09 3.6271346 4.1079 -0.0062931166 -0.0074310084 -5.707253e-10 -8.070979 -0.0007312413 -0.0036523843 -0.0007925969 -1.1541638e-08 -0.00083364756 -1.7914442 2.9552934 -9.9453985e-08 -1.7314391 -0.0025356007 -0.0022123219 
-3.2274437 
0.0 
