1 20 1 1 
0.009275584 -1.432278 -1.3714409 0.00026516567 0.42952076 -1.6946527 -0.34548685 0.23947601 0.2273403 1.2257386 -0.11852207 0.48270458 -0.49839377 -1.1704782 -0.9693584 -0.11488537 -1.3055109 -0.55747366 -1.3319278 -0.19623812 
0.009351769 
1.5904503e-06 
0.069043525 
8.520084e-05 
2.2935958 
1.233466 
-0.12676434 
-4.938009 
-0.28444484 
0.4356704 
0.22211437 
-0.34305674 
2.0529122 
1.3141937 
1.4119787 
6.604725e-10 
-0.41962838 
-3.0071983 
-0.29955545 
2.2915692 
1000.0 
-1.214214 -1.7935555e-06 -0.0013347373 -0.042934828 -10.928609 1.326142 -0.0010574816 -11.371409 -3.0122025 -2.212179 -0.0029692987 -5.5529103 1.8798919 1.4626294 1.5443083 -1.653384e-09 -0.008942426 5.5440207 -0.004437902 3.88486 
-1.8456562 
0.0 
