1 20 1 1 
-1.2336696 0.11963205 -0.518803 0.14466086 -0.76606643 -0.38190782 -0.5558794 -0.50144094 -0.38196284 0.00042888318 0.00030310889 -1.6979717 -0.4324424 -1.0072178 1.4435061 -0.49747646 0.5420778 -1.7661731 -1.5022455 0.0009871507 
-2.2144637e-09 
-4.596246 
1.4345217 
2.3064148 
-0.31384462 
-1.08709555e-10 
-1.1706096 
1.4335315 
-2.6452947e-13 
1.9916735e-05 
0.00066804746 
-1.3527608e-07 
0.1630081 
0.046582103 
0.35863692 
-0.10987331 
0.1093886 
1.6228154 
-1.2824423e-08 
0.0022447344 
1000.0 
-2.6637528e-09 -6.621001 1.4629459 -5.7626553 -0.00839384 -1.4335835e-10 7.409566 1.4638423 -3.1149822e-13 -0.05259321 -0.055463538 -1.710728e-07 -0.005017683 -0.0013067498 1.0574964 -0.0031412165 0.45834124 1.6150594 -1.6057799e-08 -0.20682403 
1.4366518 
0.0 
