1 20 1 1 
-0.79773223 0.27716112 0.15091507 0.48444512 -0.9922377 0.7846828 0.32094833 0.22627753 -0.058625832 0.610077 -1.0358015 -0.7925136 0.17277576 -0.6859818 -0.25504127 -1.0402569 -1.5942657 -0.0041875863 0.20789292 -0.086273365 
2.8798793e-06 
0.37161 
-6.1916656 
0.71997255 
-1.0963402 
0.20693487 
0.42812547 
0.0628039 
2.0933495 
0.14392768 
0.29166648 
0.056143194 
-0.20829864 
4.2737295e-07 
-0.13025813 
-0.46260947 
0.1182751 
0.001686706 
-0.5747799 
-1.2325963 
1000.0 
-2.396924e-06 -2.7669883 -10.582392 -4.5848365 1.1383716 -3.9596076 -3.2006621 -2.3324583 4.7335324 -3.7831044 -0.015462784 -0.010117644 -3.4392955 -4.4585153e-07 -0.006819214 -0.008280299 -0.012886673 -0.38644218 -4.140762 4.301174 
-3.3841388 
0.0 
