1 20 1 1 
0.98510444 -0.32796305 1.321955 0.67352104 -0.26304436 -0.1961798 -0.7134755 -0.3041904 -1.0539 0.72699904 -0.8735306 -1.0500699 0.25474286 -0.7618771 0.11848954 -1.1672056 1.4899343 -0.08801777 -1.0128458 -1.2882519 
0.36714047 
-0.051017813 
0.39722294 
0.30318713 
-0.089305796 
6.7286625 
-0.13322276 
-8.3210683e-10 
1.581819 
-1.7040684 
1.6857036 
-2.1624386e-10 
0.36515078 
1.550867 
-7.5429487 
1.5424907 
0.4210716 
-6.6379275 
-3.3098355e-12 
-0.10917594 
1000.0 
0.38853732 -0.00073204044 0.4327961 0.21551722 -0.0020584862 4.247314 -0.0021823077 -1.0838431e-09 1.4424645 -7.2697487 1.6901507 -2.5583308e-10 1.3734716 1.3578712 -9.093274 1.3297998 0.5011406 6.0430703 -3.4633626e-12 -0.0020822503 
1.1609267 
0.0 
