1 20 1 1 
0.7490248 -0.24882217 0.43013296 -1.4850379 0.28624168 -0.10419354 -0.138468 -0.78623366 -0.6336481 1.3966291 -1.0915742 0.46277124 -1.4572251 -0.96980023 -0.44353774 -0.04199042 0.6935053 -0.33020127 -0.55341256 -0.27170286 
-0.21396542 
2.9138243 
0.3971271 
-1.6877979e-05 
-0.33431473 
4.430567 
-5.274101 
-0.18545708 
0.0021720564 
0.17484415 
-0.14151323 
0.1327845 
0.42299005 
0.69344103 
0.46316808 
0.19463518 
0.3990171 
-9.3457575e-06 
0.29069966 
-1.8092135 
1000.0 
-5.3595486 4.827348 4.7311897 -1.7939328e-05 -5.207625 4.9507637 8.153717 -0.00060607085 -0.0025073928 4.324437 -0.0013474294 4.0928636 -0.018804116 0.7639008 -0.012602047 4.546653 4.7317705 -9.971771e-06 0.31636927 2.5235584 
5.0156817 
0.0 
