1 20 1 1 
0.56963974 -0.1782378 -0.023535226 -1.3017802 0.52412206 -0.39856493 -0.00042194995 -1.5379069 -0.53990585 0.48724997 0.3168656 -0.43264478 -1.2321947 -0.27529314 -0.5136664 -0.7721519 -1.4310006 -1.5662371 -1.1368837 -0.3025688 
1.1652559 
-0.022866558 
-0.32531863 
0.1371445 
-0.17704386 
0.26940024 
-0.01909122 
-0.16796055 
9.723768e-09 
0.54448164 
0.021679219 
0.1092478 
-0.11277846 
-0.025403716 
-1.0791142 
0.15973951 
7.915482e-05 
0.14424188 
0.28481013 
-0.25743696 
1000.0 
-7.371595 -0.0036960521 -0.0126682315 -0.01117743 -2.6326149 -0.014760393 -0.30527136 -0.003840663 -1.9760279e-08 -7.942397 -0.5081225 -0.009585837 -0.0019524946 -0.008560055 1.1606295 -0.0038924813 -8.570992e-05 -0.011511932 -0.015010055 -0.004770912 
1.2509904 
0.0 
