1 20 1 1 
0.79713374 -0.46437258 0.2116642 -0.10110299 0.19900532 -0.11745343 -1.3727021 0.43679354 -1.5853075 0.3785775 -1.2335701 0.17182615 -0.26914036 0.12530361 -0.22413497 -0.2618229 -0.6481967 0.7482829 -1.6486953 0.14730434 
0.36240157 
-0.095876284 
0.9563479 
9.337609 
0.91238314 
1.095928 
-2.6880394e-11 
2.412166 
-0.0046298895 
1.884771 
-0.0738746 
-3.0888827 
-5.9269223 
0.40286967 
0.6642014 
0.739056 
4.00013e-05 
0.34252307 
-0.14559823 
-7.054874 
1000.0 
-7.946481 -0.0039791195 -6.009888 6.8045187 -5.7369375 -0.003711373 -2.8046598e-11 -8.760024 -0.022367572 -7.669478 -0.0038112393 9.383765 4.6485 -3.7430727 -0.0025892013 0.74475735 -0.0001247841 -7.8112183 -0.0054889983 -7.4458923 
-7.37991 
0.0 
