1 20 1 1 
-1.0397801 0.59658647 -0.059171885 -1.6035496 -0.1633895 0.00023914239 0.5772484 0.13113552 -1.6966039 0.757626 -1.0281878 -0.49140757 0.07507332 0.13005263 -0.18521674 0.49386683 0.3322212 0.12075413 -0.7526264 0.08841709 
-0.029882446 
0.20452178 
-0.22639135 
-0.1926434 
-0.0025508942 
0.0059806746 
0.49826044 
4.0445323 
-0.1863923 
-0.08983567 
0.1676098 
-0.0720291 
-1.0105913 
-0.046371754 
-0.21677135 
1.0467259 
0.33473435 
-2.107978 
0.090719916 
0.15695348 
1000.0 
-0.025763981 -0.18901646 3.4166903 -0.02935505 -0.016274322 -0.31963035 -7.115191 -9.0594845 -0.028400555 -3.8096664 -0.027760383 -0.020292306 -4.578698 -0.79799896 -0.032707617 -9.432597 -8.268835 -7.3226323 -0.028337158 -3.4886394 
0.82327867 
0.0 
