1 20 1 1 
0.29614696 -1.8402182 -0.6451579 -1.4295805 -0.13866356 -0.064284496 0.25481415 1.0431322 -0.86930317 -0.6504465 1.2004014 -0.53296125 -0.08936434 -0.08187981 -0.07351929 -0.030878132 -0.9191252 0.7048402 -0.13778016 0.29049712 
-0.5505505 
-0.08874419 
0.5041362 
-0.07937026 
2.4838011 
-2.087935 
0.8683048 
0.35236576 
0.49166372 
-0.13741952 
0.3132831 
0.2290674 
7.4361587 
7.3595924 
-2.4362438 
-6.186319 
-2.011113 
0.23672493 
-4.042218 
0.5944318 
1000.0 
5.4687333 -0.0016849199 -0.03034208 -0.0011619137 2.26744 4.5634136 -5.612746 -5.6983776 -0.027751975 -0.0023366539 -5.764365 -0.03626237 7.8714643 7.196479 5.1150064 6.9110465 2.3335855 -6.1789627 9.697438 -5.876102 
-5.4063764 
0.0 
