1 20 1 1 
-0.84636265 -0.6180449 0.27143922 -0.6697428 -1.386644 -0.22534172 -1.0799152 -1.7671671 -0.5749547 0.50984126 0.0057763127 -0.7714958 -0.2563139 -1.6415406 0.0037722166 -0.0070228 -0.07118567 -1.5834888 -1.4861656 -0.080903284 
0.0893335 
2.5842842e-06 
-6.962421 
-0.011149394 
-0.022244977 
0.20286267 
-0.07551307 
0.12045401 
0.23068458 
4.8763094 
0.008003546 
0.18633944 
-1.0456424 
0.14931189 
0.01062545 
0.031434156 
-3.3553414 
-0.004534772 
-1.0023274 
5.3007364 
1000.0 
-0.006972754 -2.7583903e-06 -11.083305 -0.0045808186 -0.009471373 -0.0045733275 -0.0004106147 -0.006098647 -0.0015947022 -12.746336 -1.2771016 -0.0020767164 1.1184422 -0.0034780367 -0.6258942 -1.2810129 7.153542 -0.009702723 1.0640081 6.570459 
-8.561948 
0.0 
