1 20 1 1 
0.09581006 -0.09291472 0.07124085 -0.1347803 -1.6203634 -1.9062195 0.38626206 0.3374286 -0.38076577 0.17076385 -0.3223267 -0.5068999 -0.9169403 0.81208175 -0.28351808 -1.6794649 -0.54734343 -1.1492101 0.1254686 -0.3323545 
-0.98769164 
0.43015096 
0.0029734976 
-0.039236702 
-0.10261025 
-0.15401459 
1.2904938 
0.8993106 
0.2038476 
4.29819 
-0.2377034 
0.21062118 
-9.676627e-07 
0.06739435 
0.15787774 
5.892065e-05 
-0.9480771 
-0.15579948 
-4.2401166 
1.681152e-06 
1000.0 
-4.831293 -0.0058630365 -2.7625992 -0.0019259615 -0.0010874986 -0.0019585139 -8.3847065 -7.8144884 -0.007304971 -10.291008 -0.0026742357 -0.0074816844 -2.4076803e-06 -1.793959 -0.004326668 -4.2723164e-05 0.95898455 -0.001749517 -6.3095775 -1.7044275e-06 
0.90840834 
0.0 
