1 20 1 1 
-1.5876383 -1.1821117 -1.150714 -1.2640462 -0.029724589 0.016776524 0.07825715 0.001585714 -1.1915679 -0.15842885 0.003792196 -0.1892868 0.012949686 0.0049581877 1.1503721 -0.08985491 -0.17195311 0.35926545 0.001363687 -0.4778531 
0.34578237 
-1.0012372 
-0.023154512 
0.35720348 
-0.13896388 
0.008082525 
-5.5592484 
0.00048966525 
-0.0022536693 
-5.256883 
-0.013991517 
5.449914 
0.011375637 
0.0021581608 
0.325414 
1.584222 
-0.14443153 
0.8549237 
-0.020732315 
-0.023133427 
1000.0 
-0.018938221 1.0466172 -0.037524626 -0.021079417 -0.022536006 -1.800965 -6.1093073 -0.18076406 -0.010038878 6.536325 -0.81013095 5.224261 -1.5751735 -0.6154419 -1.9037209 5.347293 -0.020018427 -5.542237 -0.8147414 -0.004441646 
-1.5127325 
0.0 
