1 20 1 1 
0.38826478 -1.6284612 0.3113775 -0.5649669 0.33792007 -1.5225569 -1.2452546 0.35187402 0.1308202 -0.03660882 -0.8510407 -1.0546231 0.009320608 0.7173868 0.005508717 0.42367294 0.0063090674 0.14437181 -1.1577272 -1.713148 
0.64403576 
2.1443727e-08 
0.8092655 
-0.23666833 
0.21229061 
0.24038701 
-0.15973973 
-0.07629802 
1.0278999 
0.033785734 
1.7668577e-13 
-0.8022227 
0.007964673 
0.13264155 
0.00829685 
0.46182397 
0.009172223 
-0.6085731 
-0.2141849 
3.7945813e-06 
1000.0 
-7.728776 -2.4745933e-08 -5.883186 -0.0180734 -6.7299576 -0.019832123 -0.012706338 -1.3564829 -5.231771 -0.0004455889 -2.866939e-13 0.8306661 -1.4079446 -0.293723 -2.5923193 -8.437457 -1.2805262 -4.3471384 -0.015567705 -1.3153977e-05 
0.6645488 
0.0 
