1 20 1 1 
0.52736783 -0.29933888 -0.10970018 0.32268924 -0.19850463 0.029758105 0.27933452 0.23480964 -0.4667246 -0.53420377 -0.64623916 -1.5571668 -1.6492664 0.33810398 -1.4765847 -0.26441526 0.3156763 -1.6772674 -0.63601124 -1.7872167 
0.22419104 
-0.08996462 
-0.014614555 
1.127988 
0.37290838 
0.14384602 
1.356853 
-4.489818 
0.13401042 
-0.26719135 
6.087756e-12 
-3.9994868e-07 
0.026637929 
1.3862861 
-0.017051537 
0.23808339 
1.0716345 
-0.028200127 
1.3623434e-08 
1.2318481e-13 
1000.0 
-2.0336437 -0.007411602 -0.00013577372 -8.370297 2.90256 -3.6110475 -7.1459904 -9.402913 -0.023378137 0.26861268 -4.1861007e-12 -8.1539963e-07 -0.017495373 -8.3245535 -0.0055751097 -0.026334694 -8.336573 -0.0052124923 -1.5852976e-08 -1.4665108e-13 
-1.0181648 
0.0 
