1 20 1 1 
-0.19753022 -1.1701677 -0.9822644 -0.35634974 -0.5902024 0.8915627 0.11699792 -0.41379794 -1.4898946 0.14384468 0.06929161 0.26019257 -0.19363432 -0.58218765 -1.1185379 0.26122335 -0.018721532 0.3216412 -0.03762924 -0.040238474 
0.23016918 
-0.7459129 
-0.31639618 
2.6747508 
-0.7744273 
0.118346 
-0.0445091 
-0.17781541 
0.0008015005 
-0.03822915 
2.8945067 
-0.24224752 
-4.788301 
0.07533502 
-0.009138109 
1.7647408 
-0.25225693 
1.5828549 
1.3862667 
0.31458706 
1000.0 
-0.029116485 0.77188605 -0.009681506 6.4356146 0.8015664 -0.71225166 -3.5948613 -0.0083690565 -0.0051225186 -4.5465546 -4.655266 -7.831204 5.750831 -0.02315706 0.009283479 -10.543496 -0.069626905 -13.555843 4.912601 4.5886703 
3.2235708 
0.0 
