1 20 1 1 
0.32901162 0.0071443887 -1.1156616 1.2717106 0.78008527 0.340083 -0.78388536 -1.45404 -0.5323676 -0.97401744 -0.6349829 0.0026595953 -0.055412855 -1.0755225 -0.13756482 -0.547257 -0.32243586 -0.9886817 -0.8713807 -0.026492761 
1.0039246 
-0.003982829 
0.02732305 
0.19615678 
-0.04677269 
1.1148647 
1.4801364 
-0.006469715 
0.1716985 
0.110924624 
0.28948206 
-0.00090753095 
-0.11600325 
-0.10489436 
0.027978998 
-3.2573977e-10 
0.2715445 
0.15061764 
0.18055579 
1.1475638e-08 
1000.0 
-6.9949865 -2.0250628 -0.018779473 -3.5088875 -1.179219 -7.065527 1.6338116 -0.0054165367 -0.021425998 -0.02430199 -0.023610678 -0.33955875 2.9289896 -0.0016072922 -0.018977968 -9.816246e-10 0.31942275 -0.020763874 -0.02166816 -4.6820517e-07 
-2.160608 
0.0 
