1 20 1 1 
0.3275227 -1.0379331 -0.57038075 0.19161008 -0.009123284 0.0013236145 0.5435166 -0.18891093 0.33623075 1.0864352 0.011024652 -0.29168537 -1.0986241 -0.6223892 -0.30357733 -0.3692633 0.60456115 0.21137898 0.8366794 -0.23152967 
1.2772366 
0.13842344 
-1.4181826 
-4.505294 
-0.0027950315 
-0.0011044953 
0.3802505 
2.514941e-09 
1.3196504 
-0.14063966 
-0.013096584 
1.2028854e-12 
-0.060521014 
1.6856387e-06 
1.0489016 
-0.37149593 
0.14341906 
1.0088489 
0.28786102 
-0.32976303 
1000.0 
-7.8595586 -0.02862583 1.5011194 -7.87296 0.17856602 -0.23897052 -2.09253 -7.1628894e-09 -7.9839306 0.77703094 -1.5533748 -1.2753388e-12 -0.0017648146 -1.7753738e-06 3.599749 -0.0082638245 -3.1357257 -5.772901 -2.3524919 -0.008073188 
-1.5140735 
0.0 
