1 20 1 1 
0.14372852 -0.30925906 0.3529072 0.18622115 -0.12624426 -1.3471875 -1.8265765 0.3870823 -1.0752473 -0.38085383 0.33374876 -0.9050483 -0.8260399 0.44890192 0.22333081 -0.13802305 -0.32240722 -0.2575253 -0.8907474 -0.5336748 
2.4380097 
0.011623902 
0.25163025 
0.2450567 
-0.0064691673 
1.2064025 
-0.13517135 
0.6942612 
-0.08323004 
-0.17031029 
0.8660261 
-0.050866388 
-0.11928883 
-0.32353902 
-0.1537568 
-1.8779649 
-0.101056576 
0.2023576 
-0.03685641 
-0.12327847 
1000.0 
-7.078812 -0.009266912 3.5714276 3.5097122 -0.0008176208 1.287804 -0.024037007 -7.6815925 -0.021747908 -0.0252594 -6.6161246 -0.015688313 -0.02522697 -2.2491746 -1.1228563 4.0485864 -0.024732046 -0.020633774 -0.014293004 -0.026264746 
4.288106 
0.0 
