1 20 1 1 
0.08461526 -0.117759794 0.7179798 -0.6704051 0.3918665 -1.5465051 -1.743756 -1.1422089 -1.4145571 -1.5133404 0.16408505 0.30404356 0.011099466 -0.3067743 -0.0010943889 0.0005317097 0.86197466 -1.4001602 0.0033452304 0.36140493 
0.33050624 
0.19123393 
0.22199282 
-0.101890735 
1.046398 
0.32541603 
-2.0978305e-13 
0.084157236 
5.441758e-05 
-0.03193659 
-0.6622804 
0.97073305 
-0.025399258 
-0.039748866 
-0.0042572124 
-0.004487747 
-0.11788446 
1.218321e-05 
-0.02092923 
0.4123729 
1000.0 
-3.2351878 -0.034205638 -0.88726 -0.0069293007 -7.2694445 0.39108774 -5.3857533e-14 -0.031374995 -5.6337107e-05 -0.00010086297 -4.8697667 -5.570403 -1.780996 -0.0002117904 -0.16013221 -0.16791935 -0.87532157 -2.0220434e-05 -1.4814012 -7.210371 
-0.13172008 
0.0 
