1 20 1 1 
0.75038713 0.32872307 0.33798382 -0.83855736 -0.047708955 0.12377186 0.1811354 -1.4825867 -0.75562596 -0.22398561 -0.61783344 0.062409922 -0.9845195 -1.0774751 0.076823175 -0.63211364 -0.15311037 0.27349243 0.007648253 0.35182682 
0.22109923 
0.12781455 
0.38425806 
-0.00022143958 
0.12517677 
1.7134087 
-0.110186815 
0.22539648 
0.060266897 
3.8619165 
5.958663e-07 
-2.3550203 
0.20644258 
0.036084123 
0.27631772 
0.097214356 
-4.577629 
-0.086508706 
-0.006804959 
1.0240586 
1000.0 
2.8834724 2.4275575 -6.7808633 -0.0002868356 2.9636624 -4.924769 -1.4438574 -0.031710025 -0.030114967 3.9947278 -7.1398836e-07 -4.3348193 -0.0314343 -0.026918674 -3.036836 -0.03295504 4.524412 -2.7119231 -0.9374416 -6.4504294 
4.072512 
0.0 
