1 20 1 1 
-1.1066788 0.8252519 0.74083763 -0.10171103 0.35113025 -0.23485382 -0.44620067 0.18921304 -0.0074973204 -0.078555375 -0.83834296 -0.6252654 0.00089646643 -0.055874698 0.3490056 -0.20121977 -0.00040080116 0.15975781 -0.13504235 -0.3698924 
1.7968999 
0.55090654 
-0.90427023 
-0.2504239 
2.4222896 
0.26066095 
0.06988475 
-4.828418 
2.5647752 
-7.4000573 
0.06908483 
0.047607258 
-0.00048162014 
-0.10081663 
-0.3820776 
0.061591867 
-0.00067578757 
8.755659 
-0.150098 
1.0585479 
1000.0 
2.13396 8.89366 -3.7007492 -0.000935822 -7.0387917 -0.007917349 -0.010301759 -7.5595045 9.131128 5.742984 -0.002781654 -0.0023966464 -0.121360436 -0.00076015096 -1.742368 -0.0044352994 -0.1876065 -8.965254 -0.0014371111 1.2745821 
9.0558815 
0.0 
