1 20 1 1 
-0.13903753 -0.21048912 0.91315466 -1.2040076 -0.6391507 0.00069009705 0.10193496 -1.4090805 0.33193436 -0.03449021 -1.1027923 -0.12073615 -0.029273633 -0.18007277 0.046139076 0.3104916 -0.18165615 0.23799235 -0.3248346 -0.31997058 
1.5755398 
-0.25994956 
0.22095576 
-5.9119266e-06 
-1.3153838e-09 
-0.0028286881 
-0.05882743 
-1.236347e-05 
2.0119104 
-0.14599848 
0.085929796 
-1.8528659 
-0.14295381 
-0.3153387 
0.87174124 
2.1139116 
-0.056917332 
-4.1846523 
-0.14722098 
-0.08192011 
1000.0 
3.9859345 -0.001693972 1.6013299 -7.1838213e-06 -1.2623971e-09 -0.1714716 -0.527095 -1.2077543e-05 -8.625563 -0.0012338639 0.085781895 4.7731586 -0.001722971 -0.0015364029 -2.6981394 -8.133729 -0.00086608133 -9.521524 -0.00061152835 -0.0005899428 
2.2463834 
0.0 
