1 20 1 1 
0.27901295 0.45720512 -0.6344175 0.40505907 1.0792798 -0.4004025 -0.2789548 -0.09833565 0.080709904 -1.6818037 0.80854595 0.21503402 0.32586348 0.5436864 -0.81936735 -0.41323376 -0.15396819 -0.8282789 0.84107953 -1.2943558 
-0.63272095 
0.548242 
-0.39838904 
-1.0971462 
0.3192887 
0.44174895 
6.9126062 
-5.509196 
0.32958308 
-0.7389988 
0.42124707 
-0.3115423 
-0.89728415 
0.18309076 
-0.0642551 
4.954503e-06 
0.4669616 
-0.029446667 
0.2730277 
-0.08462266 
1000.0 
-5.564374 6.734122 0.5201891 -8.085233 1.0302233 -0.04916085 5.1355186 7.6895084 3.9609206 0.91680384 1.1714259 -4.2890873 -6.505257 0.6232085 -0.008502826 -5.4538614e-06 -0.046328597 -0.0024453155 0.9168783 -0.010231608 
1.5427109 
0.0 
