1 20 1 1 
-0.0960908 0.09300312 0.07883103 -0.19981523 -0.22640741 -1.0031577 0.15088935 0.73569417 -0.35880995 -0.22539747 -0.0064637912 -0.78831565 -0.11938895 0.9958797 -0.40075904 -1.1399348 0.0037123517 -0.13876362 0.4374347 -0.22062218 
-6.4618225 
-0.2533629 
1.900959 
0.27460292 
-8.147235 
0.00015245534 
0.12667926 
0.2675598 
-0.15565021 
-0.2554502 
-0.0008911079 
-0.95226485 
-0.13833493 
0.40455264 
0.00040211887 
-0.31131512 
0.01306623 
10.165098 
0.14960504 
7.5844045 
1000.0 
5.7451286 -5.5798755 -5.5453377 -0.042021062 8.926473 -0.000201978 -0.12263223 -0.18802989 -0.026362607 0.67389274 -0.14136633 1.0511922 -0.024342049 0.04392953 -0.00012199965 -0.03168111 -0.5373821 6.9179473 -0.6197427 5.2986345 
0.40063742 
0.0 
