1 20 1 1 
-1.661866 -0.019801853 0.32985014 -0.4407899 -0.05560318 -0.6924999 -0.08041568 0.30935422 -0.5509627 -1.7561349 0.33379966 0.6723744 -0.10142021 -0.100669935 0.57223827 -0.07177123 0.13224715 -1.1334544 0.45459652 -0.12783054 
-0.19358529 
0.05711199 
1.4875425 
0.23466192 
-0.98580503 
0.00014761688 
3.6907008 
0.19113743 
-0.10688494 
0.32094905 
1.700569 
0.25688645 
3.3300238 
-6.364327 
-0.20114797 
1.5588598 
-12.986797 
-0.1346741 
-0.22854178 
0.006741201 
1000.0 
-0.010318587 -0.008150396 -5.928526 -0.02378614 4.446128 -0.00017824689 5.684311 2.1592796 -0.008235875 -0.01255439 -5.9017577 2.0811915 7.071764 8.052866 -3.0420425 5.004384 -10.715487 -0.007996346 -2.2766342 -0.015496854 
2.5859885 
0.0 
