1 20 1 1 
-0.3687389 -0.08806254 0.21234465 -0.24138173 -0.20012507 -0.23708603 0.1740138 0.06690879 -1.3099256 0.47771168 0.15276988 -0.15168335 -1.5070771 -0.58868945 0.4052478 0.87076414 0.042935003 -0.78650993 -0.1671848 -0.27118087 
-1.12205 
-3.8928344 
-0.6550442 
-0.12910324 
-0.36745524 
4.1112943 
1.811737 
0.9201569 
0.2638612 
0.17575705 
-3.4351313 
-0.111083284 
0.46216333 
-0.16120814 
0.08183223 
0.3825415 
1.417753 
-0.80700034 
-0.05262557 
-0.02685701 
1000.0 
0.76314837 7.885236 -5.799225 -0.0017085344 -0.004127736 3.885327 -6.9873676 6.827129 -0.034710906 -1.1198261 -8.030884 -0.0012287364 -0.065950416 -0.0015238425 -1.2992783 -0.891275 7.512032 0.9424122 -0.00080696144 -0.00084803277 
-0.61136955 
0.0 
