1 20 1 1 
-0.00038331916 0.00034027212 -0.16881144 0.5039435 0.87175435 -0.14252973 -0.82328826 0.44688502 1.1969699 0.35555854 -1.8328552 0.0009226822 0.04371225 -0.16914082 -0.15181772 0.4147283 0.11573214 0.01629099 0.121702924 0.047901686 
0.00018446681 
1.580796e-05 
-0.106904976 
-0.17141527 
-0.33078 
0.29224378 
0.10157359 
0.95974475 
0.22304668 
0.81597155 
0.10999904 
-0.022593627 
-0.015687993 
-0.26050884 
-0.14650008 
0.4780216 
-10.045827 
0.54167277 
3.243796 
1.3373638 
1000.0 
-0.10389887 -0.046570517 -0.009271228 -2.6005843 -4.3986087 -0.036471013 -0.03759362 -7.3433924 -0.0056527727 -5.84312 -0.03317117 -0.9900954 -0.56987625 -0.011304408 -0.01071771 -7.000851 -9.438263 -5.2587495 -7.8352413 -6.280362 
0.095180385 
0.0 
