1 20 1 1 
0.36503634 0.13291033 0.107568614 -0.23013581 -0.6427932 -0.44845152 -1.7043225 0.23746398 -0.6110084 -0.019786954 -1.7727593 -0.018124618 -1.3000923 -0.008590981 0.14095889 0.34691733 -0.589856 -0.46931666 0.34209585 -0.45371056 
0.85622185 
-1.0776592 
4.794266 
2.2601123e-08 
-0.030032285 
-0.14702155 
9.455228e-06 
0.6904107 
-0.18614294 
0.023695515 
0.4154199 
-0.12233951 
2.521686e-10 
0.017095545 
-3.2955377 
0.7877321 
0.032048266 
-0.031571053 
1.0437241 
-0.117764406 
1000.0 
-7.2202682 -5.3102727 -7.0767384 -3.174443e-08 -0.0018535872 -0.010892001 -1.2039723e-05 -5.1918545 -0.012104447 -1.194763 0.51277804 -0.03803341 -2.7247446e-10 -0.9190539 -5.6315618 -7.363904 -0.02479633 -0.0041018245 -5.7404704 -0.010429519 
-0.21248078 
0.0 
