1 20 1 1 
-1.3970505 0.48590437 -0.49180356 0.4441569 -0.7016574 -1.7293317 -0.06582613 -1.0492814 -0.5519889 -0.42020458 -0.72718686 0.6538965 -0.26097074 -1.0266428 -1.2043319 -1.3746214 -0.5650624 0.11852536 0.13037728 -0.11639987 
-0.34347546 
0.7039971 
0.1791616 
0.77470416 
2.5856e-12 
1.0975772e-05 
0.73507774 
-2.5481447e-11 
1.6111947e-11 
-0.021354193 
-0.20024659 
0.24956249 
-0.086036995 
-0.092165075 
-0.16433854 
-0.15272407 
0.09352577 
-9.763922 
6.6704116 
0.2873427 
1000.0 
-0.0018627736 -5.9302845 -0.0050696805 -8.697759 -1.683867e-11 -3.2176897e-05 3.9409046 -4.8580983e-11 -1.648362e-11 -0.009182371 -0.0023391792 -1.3239048 -0.0010181173 -0.0025115055 -0.0010325753 -0.0008552405 -0.008991675 -8.418173 -7.8191915 -0.010503684 
-2.830252 
0.0 
