1 20 1 1 
-0.3614635 0.16600661 -0.4978892 1.2340254 -1.2699368 0.4685664 -0.19208771 -1.2839427 -0.5905228 -0.12454976 -0.55383915 -0.7849821 0.4187247 -0.50696754 0.6880713 1.4264129 0.53261095 -1.6293795 -0.45949253 0.51258147 
0.18241148 
-12.998658 
-0.0539372 
0.74716866 
0.24982207 
1.9742526 
3.3174047e-10 
0.23376378 
-0.046521526 
9.585124 
-6.0532913 
0.23371795 
1.8412913 
-0.23502271 
-1.0045385 
0.8764386 
-1.1020185 
-0.06619509 
0.3159477 
-1.0619915 
1000.0 
-0.036563758 -11.7093115 -0.0020372146 -10.918437 -0.030325025 -6.57127 -3.4535289e-10 -0.032587886 -0.00066988857 7.273253 4.4548564 -0.03252628 -6.525076 -0.0030600538 10.270845 -10.499214 10.324605 -0.0012711972 -0.015737621 10.314697 
-10.080548 
0.0 
