1 20 1 1 
-0.84416467 0.17132466 0.17686172 0.59960455 -1.4891537 -0.24128382 -0.25713032 -0.058426227 -0.052177083 -0.030100212 -0.6169659 -0.32450894 -0.25554767 1.3954314 -0.4441319 0.17737214 -0.25750992 -0.044278592 -0.14131603 -0.6720821 
-0.25575414 
-2.2206256 
-1.1946039 
-0.3941119 
0.27750066 
-0.89154947 
3.393466e-08 
6.312568 
3.8047252 
0.04247855 
-0.6495489 
0.537795 
6.540622 
0.44162747 
-0.23440735 
0.55388695 
0.21539208 
0.06424756 
-8.768562 
0.47426516 
1000.0 
-0.0022787985 -7.4417276 -7.155175 -8.302754 -0.022474274 5.626524 -5.1939214e-08 7.7274294 6.969962 -0.0005205871 0.6522595 -0.020682946 4.226737 6.4275107 -0.0021462797 6.4815016 -0.026972137 -0.011066503 12.602067 -0.023158435 
6.6735244 
0.0 
