1 20 1 1 
0.10429912 0.63050276 -0.63480365 -1.2459985 -0.030368524 -0.28956574 -0.14027958 -0.13567106 0.10003663 -0.9595227 -0.20142211 -0.81326205 0.46439308 1.2751275 -1.9378153 0.5090589 -1.1915118 0.63954985 -0.17021938 -0.06951495 
-1.2988532 
0.24390574 
-1.9173604e-06 
-0.13162892 
-0.03702516 
4.2130375 
0.24068727 
-5.7658186 
-5.7409387 
-0.019949198 
-0.15645273 
-0.22057092 
0.120873466 
0.26973194 
-0.21431434 
-0.13375206 
1.0880023 
0.20659733 
-0.009648349 
-0.017084181 
1000.0 
-5.1658835 3.0027306 -1.973935e-06 -0.002093931 -0.0074622305 7.372751 -0.009605765 6.7647877 -8.015296 -0.00022263978 -0.0032585077 -0.0022840835 -7.14205 3.059861 -0.0021249051 -5.056781 0.9915883 2.7338502 -0.00028922706 -0.0018091138 
4.6552687 
0.0 
