1 20 1 1 
-1.3227344 -0.6985684 -0.3953312 0.18711177 0.110913984 -0.34603363 -0.19945113 -1.6744332 -0.58618546 -0.0015384438 0.93990034 -0.0048270905 0.55990154 0.1440252 -0.5115107 -0.20511843 -1.7775539 -0.0902402 -0.8576658 -0.9533354 
-0.43891475 
-0.010572323 
-0.4575547 
0.110098496 
5.1751323 
-0.16650485 
4.295301 
0.49070734 
0.2527938 
0.0074141044 
0.35931656 
1.4911764 
0.28555676 
-0.34521517 
-0.24888167 
-0.6631767 
0.36492833 
-3.0617535 
-0.9099298 
-0.7878511 
1000.0 
0.55707216 -0.0008051374 0.5804015 -3.060418 -8.305836 -0.0034655293 3.8536274 -0.039112933 -0.02084485 -0.93470716 -2.0315948 5.0985336 -2.1296 -4.3127894 -0.0028874907 5.374496 -0.035870768 5.4406238 1.053465 0.92995995 
-1.7273034 
0.0 
