1 20 1 1 
-0.5477322 -0.49355552 0.7540149 -0.7156206 0.47968248 -0.02001653 0.2952547 -0.37376687 -1.3021601 -0.8895444 -0.8376835 0.0011859663 0.14322074 0.00017924498 -0.67614347 -0.7817451 -1.3336543 0.3907823 0.26620367 0.11418504 
0.2013101 
0.2421523 
0.35298797 
-5.7069972e-08 
-0.20347589 
-0.042236395 
0.58328277 
0.16715546 
-0.021581905 
0.7195797 
-0.14500715 
-0.007658313 
1.8775111 
-0.0011294666 
0.42549834 
-0.29164746 
0.105678715 
1.207325 
0.31221017 
-1.8863578 
1000.0 
-0.026261058 -0.02685929 -1.2922415 -5.8482108e-08 0.20452891 -0.008358135 -5.8659544 -0.032231774 -0.0057917065 0.8245952 -0.016184958 -0.7517858 -7.0720744 -0.072023965 0.4710993 -0.016205901 -0.029866938 -7.563533 -5.287917 -4.583948 
-0.74916 
0.0 
