1 20 1 1 
0.2241743 0.3596119 0.24580848 -0.27858675 -0.87462646 0.37506917 0.29394665 0.10175768 -0.052540563 -0.3576254 0.36299688 -0.4677874 -0.0016132372 -0.5883065 -1.2782645 -0.12896216 -0.36563736 -1.316493 -1.2314767 -0.1817013 
-4.7690554 
1.758169 
1.0834317 
-0.06195136 
1.7208135e-05 
0.9478558 
1.3546962 
7.472706 
-0.20286135 
-0.018238023 
0.019599063 
9.415758e-12 
0.0048357593 
0.03351315 
-0.26369345 
0.04785486 
7.636369e-13 
-0.89674693 
-0.025280654 
-0.01454271 
1000.0 
-8.962463 -9.1854 -7.3356156 -0.000721153 -2.4688241e-05 -5.8070617 -8.700165 -7.109524 -0.010558001 -0.0053101997 -2.2757137 -9.943279e-12 -0.33432692 -0.025025388 -0.01210641 -0.027195573 -2.8104249e-12 0.89724076 -0.0055217985 -0.008852228 
0.80618626 
0.0 
