1 20 1 1 
0.17675759 0.0045660655 -0.28669077 0.10295136 -1.1602502 -1.3542982 -0.19206072 -1.5569922 -0.6267358 -0.35581994 0.011074652 -1.459095 -0.90414083 0.5506533 -0.2461712 -1.7228404 0.028289897 -1.6844054 -1.7226827 0.093907826 
4.58577 
-0.022083169 
-0.03809463 
-0.039848447 
2.6888918e-07 
-0.22420037 
0.20646128 
3.7523296e-06 
-0.62707645 
1.715819e-05 
-0.007903036 
0.2961441 
-0.26124862 
1.4473721 
-0.07257652 
-0.6725153 
-0.05516366 
-0.06822825 
0.3255513 
-2.1023068 
1000.0 
-12.316867 -2.3173518 -0.00033665606 -0.53539973 -2.7849265e-07 -0.006154103 -0.009065054 -5.845273e-06 0.6331118 -3.1692605e-05 -1.8032773 -0.010078956 -0.007463565 -8.994582 -0.0024379226 0.6788848 -4.00074 -0.0017649331 -0.010413395 -5.7156186 
0.8566825 
0.0 
