1 20 1 1 
-0.5471119 -0.5988107 -0.32117167 -1.0526987 -0.18826337 0.006297223 0.4298608 1.0858282 0.7325627 0.10560971 0.0021190178 -0.2952566 -1.6809117 -0.27997738 0.4294326 0.45803457 -0.035137087 -1.0792028 -1.0116224 -1.3008363 
-0.38166162 
-0.12405017 
0.09116512 
0.024153216 
0.27274716 
0.001078656 
0.22905008 
-0.14745443 
0.23632456 
-2.635634 
-0.001223886 
-0.3055142 
0.14599617 
-0.010982126 
1.4809713 
0.065109916 
2.1180786e-06 
0.049102984 
-4.04519e-09 
-0.018690554 
1000.0 
0.40675554 -0.01071632 -0.029347908 -0.023457985 -0.030701555 -0.791782 -0.56092274 -0.8848956 -0.6575272 -7.348044 -0.32269996 0.30888 -0.032432992 -0.003426113 -9.844168 -2.0323524 -8.279171e-06 -0.024684042 -4.945744e-09 -0.0052575883 
0.24623123 
0.0 
