1 20 1 1 
-0.87868845 -0.15995106 0.368547 0.86055535 -0.6319655 -0.4563525 0.24883151 -0.45585102 0.22661607 -0.76916724 -0.62392 -0.82822865 -0.089128956 0.51649636 -0.24399164 0.22198576 -0.7840234 -0.96015346 -0.17814335 0.38783783 
-2.4327323e-07 
-0.049892083 
1.573114 
-0.3927238 
-0.054871302 
-3.119967e-06 
1.5800335 
0.3168245 
0.026458396 
-0.09957762 
-0.64524883 
-0.035331003 
7.4909635 
0.22861955 
-1.1007752e-07 
-2.7051902 
-0.06568579 
-0.4982187 
-6.132303 
1.8964118 
1000.0 
-2.6971185e-07 -0.000531692 -8.857608 3.252539 -0.00069954956 -3.5188873e-06 -7.823711 -0.034215447 -5.682171 -0.0013586398 0.68852496 -0.001120423 7.1234894 -5.1791625 -1.2563171e-07 -8.922829 -0.0010306839 0.53111625 7.7630467 -8.700367 
-3.7624016 
0.0 
