1 20 1 1 
-1.0291954 0.0036306859 0.22784737 -1.1187519 0.58400965 -0.0074689314 0.5649565 0.27390262 -0.27890474 -0.20158863 0.51642644 -0.9312258 -0.20929587 0.2973802 0.8770316 -1.7385905 0.04820905 0.11485331 -0.31915748 0.03209931 
0.06791483 
-0.004075316 
-0.17637974 
0.34643734 
0.19180846 
-0.0061544213 
1.6562957 
0.2135419 
0.08270406 
1.1351041e-08 
-0.22425883 
0.3642967 
1.42184675e-11 
-0.12329976 
0.058471367 
-0.35314873 
0.2027194 
-0.55189854 
-0.36514825 
0.0039279857 
1000.0 
-0.032335494 -0.6757327 -0.31319496 0.3575276 -0.7186514 -0.9216298 -10.415826 -0.5762088 -0.033225257 -1.1668534e-08 -0.39833745 0.38131168 -1.3608476e-11 -0.577459 -1.587083 0.35252133 -2.812479 -4.6215086 0.3597415 -1.856426 
-0.008562861 
0.0 
