1 20 1 1 
0.43496078 0.14811593 -0.36519152 0.8356115 -0.64361364 -0.13414498 -0.0016539663 0.3276311 -0.18254742 0.20613861 -0.43996307 -0.12817225 -0.14200002 0.17522457 0.0038406935 0.2905149 -0.9616821 -0.24130477 4.803915e-05 0.28938097 
0.10376623 
-2.596539 
0.26606494 
-0.16527003 
-0.6462045 
-0.6370746 
-0.01429425 
1.0785671 
-0.13806938 
0.40855163 
3.3883615e-10 
-0.25165898 
-0.3394948 
-1.1803589 
-0.0030749654 
1.1410581 
0.07163757 
-0.15189084 
-3.6196707e-05 
1.2082603 
1000.0 
0.08305736 -6.163037 -0.03341695 -1.795289 0.65598196 0.64612305 -1.1195248 -5.7241354 -0.0005101506 -4.121434 -2.645302e-10 -0.0038403783 0.27407336 -5.240284 -1.0298989 -4.96633 -0.029123304 -0.0007270635 -0.01023323 -4.8319554 
0.91450465 
0.0 
