1 20 1 1 
0.1505297 1.3733404 -0.69629776 0.36454386 0.78170717 0.19006869 -0.32346237 -0.8760118 -1.1045868 0.26918542 1.2406657 -0.2480677 -1.3511132 0.32423088 -1.4523415e-05 -1.2493737 0.00306716 -0.12264949 0.37189507 -1.1832794 
0.9608901 
0.5601493 
-1.4561664 
1.0096987 
0.65964085 
-4.489134 
-0.014620305 
-1.6251652 
0.04189129 
1.2879164 
-0.72304183 
-8.69742 
-1.4749973 
1.0164986 
2.6339867e-05 
-1.5592198 
0.054106798 
10.180095 
1.3392692 
-1.4427934 
1000.0 
-4.474205 -9.05733 1.6303791 -6.8143477 -9.066616 -8.403067 -0.018101633 1.2606674 -0.031392317 -5.740291 9.300831 5.533766 1.3056803 -6.4095263 -0.004607497 1.2715592 -1.381748 7.277838 -6.678573 1.3389568 
-8.920727 
0.0 
