1 20 1 1 
-0.12495784 0.33135474 0.93497777 0.28062958 0.1846797 -1.2105495 -0.0017792926 -1.2303609 -0.06951572 -0.81298673 -0.4021339 -0.1905575 -0.31424916 -0.6877722 0.5983104 0.45030436 -0.8515443 -0.26005483 -1.386452 -0.12745185 
0.27448526 
-4.198677 
0.23394324 
-0.2849165 
1.0282371 
-0.81696904 
0.009674965 
-0.7192472 
-3.0101633 
-3.9413849e-16 
0.21467367 
6.923212e-09 
-0.7691841 
2.6057415e-07 
0.6706326 
2.2893107 
1.0049225e-10 
0.13171762 
0.20211351 
-0.5133624 
1000.0 
-0.016723515 -10.410991 6.1033764 -2.8096607 7.553873 0.751389 -0.46487695 0.6770993 5.6072125 -4.8139076e-15 -0.01586009 -7.770813e-09 0.7160909 -2.6876242e-07 6.3229766 -8.988166 -9.995871e-11 -0.013729545 -0.015626924 -0.008421767 
5.1226635 
0.0 
