1 20 1 1 
0.34756052 0.5449535 0.44860035 0.3794989 -0.561856 -0.73834425 -0.020570427 -0.5004989 -0.08317602 -0.8365994 0.50879997 0.4929852 -1.7427505 0.49240622 -1.2750444 -0.9581829 -0.37759593 -1.7039523 -1.6455024 -1.3111839 
0.6833529 
-0.6017986 
0.55393356 
0.49885818 
-1.9069868 
-1.9410417 
-0.07114194 
-1.7523069 
5.6516066 
-1.7501436 
0.5716753 
0.6899428 
0.054161906 
0.38002518 
-1.8052773 
0.1712345 
-0.1316724 
-0.002358493 
-1.9413167 
-1.7722456 
1000.0 
-3.4393933 5.457902 -4.4500074 -3.758048 1.7648724 1.7642328 -0.02247748 1.8291558 5.7143803 1.8337911 -5.050443 -4.8934994 -0.02832394 -4.890538 1.7817461 -0.029201748 1.6043526 -0.018177593 1.998345 1.8020933 
-5.344154 
0.0 
