1 20 1 1 
-1.4947964 0.17514102 -0.34456348 0.15992102 -0.514749 -0.2623644 0.5656863 -0.7402366 -0.430275 0.17733191 -0.98819613 -0.29907596 1.1404023 0.24067985 1.0833892 0.028059162 0.65746415 0.49610397 -0.7401464 -0.17657954 
0.27462283 
12.194739 
-1.572003 
-2.1006944 
-1.2724732 
2.4905243 
0.18102896 
0.0038820622 
0.007309297 
-2.131696 
-1.1151345 
-1.1905737 
0.51529115 
-3.8057854 
0.37730813 
0.004628261 
0.2265128 
0.19394386 
-1.1053098 
-1.0145742 
1000.0 
-0.032012172 -12.523551 1.7439619 -5.950152 0.8784396 5.1214623 -0.3310272 -0.017368948 -0.016889112 -6.6440606 0.97271633 0.90833336 -0.5100045 -9.637158 -0.51925355 -3.5352283 -0.40025544 -0.36301458 0.98943555 5.1371603 
-0.4257593 
0.0 
