1 20 1 1 
-1.7047771 -0.07033897 -0.75004876 -0.32555315 -0.62226826 -0.06635538 1.1684442 -0.51035243 -1.4599965 0.0006995028 -0.87019074 -0.12409673 -0.15217325 0.459024 0.25410542 -0.5254137 1.3603085 0.4947214 -0.44762215 -1.5215526 
-1.2034125 
-3.056137 
-1.9503603 
-1.198176 
0.24487776 
-4.459467 
0.42235005 
-1.1859204 
-1.7449363 
0.0008192895 
0.04467196 
0.3040474 
8.604953 
0.5844623 
-5.274757 
0.01930306 
0.67517376 
0.3292611 
-1.6106976 
0.29853266 
1000.0 
1.3860694 7.17827 2.0636241 1.3676269 -0.02828614 6.795962 -2.1480188 1.3229477 1.8116528 -0.20315416 -0.019510876 -0.029192813 7.9960756 -4.7065477 -10.253974 -0.015176055 -2.0150745 -1.9261032 1.7641767 -0.029121472 
-1.8268784 
0.0 
