1 20 1 1 
-0.913101 0.0018187675 1.2579197 -1.2792249 -0.15740554 -0.17165014 0.00029699155 0.0021265533 0.75114954 -0.0006139977 -0.1257761 1.52323 0.00024034074 1.4781207 -0.0005165463 -0.31463012 0.0012183972 -0.30318737 -0.011687209 -0.011053054 
0.041106466 
0.0077441083 
0.2117624 
-1.0347309 
-1.0979807 
0.1049457 
0.02012862 
0.0050593587 
-0.17421798 
0.0013969527 
0.74430615 
0.29621243 
0.00665629 
0.22283643 
0.007744566 
-0.995395 
0.057734124 
0.16446367 
0.00485707 
0.04768577 
1000.0 
-0.029323695 -0.65337026 -0.91358393 1.028256 1.0619718 -0.028085127 -0.40146938 -0.30587018 0.32347903 -0.037730873 5.1377263 -0.7941591 -0.20633742 -0.9008445 -0.32539463 1.0066439 -1.2291456 -0.029743202 -0.80723333 -1.2715704 
-0.48350576 
0.0 
