1 20 1 1 
0.26445532 -0.6535899 -0.35424057 0.23470709 -0.7832531 -0.12909096 -1.2285252 -0.21480502 -1.8442485 0.25207403 -0.15593743 0.14942512 1.0625063 -0.0542667 -1.2647552 -0.29602462 -0.049507655 1.6989708 -0.06423015 0.04434359 
-1.127094 
0.53464234 
-0.033907786 
-3.2410274 
0.07440905 
-0.00035683802 
-1.27084e-06 
-0.11861994 
0.2672283 
-1.060605 
0.002300307 
7.436162 
0.4326133 
-2.6290762 
-0.04057372 
0.55106026 
0.060091417 
0.6191129 
2.9148707 
0.023058686 
1000.0 
-5.301158 0.5595769 -0.005578449 -8.683043 -0.028343895 -0.0001378177 -1.3074152e-06 -0.0139336595 -0.02863108 -5.054813 -0.018663129 -10.133668 1.5805223 5.0496492 -0.0050770296 0.56449336 2.1915321 1.5143338 3.1969545 -0.13880627 
1.5429202 
0.0 
