1 20 1 1 
-0.651762 -0.12689677 0.5537705 -0.7078064 0.5852718 -1.2048557 -1.0349044 -0.57032365 0.9275555 -0.9757474 -1.4456815 -0.9058545 -0.9141002 -0.9357519 -1.4169543 0.19735578 0.7225386 0.2683768 -1.4458526 -0.6822862 
-0.0075374 
1.4812011e-10 
0.52349305 
-1.020801 
0.3160895 
-1.0139195 
0.02818917 
-1.0762001 
0.35320997 
-0.8114886 
-1.0525382 
-0.00837279 
0.109299645 
0.21353446 
-0.81033874 
-2.4666321 
0.26195905 
0.66115326 
-0.8400545 
-0.3712825 
1000.0 
-0.0073054587 -7.486892e-11 2.5976377 0.7499174 3.0176756 0.74975836 -0.020584317 1.1903173 2.7778573 0.8352142 1.1591892 -0.006603055 -0.028181659 -0.027855363 0.88863426 -7.7389007 3.3021612 -5.3530235 0.78055465 0.38038152 
2.014468 
0.0 
