1 20 1 1 
-0.87120956 -0.22324947 -0.5601018 0.65146464 -0.4095593 -0.41563442 -1.5890028 0.50595516 0.23264757 0.28298867 0.32888156 0.17734817 0.55363065 -0.105963774 -0.85573536 -0.1403091 0.63437885 -0.5173671 -0.4323633 -0.37706318 
-3.1573477 
5.3189064e-10 
1.364555e-07 
0.64648503 
0.18100344 
0.2470741 
1.8100009e-09 
0.8406626 
0.42073196 
-4.0599384 
0.5276379 
0.36672583 
0.38651258 
5.8223233 
2.3245996e-16 
8.336614e-08 
1.1299162 
9.969335e-13 
5.789494e-10 
-3.0312731 
1000.0 
3.2834704 -1.0750227e-09 -1.5239772e-07 -7.285129 -0.02604317 -0.027147926 -8.7218766e-10 -5.634471 -3.4130785 -8.90987 -4.195036 -2.941553 -6.942854 6.963229 -2.320672e-16 -9.63729e-08 -6.773986 -1.2140863e-12 -1.7834391e-09 3.0578003 
-20.849773 
0.0 
