1 20 1 1 
-0.79405856 0.47609392 -0.06368305 0.11599258 0.040145244 -0.99731785 0.6236384 0.18958087 -0.38195655 -0.30352977 -0.9448621 0.34064692 -0.73468846 -0.2151034 -0.8695661 -0.4691589 0.13563791 -0.36074713 -0.09231493 -0.3971961 
-0.62040997 
0.66152716 
4.224205 
5.4009695 
1.4760453 
5.1441024e-10 
0.42782065 
-3.187836 
-1.0886674e-08 
0.09363763 
1.4596658e-07 
0.6688217 
-0.89839846 
0.00011689759 
0.064819336 
5.075886e-07 
-1.3154244 
1.3866965e-07 
-6.54682 
4.94828e-07 
1000.0 
0.6224918 6.381118 6.5573387 -6.835938 6.864196 -4.595763e-10 7.3141866 -7.5927877 -4.7871765e-07 -0.033476714 -1.5648939e-07 6.6005917 0.9034732 -0.000117753174 -0.03185545 -4.6344397e-07 -5.439862 -1.460969e-07 8.324287 -4.96642e-07 
5.983767 
0.0 
