1 20 1 1 
0.38638857 -0.22158591 0.16204797 0.37240335 -0.00041878622 -1.0057206 0.21764587 -0.7134118 -1.3878177 -1.0401442 0.2506808 -0.73999274 -0.0056463424 0.5204355 -0.3389419 0.1213506 -0.42990464 -0.89560145 0.8907056 0.94150454 
0.45580962 
1.6812115 
0.3305293 
0.1290478 
0.01954518 
-0.023181159 
0.13951443 
1.1368356e-05 
-0.04822053 
-1.7030957 
-0.07774334 
-1.5456791 
6.378156e-05 
0.3378656 
-0.027607394 
-1.3034456 
-0.20791791 
-0.02644591 
0.362427 
0.26739663 
1000.0 
-1.7933843 4.2453613 -1.8177634 -2.2936792 -0.806365 -0.006273675 -2.1441011 -1.354856e-05 -0.0016041808 1.7306653 1.4556737 1.5851886 0.009086037 -1.8497412 -0.0031129308 -3.7499897 -0.013203149 -0.0077826246 -1.8444854 -1.9221036 
-1.6671958 
0.0 
