1 20 1 1 
-0.85315776 1.3011637 0.23536044 -0.107778214 -0.7109688 0.51317555 -0.19180346 -0.9855592 0.48536283 -1.3310857 -0.6730408 0.12027384 -0.62711775 -0.21173075 -0.13762644 -1.7405998 -0.24682084 -0.50180835 -0.66306305 -0.003983894 
0.047593784 
0.45677236 
-3.1064239 
-0.5206473 
0.007495118 
0.6032521 
0.21168944 
-0.80645305 
0.38258153 
-1.6972011 
0.20274852 
6.2709727 
-0.5086627 
0.13386048 
-0.34045723 
0.29636806 
0.0029714645 
-0.37480745 
0.0625075 
0.005565389 
1000.0 
-0.02284249 3.351193 -8.110755 6.355715 -0.01588886 3.1238682 -0.027458133 0.90383214 4.096307 1.7799305 -0.027262183 -8.38607 0.5692069 -0.025102196 0.2748204 -0.028804915 -0.013429291 0.27956662 -0.025120884 -0.34899637 
2.5958927 
0.0 
