1 20 1 1 
-0.38083488 -0.09740064 -1.4409009 -0.06822063 -0.037163887 0.389736 0.5564487 -0.07695476 -0.021245893 -0.92302006 -0.9095603 -0.044062562 0.25734952 -0.3496591 -0.014262974 0.05878595 -0.82837033 -0.10748637 1.1299958 -0.9524507 
0.08481561 
-12.473201 
1.50435 
8.054374 
-0.242671 
-0.7424962 
0.24749558 
-7.417446e-12 
2.1262293 
2.357639 
0.15015355 
1.163246 
0.4677789 
0.0013573727 
1.0759243 
0.6764119 
-0.21727002 
0.21868616 
0.4912911 
-0.3010244 
1000.0 
-0.03185382 8.744452 1.5452718 6.919829 -0.0013123498 -3.8771656 5.651015 -1.1271215e-11 6.649567 2.4472303 -0.03433645 5.353374 6.085871 -0.024483314 6.1226134 5.909043 -0.004754646 -0.035590827 6.434766 -0.004449645 
6.8221526 
0.0 
