1 20 1 1 
-0.17029956 0.26817298 -0.1720845 -0.081018806 -1.996003 -1.092402 -0.65185905 -0.08126271 -1.0478618 -0.27588022 -0.13432997 0.5376143 1.0217656 -0.72696155 0.46204492 0.32489926 0.13855642 -1.039617 0.11653405 -0.28519782 
0.11706689 
0.17022152 
26.04438 
1.7630718 
0.13345245 
-2.29883 
0.19727643 
3.2072942 
0.3415669 
-18.116467 
0.380819 
0.22461803 
0.3147779 
4.976091e-05 
0.6283671 
0.39560774 
1.0330098 
-2.2875803 
0.30478254 
0.026591307 
1000.0 
-0.034989968 -2.8428113 8.623568 4.0662875 -0.03566202 2.3157547 -0.03739915 4.127856 -0.033459034 12.819798 3.6343992 -3.2354004 -3.3835623 -0.020168489 -4.619116 -3.248544 -4.1427264 2.306156 -3.488537 -0.025862454 
-3.5360878 
0.0 
