1 20 1 1 
-1.1712518 0.2171448 -0.19587065 -1.571824 -0.039786372 -1.2162211 0.29864284 -0.029984782 -0.74053884 0.12797667 -0.5000673 0.21151462 -0.6436273 -0.29665014 0.41124764 -0.0053341486 -1.1943628 1.5894798 -0.695517 0.22296238 
0.05732405 
0.86419386 
0.080864884 
-0.8200153 
-0.011092391 
-0.80203086 
0.24856368 
-0.15358265 
-0.7375781 
0.228738 
0.09383796 
-2.0152671 
0.039593194 
0.072691694 
0.12541702 
-0.13336842 
-0.85738283 
0.45847172 
-0.84520066 
0.8777903 
1000.0 
-0.019736351 -4.3347335 -0.022728598 0.8983791 -0.0016394942 0.6860272 2.1699584 -0.04431919 0.70893025 2.5455844 -0.023992825 -6.3318973 -0.019851947 -0.021806909 0.6272444 -0.10712093 0.6937419 1.6425022 0.9396752 -4.4504952 
1.2511666 
0.0 
