1 20 1 1 
0.39871863 -1.2469041 -0.29998296 0.08542558 -1.6875694 0.92698175 0.24632977 0.2595342 0.18249868 -0.11567528 0.10922536 0.5124093 -0.65898716 -0.16951065 -1.2336938 -0.11837294 0.40362537 -0.56136745 0.5269911 -0.913041 
0.52930313 
-1.8219261 
-1.6318054 
0.063312195 
-2.0556161 
0.48671657 
0.20787361 
0.4061833 
-0.93855876 
8.550659 
-1.2419289 
1.0590316 
-1.8187764 
-1.5136487 
0.24467613 
-5.0978765 
0.10126746 
-1.7253957 
0.44394737 
-1.7170091 
1000.0 
-4.001446 1.6049855 1.7830096 -2.6249967 2.1331568 -6.5213995 -2.480025 -2.6097946 7.3734784 7.907509 7.0086827 -5.13649 1.60554 1.310168 -0.03553536 4.774266 -4.504514 1.8430119 -5.284577 1.6369545 
-6.5876274 
0.0 
