1 20 1 1 
0.6698297 0.6694017 0.5272151 0.3213332 -1.0684786 0.657585 -0.28801998 -1.3181733 0.7149293 0.8975404 -1.5588969 -0.094825715 -0.44230536 -1.9260205 -0.520622 0.5434816 0.25530446 0.61517525 -0.10585738 -0.22491261 
0.30850238 
0.39911726 
0.3647906 
0.5898271 
-2.053218 
0.5693814 
-2.2032046 
-1.9860331 
1.1097026 
-0.86170655 
-1.9419507 
0.124510095 
-1.9332731 
-1.8981718 
-1.9529437 
0.9559981 
-4.855076 
0.3183486 
6.06591 
0.15289207 
1000.0 
-7.7869396 -7.457749 -6.931246 -4.752511 2.155495 -6.998688 1.7465072 1.8846718 -7.794791 8.162833 1.9487364 -0.028343992 1.9656255 2.0649674 2.1308203 -6.242548 -9.859252 -7.487636 7.060912 -0.025350837 
-8.167697 
0.0 
