1 20 1 1 
-0.8483242 0.6085098 1.4061238 -0.49147725 0.0019858263 -0.094685845 -0.019210976 -0.21718544 -0.31576705 -0.9566635 -0.9676777 -0.13138935 -0.34375823 0.75844467 0.56180346 -0.40263122 -0.6688322 0.8321522 0.447676 0.23113908 
0.18730281 
0.5306848 
0.53888565 
-0.18115138 
-0.04877344 
-4.5702353 
-0.08340309 
1.4773899 
-0.32271224 
2.4142163 
-0.17874105 
-0.48933285 
0.28772888 
0.36089286 
-0.8933368 
-0.20662268 
0.19384564 
-0.47633234 
0.48298645 
-0.9281834 
1000.0 
-0.012457078 6.6276593 6.542969 -0.0042605563 -2.2684617 6.035069 -0.002466562 1.665192 -0.002311862 2.415834 -0.0058309888 -0.006483005 -0.012551154 6.4545155 -5.6179047 -0.0023822752 -0.0126584545 -7.618 6.6518307 -8.619743 
6.762963 
0.0 
