1 20 1 1 
-0.144355 0.0023005712 -1.3031247 0.40843996 -1.2196795 0.12511654 0.0036218343 -0.21412925 -0.046966936 0.14720307 0.06770159 0.0030855406 -0.7930449 -1.9980186 0.5469766 -1.5519483 -1.656729 0.68179417 -1.5942415 -0.43852618 
0.19243388 
-0.016061867 
0.00083370093 
0.302581 
-1.2988387 
0.1490026 
0.00017554403 
-0.012136251 
0.27273086 
-2.0015938 
1.4732475 
-0.0024371957 
-1.4129146 
0.30763197 
0.6087026 
0.15876351 
0.13756259 
0.57889503 
-1.3575237 
-1.2997869 
1000.0 
-0.02785569 -1.050458 -0.015155462 4.0026298 1.4735671 3.834795 -0.6973943 -0.0061785453 -0.029148 -6.0861964 -3.9962056 -0.9380828 1.1302818 -0.029526088 2.8367114 -0.027012073 -0.026323179 2.7796433 1.1719078 1.3100545 
1.7028712 
0.0 
