1 20 1 1 
0.24116337 -1.8244038 -0.17028765 -0.7080461 0.11455972 0.13637838 0.43245825 0.45860046 -0.3024387 -0.5640039 0.12194576 -0.4693375 -0.9911466 0.08981877 -0.05533544 -0.1188339 -0.018945774 -0.40944386 -0.7632437 1.3612291 
1.4330467 
0.06335202 
-1.4346747 
-1.5370595 
0.36617705 
-4.64142 
0.31069398 
0.48044506 
-1.5367885 
0.015367375 
0.052111015 
-1.5668037 
-2.276157 
0.18631369 
-2.8343067 
4.5485463 
0.038962916 
-1.5743477 
0.04998587 
0.3734461 
1000.0 
-4.81546 -0.027742121 1.0313511 1.4807128 -2.285293 -6.461492 -1.1336734 -6.833447 1.4864628 -0.019834373 -0.79104084 1.37345 2.4450345 -1.7934225 5.679219 7.469456 -0.024737133 1.7506137 -0.026273072 -1.2425009 
-1.328608 
0.0 
