1 20 1 1 
-0.4547464 -1.593231 0.20633513 -0.7729994 -0.13711107 -0.97034085 0.17581947 -0.20351009 -0.0058974773 -0.13394667 1.2528771 -1.5771599 -0.0855156 -0.20827375 0.53201616 -0.34516224 -0.38858947 -0.6468953 1.4716331 0.5966798 
-1.5440954 
0.29730222 
-4.584857 
-1.5882816 
20.374458 
-1.6442215 
-0.3838197 
0.08750224 
0.001080024 
-0.73148215 
0.6746786 
-1.6039112 
-19.874674 
0.019936796 
0.79258466 
-1.7960072 
0.31200722 
-1.6048086 
0.3966555 
0.5598972 
1000.0 
1.3928702 -0.019313855 -8.956826 1.5477805 12.120596 1.6945672 5.955319 -0.015492342 -0.4438909 0.65986586 -7.073421 1.5902383 11.122947 -0.005829869 -5.3248034 2.0797079 -0.019485246 1.5925928 -7.277277 -5.9718432 
-6.8516273 
0.0 
