1 20 1 1 
0.25404513 0.15558358 0.9922557 -0.5278384 -1.3599561 -0.19367224 0.11624941 -1.3039683 0.44398907 0.21900341 -0.48775065 -0.8172975 -1.0378578 -1.4724382 0.064026214 -0.9762252 -0.944245 0.054532245 0.63384414 -1.0203799 
0.29883653 
5.676534 
0.36034474 
-1.000638 
0.16167428 
-0.21203017 
0.21927975 
-0.5991333 
0.57313305 
-4.961494 
-0.59597725 
-0.6093601 
-1.6493785 
0.02595451 
16.016708 
-0.70383555 
-0.58976907 
0.07300259 
0.5683413 
-0.64772415 
1000.0 
2.296149 -7.9421763 2.541395 1.0778834 -0.028795889 0.18752573 3.1303487 0.64768296 1.9069825 -8.733687 0.55055225 0.6833205 1.6893307 -0.028642736 -8.292554 0.5283411 0.6019284 2.9834187 1.8798692 0.7631186 
1.5970054 
0.0 
