1 20 1 1 
0.37848732 -0.34638917 -0.20589973 -1.0487393 -0.40702128 1.1316621 -0.10506612 -0.2972075 0.051320937 0.48722863 -0.64237833 -1.5612143 0.23414476 0.2805942 0.59478074 -1.0852867 -0.2558978 -1.008439 1.7394649 -0.20193924 
0.2833806 
-1.430122 
0.21372199 
-1.3530893 
-1.3416604 
-0.10013127 
0.13613233 
-1.5053766 
0.55401003 
0.21838076 
0.13049859 
0.15844135 
0.47954023 
0.19373624 
-0.24013388 
-1.643558 
-1.4694912 
0.20008637 
0.3047556 
-1.2458451 
1000.0 
4.301221 1.2382071 -0.026939597 1.3510197 1.397881 -2.4730933 -0.024392854 1.1940333 6.914478 5.125279 -0.02412268 -0.02531971 3.785617 5.56038 -2.6369784 1.8408215 1.2117658 -0.026606914 3.5384524 0.81649476 
3.0110574 
0.0 
