1 20 1 1 
-1.2268506 0.728025 0.19537592 -0.016210746 0.2378198 -0.11770066 0.17320527 -0.99556386 -0.08395083 -0.13266364 0.10681936 -0.23483646 1.2632574 -0.058485698 0.3086477 0.8373119 -1.2148057 -0.028661711 0.013502044 -0.33268422 
2.927403e-09 
0.17623815 
0.15108329 
2.613665 
-0.208662 
-0.13226628 
-0.006011595 
-1.5284649 
1.0341778 
-5.0969434 
10.806151 
-0.015511895 
0.19515891 
-0.58625287 
-0.1124381 
0.18369871 
-0.1523197 
0.25749707 
0.054304287 
-0.058232684 
1000.0 
-3.3565761e-09 3.9559548 4.14531 6.1656475 -2.3692667 -0.018032975 -1.9489093 1.5627438 5.01805 5.4281197 -9.399133 -0.0027746328 3.9303646 -0.0076524555 -3.0796318 3.9559605 -0.01520345 5.6613445 -1.9304972 -0.013577407 
4.4529653 
0.0 
