1 20 1 1 
-0.33256057 -1.5495261 0.70562154 -0.0025911892 -0.6177089 0.14736392 -0.32649133 -0.10433042 -0.7534822 0.0095301615 -0.36490726 0.0035198305 -0.22654891 1.8473454 -0.08947312 0.24457122 -0.20662826 -1.2696962 0.22237282 0.1381211 
0.07227027 
-0.30022186 
0.38568497 
0.002002323 
0.2661642 
5.815119 
0.2205396 
-6.9237103 
-0.100034624 
0.002863213 
-0.010421922 
0.009633256 
0.055764724 
0.44246528 
6.105599 
0.9048727 
0.13444276 
2.0135343 
-2.6943622 
-0.8606322 
1000.0 
-0.024450857 -0.01282792 -0.704419 -0.3122676 -0.028243715 -8.80968 -0.027564129 4.9947486 -0.0069887033 -1.021783 -0.003791765 -1.8222312 -0.022638008 -0.7011986 4.993207 -4.8882756 -0.02534594 2.1976118 -6.6842475 -4.1582394 
-0.2873812 
0.0 
