1 20 1 1 
-0.24993226 0.6199293 0.30913296 0.16776018 -0.680143 -0.3545112 -0.91488725 -0.507497 -0.85945714 0.19074744 0.15863182 -1.3383745 -1.0925366 0.5336254 -0.64709735 -0.09936138 0.3712687 -0.6575938 0.1778498 0.62943155 
-1.4947219 
0.57707644 
0.7856396 
-1.8478489 
-1.6074227 
-1.603088 
-1.5092832 
-1.4950055 
0.063189104 
0.2403209 
-1.6373518 
-1.4953237 
0.17973238 
0.5626994 
-1.6915871 
5.979353 
0.50935155 
-1.5128214 
-2.1983063 
1.0335978 
1000.0 
1.5791285 -6.314985 -3.1091328 -5.5050044 1.4084343 1.409162 1.6602753 1.5812899 -0.02785255 -2.917928 -5.3480306 1.5836866 -0.03374756 -5.464483 1.7552665 5.9801006 -3.897211 1.4503081 -5.675867 -6.311493 
-16.50813 
0.0 
