1 20 1 1 
1.027561 -0.15893616 -1.6018331 -0.27105924 -1.136003 0.14679891 0.08467451 -0.22418499 -1.4193935 -0.11949065 0.68620694 -0.36014137 0.82257485 -0.33686212 0.18169592 -1.1163312 0.7694175 0.20943043 -0.0757788 -0.12784857 
0.38575348 
0.7720618 
-0.63790804 
-1.8626302e-05 
0.08664694 
0.024292946 
-0.26945153 
-0.007978246 
0.13860911 
-0.362729 
0.23692101 
0.7235612 
0.5965882 
0.71251893 
-4.836379 
-0.33639163 
0.23862483 
0.15687908 
-1.3205249e-05 
-1.1453558e-05 
1000.0 
-1.8334087 0.9065499 -0.0037607127 -2.1009242e-05 -0.025197323 -1.5108671 -2.4960093 -0.009092089 -0.023083862 -0.007341168 -1.2871006 0.8018136 -1.9791726 0.8173359 -7.6002526 -0.009615151 -3.565494 -1.0110213 -0.0045015183 -1.2567986e-05 
-1.8647829 
0.0 
