1 20 1 1 
-0.5402568 0.67943954 0.5977736 -0.578116 -0.7631891 -0.286693 -1.5461346 -0.8852204 -0.6795282 -1.9531447 0.6151117 -1.7314196 0.8278162 0.55697536 0.28330636 -0.42660508 -0.021435326 1.2090763 0.48214993 -0.12561208 
-1.8052373 
0.7900144 
1.5799272 
-2.091574 
-1.9628359 
-1.8616551 
-1.7661978 
0.3015113 
-1.8953509 
-2.0287356 
-0.7297019 
-1.7754712 
0.7934197 
-0.5856125 
-6.7303348 
-1.7790812 
-3.3550987 
0.80370516 
1.5566792 
11.184615 
1000.0 
1.8020554 -8.117617 -8.685318 1.7608095 1.7615426 1.7752565 1.8709356 -0.031026568 1.768127 2.1137028 9.134441 1.8408691 -8.264819 9.125726 -10.223776 1.833515 9.233841 -8.591137 -7.535435 7.406171 
-8.697223 
0.0 
