1 20 1 1 
-0.14955933 -0.0879711 0.45172286 -1.1365083 -0.19134316 -0.9767666 -1.9824486 0.115261905 -0.81305474 1.1411823 -0.7799053 0.2026988 -0.03133404 0.023326607 1.0156833 0.44346866 -0.9708239 0.18312052 0.39476597 0.12346085 
0.33924168 
-0.4548606 
-0.025225546 
-0.94082373 
-0.9201907 
-1.3514422 
-0.8823698 
4.698035 
-0.9882973 
0.2928077 
0.028677791 
-4.024626 
5.34393e-05 
-0.023664854 
0.49665794 
0.094947465 
0.019801151 
0.10658775 
0.26836738 
5.9246736 
1000.0 
-0.032475397 3.8138065 -4.187143 0.8968763 0.74179435 1.3659763 0.91642183 -6.8748183 1.0317612 2.9865346 -0.028627641 -8.324787 -4.4025925e-05 -3.3438134 3.0638797 2.3810844 -0.026704658 2.9637845 3.0305424 -7.3930583 
3.1898773 
0.0 
