1 20 1 
0.38435838 -1.3790916 -0.34247532 0.014867733 -1.1232009 -0.55303204 0.41764188 -0.44276884 0.3244487 -0.12213815 0.17985094 -0.7678979 -0.7276159 0.2801568 -0.03191916 -0.6284213 0.28407463 -0.8152142 -0.010998619 -0.037363596 
0.34178483 
0.859779 
0.07497966 
0.005333727 
0.02611279 
0.3823246 
0.326241 
-0.2156055 
0.11553485 
0.024286347 
-1.6872349 
0.4218366 
0.12738685 
0.47152737 
6.36628e-07 
-0.11751968 
0.9132701 
0.25822335 
0.0005436128 
-0.12482147 
-2.792164 0.8558218 -0.03707375 -2.1019695 -0.032332767 0.38849732 -3.2406168 -0.004356666 -2.4347506 -0.032038193 -5.7294025 0.43194845 -0.033934988 -2.011769 -1.06513056e-07 -0.0007705504 -5.657668 0.28040117 -0.02900701 -0.00038193905 
-1.1176832 
