1 20 1 1 
0.27266684 -0.18139406 -0.004643842 0.6526509 0.097800046 -1.2871495 -1.831157 -0.1070346 -1.3182113 0.5190192 0.17611185 -0.8570679 -1.6177782 -1.5863669 -1.0206674 -0.27808306 -1.0612426 0.2594902 -0.40631476 1.1233112 
-2.6773715 
1.1462228e-11 
-0.0032026067 
0.19417115 
2.2605052 
-1.0751785 
-1.0094112 
1.9386913e-08 
0.097337484 
0.48399657 
0.04315691 
0.008778193 
0.061776344 
-0.012457772 
-0.99531114 
-0.6085651 
0.19009763 
0.107282236 
-0.8926712 
0.5429665 
1000.0 
-8.892559 -9.605036e-12 -1.1675302 3.361972 -5.5086446 0.7750104 0.78589714 -9.7968185e-09 -0.032414623 1.924733 -1.8776056 -0.020384753 -0.029860131 -0.011643728 0.78943837 0.6236029 -0.031374253 3.7828977 1.0541446 1.6479063 
0.8627413 
0.0 
