1 20 1 1 
0.0015546627 -0.17082316 1.7110188 1.1194402 -1.3612725 0.010449594 -1.6300302 -0.5314592 0.03853583 1.0668416 0.0026052766 0.27737826 1.2430763 0.611116 0.3632383 -0.22380818 -0.0017696988 -0.8902142 -0.27154452 0.09534242 
0.044703875 
-0.6468188 
0.2247234 
0.19599018 
-0.6712993 
0.028165614 
0.007351008 
-0.007332573 
0.16966806 
0.32762015 
0.025729839 
-2.4180079 
-0.09861589 
0.05467216 
0.27743083 
-0.63859475 
0.04109691 
-1.63127 
-1.5018848 
0.27635798 
1000.0 
-1.3648996 0.42897683 2.6670332 3.05434 0.3779757 -1.3754961 -0.026029268 -0.021585904 3.042845 2.0490074 -1.2437804 -9.342584 -1.4982901 -1.6957885 2.3255281 0.48227492 -1.2578037 1.7126126 1.1112499 2.785692 
1.5046655 
0.0 
