1 20 1 1 
-0.33022246 -0.23791793 0.13368964 0.12870882 -0.6554729 -1.159091 -0.17832476 -0.3943596 -0.48261997 -0.6198148 0.51927185 -0.62394947 0.83085346 -1.6142845 1.0824819 -0.7817179 -1.3982881 0.21048424 -1.4768308 -0.122524664 
0.045338538 
-1.823717 
0.70932865 
0.8625536 
0.21436349 
0.1449536 
-1.3613516 
0.021838417 
-1.8991886 
-1.893779 
0.21957381 
-1.6498499 
-0.42513192 
-1.7631404 
0.22960806 
0.25025576 
-1.6381868 
0.78838354 
-0.0002146696 
0.23624052 
1000.0 
-0.020707563 1.678961 6.6572623 5.8722615 -0.025754606 -0.023964984 0.9095367 -0.017786369 2.1402879 1.9583433 5.9753613 1.7920223 -5.93376 2.0351596 4.6165223 -0.026352914 1.5652179 5.46334 -0.010766045 -0.026137343 
4.632459 
0.0 
