1 20 1 1 
-1.0157089 0.122054465 -0.13014361 -0.08627776 -0.8145605 0.39689955 -0.063951716 -0.16436835 0.47390193 0.00094366784 0.12140631 0.14380498 -0.87816375 0.7305368 -1.5882514 0.09339826 0.10358065 -0.017127352 -0.8556476 -1.2272058 
-0.5708929 
-0.027001332 
-0.41187653 
3.4259906 
-1.5185566 
0.27398703 
0.023564046 
-6.2023277 
0.18182097 
0.00028746613 
0.24022889 
0.26446566 
0.018538572 
0.27515438 
-0.7004874 
0.8222123 
0.21404302 
0.021205492 
-0.38202494 
0.2727693 
1000.0 
0.53892154 -3.9001153 0.37043017 8.054088 1.5652292 4.10997 5.992932 5.558898 4.1708016 -0.1262732 4.883845 4.6962013 -0.026693936 3.808574 0.7132604 -5.8263254 5.320202 -0.0024050344 0.34208563 -0.031296283 
3.7537987 
0.0 
