1 20 1 1 
-0.18988162 0.86075103 0.23507912 -1.2445192 0.17535575 -1.1357113 -0.4513154 -0.3411381 0.038477518 1.2846218 -0.64689124 -0.3077379 -0.6459837 -0.11647176 -0.57632524 -0.2583046 0.850137 -0.3055951 -1.3682463 -0.8494707 
-0.23918281 
-0.08241411 
0.6214772 
0.13487735 
-1.5625882 
-0.56669056 
4.201726e-08 
-1.1551614 
1.3327868 
0.1896624 
0.051993664 
2.8497034e-08 
-0.4173415 
-4.4380603 
0.115994126 
0.27543923 
0.2879701 
-0.14052716 
-0.10990052 
0.06709208 
1000.0 
0.2173922 -4.9276996 5.2534647 -0.018975792 -6.97314 0.5811235 -4.4156018e-08 1.4095203 6.1369643 4.644864 -0.012578951 -3.163018e-08 0.39776537 3.5879374 -0.017921047 -0.018745616 4.7726383 0.12582089 0.09526407 -0.013693378 
4.430049 
0.0 
