1 20 1 1 
-0.749703 0.007943314 -0.28309262 -0.13333616 -0.7216285 -0.45003477 -0.39862642 1.2220312 -0.060713325 -0.11428086 0.22229682 0.41689664 0.19497812 0.11758002 -1.4278802 0.9542377 0.15922803 0.2153105 -1.1178601 -0.8779723 
0.09386363 
-0.0040098797 
-1.1372811 
4.519281 
-2.2301407 
-2.2159922 
0.08723494 
0.45735648 
-3.889366 
-0.40996236 
-1.7593634 
0.40140516 
0.33972943 
-3.7334428 
0.054625917 
0.3793209 
0.09603577 
0.20604451 
0.21871066 
0.12699963 
1000.0 
-0.03329223 -1.0096009 5.5212436 8.405436 2.261233 2.1058607 -0.03287646 -2.9315395 4.877288 -0.002035967 -8.057141 -2.7162373 -3.3245845 -5.864995 -0.030032508 -2.7825196 -3.1934829 -2.479854 -0.029569566 -0.02763084 
-3.097222 
0.0 
