1 20 1 1 
-0.87628865 0.40107995 -1.5583932 -0.24216637 -1.1432012 -0.027777433 -0.45508537 -0.0059454977 0.3140542 -0.038895983 -0.17389902 -0.95762676 -0.79026836 -0.9910464 -0.71868753 -1.0153767 -0.60052896 0.48920596 -0.3615105 0.5623795 
-1.7956295 
0.4896134 
0.18785961 
-1.6919804 
-1.7119802 
-0.19410397 
-1.660851 
1.3116152 
-0.042961225 
3.5745226e-11 
-1.3725189 
0.023550473 
0.13634992 
0.07267758 
0.14745803 
-1.710711 
0.1584221 
0.28856346 
-1.6695328 
0.2813553 
1000.0 
1.4484012 5.054528 -0.023263931 1.5839986 1.5428201 -0.03131804 1.7249777 6.2542706 -2.9766812 -1.9746738e-10 0.90211475 -0.015709776 -0.02671608 -0.025248976 -0.022009423 1.9668213 -0.022398124 6.2057433 1.6613028 5.7278996 
4.1620693 
0.0 
