1 20 1 1 
-0.43457276 -0.011270149 -1.2742175 -0.1504426 -1.754048 0.089563064 -0.043658007 -0.208158 0.002018977 -0.2557105 0.5363803 -0.14092262 0.12793323 1.1573828 -1.1236899 -0.99139625 0.49265727 0.12408268 -0.051886287 0.4018819 
-0.87861764 
1.04594 
-0.9401011 
-5.347292 
-0.89859307 
0.67914146 
0.08884182 
-0.865601 
0.004571058 
0.24604546 
0.19242795 
0.060896706 
0.12045535 
0.099959895 
-0.8680715 
-0.86416185 
-0.07786054 
-0.6033212 
2.0452707 
0.44951546 
1000.0 
0.7352691 5.507421 0.6319931 5.162859 0.6863038 4.3971562 -0.025906257 0.90647495 -1.0276209 -0.030921133 4.236271 -0.02350489 4.7420807 3.797719 0.78610003 0.8363329 -3.6834047 -4.8910275 7.694469 3.92093 
3.6401968 
0.0 
