1 20 1 1 
0.20653114 -0.18392001 0.329332 -1.8432494 -0.8360383 -0.5623097 -1.4500887 0.3733167 -0.46198106 -0.5876802 -0.49697122 -1.7103627 -0.26570123 0.1654109 0.3054777 0.021157933 -0.7599356 -0.5319343 -1.6826484 0.7109545 
0.33245036 
-1.0838588 
0.34510812 
0.1716957 
0.19585198 
-1.4708579 
-1.5616764 
0.31253475 
-1.5129248 
-1.4328973 
0.06315584 
-1.4321461 
-1.4427571 
0.5074364 
0.39813888 
0.95153266 
-1.7898219 
-1.6674861 
0.23779424 
-0.11585474 
1000.0 
5.989512 0.8168465 4.9286427 -0.026403163 -0.027148841 1.6467117 1.2703018 5.0553536 1.2989857 1.4126146 -0.022922186 1.4150008 1.3865457 4.9155297 4.6940947 6.4698586 1.86919 1.7257572 -0.028144175 -3.3423338 
3.6656353 
0.0 
