1 20 1 1 
-0.03614738 -0.116177246 -0.13407113 -0.06315119 0.405794 -0.5046074 0.30015445 -0.0453827 -0.03447197 -1.1061378 0.08319959 -0.50720924 -0.016690284 0.45242947 0.93098587 -0.50624645 0.13352577 -0.037403647 -0.01931759 -1.2335218 
0.34822857 
4.5253563 
-6.871508 
-0.17817993 
0.23063965 
-1.2611222 
0.8685211 
0.012295811 
3.6813846e-13 
0.11199754 
-0.60051984 
-1.2442924 
0.007298269 
0.3155066 
0.32697767 
0.13543613 
-2.31914 
1.2791008e-09 
0.1247036 
-1.5660527 
1000.0 
4.857167 7.246737 4.968029 5.7727838 3.0921283 1.3139127 -6.005921 -0.021999225 -2.661031e-13 -0.03084464 -4.9037604 1.2521279 -0.0034901295 3.1653266 3.0637612 -0.03170758 -6.9244514 -4.9009596e-09 3.6282043 1.7245204 
3.3693569 
0.0 
