1 20 1 1 
0.77149713 0.32370082 -1.035414 -0.13047068 0.00021825028 -0.07791432 0.16731173 0.2088415 0.16811231 1.0543172 -0.8069161 -0.2433809 0.29478517 -0.6956522 -0.22832787 0.45966342 -0.85532063 0.5206863 0.18835153 1.0343015 
0.2672056 
-0.3917013 
0.09047257 
-6.3751698 
0.009931682 
1.050131 
0.41893718 
-0.071251355 
0.50415456 
0.21726054 
-0.16410396 
-1.6917655e-05 
-0.028923996 
1.0542311e-05 
-0.8560856 
-0.23458095 
0.014433532 
0.3338996 
0.4623207 
-0.20698266 
1000.0 
4.966025 -3.2321205 -0.0344249 4.331901 -1.1592637 9.57631 8.259423 -2.0890968 5.750541 4.9313984 -0.005357184 -1.6104721e-05 -2.9498386 -2.0398058e-06 0.8623697 -4.3945165 -0.030748721 5.045995 7.7817645 -4.2706623 
4.3152523 
0.0 
