1 20 1 1 
0.6909701 0.28578815 0.4153901 -0.00048584057 -0.42914453 0.00057017716 0.57722265 -0.7678243 -0.029339667 -1.0395986 -0.03679706 -0.1231976 0.0043973057 0.24738038 -0.9818439 0.31304684 -0.902326 -0.15872762 -0.07963764 1.2639737 
0.5198368 
-3.6271024 
0.49598762 
0.00038631362 
-2.0797968 
-0.0008804751 
0.4346219 
-1.0832925 
-1.0355124e-10 
-1.4483721 
-7.173383e-08 
6.442144 
0.029823896 
0.32591236 
0.22135629 
0.24479914 
-1.0988162 
0.7913325 
-7.6569 
0.30431592 
1000.0 
-0.5492823 -10.148069 -0.42765397 -0.20012969 2.096389 -0.09924031 -0.4332153 1.0986882 -7.442444e-11 1.5904132 -1.5367404e-07 7.719716 -1.3930466 -4.9540434 -0.03672323 -0.15209 1.190763 2.9992428 5.5072694 -3.50543 
-0.7805976 
0.0 
