1 20 1 1 
-0.40519288 0.3116648 -0.31084794 -0.14559461 -1.4123499 0.31648952 0.086278304 0.81217724 0.8283096 -0.10749322 0.44022748 -0.28714114 0.42670146 -0.28648823 1.2513211 0.26974827 0.40694368 -1.3679101 -0.7424584 0.18439187 
0.15721096 
-0.33931035 
0.1738984 
-6.320973 
-0.63967645 
0.4081846 
0.92152905 
-0.28819972 
0.17002605 
2.1933048 
0.4831647 
0.0053888336 
0.21436657 
0.057273753 
-0.19124438 
0.42467925 
0.37785122 
-1.7050594 
-0.0026563108 
0.43886662 
1000.0 
-0.036482356 -3.132906 -0.036786333 5.798114 -0.006262537 5.182944 -4.775193 -4.095093 5.9519477 9.9900675 4.7136216 -0.003316019 7.0220246 -0.032457307 -4.043865 5.305675 5.032825 1.7041868 -0.024201175 5.837744 
4.047511 
0.0 
