1 20 1 1 
-1.0100441 -0.40044376 0.1153452 -0.5432499 -0.20356667 0.9431342 -0.29729483 -0.003071077 -0.93575686 -0.6149971 -0.26617295 0.53080624 -1.602353 -1.0812733 -1.6790814 1.1451417 -0.13987708 -1.0430435 -0.6629191 -0.6840306 
0.15666573 
-1.3730714 
1.1839496 
-1.2819227 
0.07354965 
0.3949243 
-1.3930038 
0.010356763 
-1.3563651 
-1.3717489 
-1.2872969 
0.6143636 
-1.3676796 
0.08691205 
0.04516133 
-0.33865803 
-0.9270706 
-1.303371 
-1.3225183 
-1.3819683 
1000.0 
-0.0029597858 1.6371797 6.658159 1.4308286 -0.0025461942 5.530778 1.6604409 -0.005749063 1.2259483 1.2172018 1.3236102 5.760966 1.2193422 -0.0027576217 -0.0016602589 -6.003073 0.69766563 1.2808608 1.2539693 1.2122179 
5.1654973 
0.0 
