1 20 1 1 
-0.25546634 0.32045704 0.088185064 -1.4860334 -0.39681917 0.25696298 0.097850494 -0.3602233 -0.97694093 -1.7793895 0.32737535 0.68093085 -0.06354057 -0.44230998 -0.006406531 0.27772492 -0.06636302 -1.705821 0.0729598 0.8449519 
-2.085837 
0.8363764 
2.0445356 
-1.5856904 
0.121989936 
0.092367195 
0.08648844 
-1.5633109 
-1.5414325 
0.20715152 
0.90058887 
0.42499244 
1.2534853 
0.043872807 
0.025326492 
-3.3230932 
0.0848868 
-0.015258855 
0.05975463 
0.40079582 
1000.0 
1.2903546 -5.2987714 -5.524194 1.7075151 -0.033692904 3.0350056 2.3446903 1.5780663 1.3935316 -0.035673596 -5.3542027 1.8017254 5.137643 -0.028427176 -1.6570922 -10.340692 -0.031987052 -0.013767975 2.3517785 1.7929219 
1.4922495 
0.0 
