1 20 1 1 
0.06067499 -0.11402232 -0.671705 -1.1833718 0.62461805 -0.5963092 1.1650082 0.1873325 -1.7474959 0.23783895 0.2140144 -0.41269368 0.33247182 -0.7487258 -0.36189985 -1.5825174 -0.7750809 -0.031442218 -1.5358466 0.8184481 
0.15085563 
0.05820714 
-1.651121 
-1.2518698 
0.3067208 
0.2607741 
-0.3043441 
0.5266457 
-1.6483629 
0.7070202 
0.31214625 
-1.7205426 
0.30966058 
-1.5559369 
-1.5598708 
-1.5598204 
-1.491951 
1.0697615e-15 
-1.5014477 
0.13536596 
1000.0 
6.3834457 -0.0043332446 1.4494842 1.2978599 5.3256903 -0.0070633525 -6.3430247 7.044011 1.4503349 5.8139644 7.6148615 1.4326819 7.445964 1.4970355 1.4938653 1.4939069 1.6895918 -1.5985431e-14 1.5836498 4.54721 
4.9743776 
0.0 
