1 20 1 1 
-0.09266593 0.43321082 0.6056889 -0.29817978 0.07015699 -0.07504624 0.8181314 -0.17372915 0.5309155 -0.3989075 -0.044810306 -0.8190357 -0.7762701 -0.56197417 -1.1987532 -0.1328988 -0.65934736 -1.9083169 -0.06165885 -0.08214001 
2.3305697 
0.38794494 
0.19378018 
0.011688009 
-0.959018 
2.3992372 
0.31410372 
-0.63916826 
0.3418788 
0.2593426 
-1.3166183 
-1.255509 
-1.9794964 
0.01741681 
0.019242637 
-5.021326 
-1.2354707 
-1.2314863 
3.5093364e-10 
1.6320467 
1000.0 
6.478075 0.06500581 -0.6003883 -0.016168848 -3.553117 6.75055 -0.22480161 3.1683443 -0.032814343 -0.027344292 4.5801024 1.4706401 2.0486088 -0.01834678 -0.017123787 4.7761993 1.3355585 0.96381724 -2.3556537e-09 5.714675 
0.16337869 
0.0 
