1 20 1 1 
-0.6369966 0.66980565 0.0067205857 -1.8051146 0.047983315 -0.07596493 0.20914556 0.007168928 0.20339595 0.009556143 -0.68558854 0.6962402 -1.730916 -0.3667544 -0.12906696 -0.3633305 -0.339583 1.2996879 -0.07182458 0.008823577 
-1.122739 
0.32890043 
0.057776466 
-0.009660805 
3.2338598 
1.3135914 
-3.0045462 
-0.014017646 
0.2503735 
-0.032692205 
-0.7951667 
0.43539843 
-1.0961376 
-0.702655 
-1.2578337 
-0.6620416 
-0.64523065 
0.26637515 
-0.89499843 
-7.4181 
1000.0 
1.2649662 1.8219621 -2.2653313 -0.019836273 -5.6863346 4.447723 -8.484524 -3.0689754 2.0414064 -2.0555232 0.9478675 1.8169883 1.2388133 0.51655984 4.2913404 0.51997983 0.5243849 1.7492732 -0.003403586 -6.7776423 
1.844209 
0.0 
