1 20 1 1 
-0.10978692 0.21143752 0.65105414 0.09198302 0.10956382 -0.512874 -0.18231563 -0.10313315 -0.09095777 1.4850937 0.25253284 -0.2725709 -0.09563322 0.14303583 -1.3531832 -1.114269 0.6704558 0.07727756 -0.37370238 -0.061669644 
-0.7833821 
0.89315665 
0.41722757 
-0.4948991 
2.9993024 
-1.0995294 
-0.901178 
-0.13752787 
1.4008429 
0.29610977 
-4.280574 
-1.0293442 
-0.22918122 
0.411261 
-1.6673611 
-1.4069116 
0.29915068 
-0.035853177 
-1.0153403 
0.083316095 
1000.0 
4.4847155 -6.359671 2.879404 -5.4721365 -6.9435344 1.326216 0.6739373 4.1421323 5.7230744 2.652909 -10.49904 0.82489985 3.8441672 -4.304613 1.7835221 1.4408749 2.789133 -4.6002207 0.8830263 -0.027986707 
3.052708 
0.0 
