1 20 1 1 
0.005858103 1.033051 -0.0016457604 -0.59774417 -1.0531381 0.15220165 -0.14910826 0.8164593 -1.3290778 -0.06429673 0.11658465 -1.366777 0.30059257 -1.4468279 -0.0022211596 -0.1220089 -1.3818161 -0.0023857842 -0.033292618 0.12062324 
-0.0019730036 
0.42413688 
-0.0015212798 
3.74777e-07 
-0.7010166 
0.98408544 
-0.017850427 
0.3711562 
-3.1606516e-12 
-2.828328 
4.2286406 
3.708547e-07 
-3.9513824 
8.022933e-10 
-0.076202035 
0.1714915 
-0.93899685 
-0.048868556 
-5.935575e-12 
0.6048129 
1000.0 
-0.7487957 4.0007753 -0.48472923 -3.7493874e-07 0.7679677 4.7560763 0.022005409 4.6133184 -4.3051786e-12 4.539703 -6.0446634 -3.8344714e-07 -11.095776 -4.789211e-10 -2.4586911 -0.03553993 0.99821395 -2.0063102 -1.4894246e-11 5.2506957 
3.0496945 
0.0 
