1 20 1 1 
0.4689758 -1.0077382 0.40771043 -0.2516459 -0.22802585 1.0811961 -0.6647905 -0.10077692 -0.07985494 0.4888875 -1.4663092 -0.23375031 0.994196 -1.5370172 1.396007 -0.08302277 0.059409842 1.3106227 -0.20676379 -1.4530598 
0.52960724 
-1.1606066 
-3.9744112 
0.30598137 
-1.145317 
0.18437608 
-1.2460294 
5.424243 
-4.130269 
0.8366607 
-1.1498812 
-1.1497126 
0.28260407 
0.14021045 
0.25794145 
-0.8086679 
-0.24196088 
0.19429174 
0.32300842 
-1.1525218 
1000.0 
-8.73855 0.9401567 -14.894531 -0.004367348 0.9888905 -0.70373964 0.8562388 7.472616 8.125889 -8.648179 1.1302158 1.1291687 -0.30683374 -0.0032603315 -0.53604984 -0.0041344175 -2.896088 -0.8028007 -0.003972798 0.9602338 
0.01212812 
0.0 
