1 20 1 1 
-1.0562497 -0.6093076 -0.33111924 -0.03774087 0.9833634 -0.3960516 -0.17770904 -1.1949886 -1.4846009 0.4476667 -0.34662345 -1.2820108 -0.96427464 -0.47876677 0.3352799 0.20146546 -0.817568 -0.7775797 -0.12721105 -0.84607285 
-0.89257365 
-0.9551949 
-0.8452847 
-0.36040097 
0.25054547 
0.034715563 
3.04747 
-0.8061998 
1.17761715e-07 
0.4491523 
-0.8015392 
0.05893841 
-0.7952231 
-0.961279 
-0.66574603 
0.88325113 
4.0280512e-09 
0.077301376 
-8.196594 
-0.85530055 
1000.0 
0.7143262 0.7191013 0.71538514 -0.009293991 7.0827537 -0.0006004395 8.823735 0.81997836 -1.4098354e-07 8.2784395 0.80453396 -0.0011932399 0.7522706 0.7197342 -6.718771 8.097809 -4.574965e-09 -0.0010428241 4.865912 0.9430218 
5.7112975 
0.0 
