1 20 1 1 
-0.08796319 -0.06045227 0.2065649 -0.14154433 0.6978068 -0.10854284 0.24695626 -0.095839106 0.5213096 -0.8281234 -0.08690463 1.2638602 -0.16082746 -0.7733369 -1.6897755 -0.21924642 0.30165154 -0.060098518 -1.5146663 0.377299 
-1.0910852 
-1.123482 
0.23757681 
-0.04867389 
0.30730402 
1.524595 
0.8759355 
-0.4233067 
0.29756683 
-1.8290256 
0.01695813 
0.46278918 
-2.1168234 
0.1098275 
-1.8052038 
-1.3548015 
-3.2214775 
0.17891787 
0.18947163 
0.20481397 
1000.0 
-0.01047297 -0.008471677 -4.0058947 0.45013213 -2.2115629 6.4910946 -4.952903 2.8874385 -3.346636 1.8803996 -0.023002878 0.03415559 0.570407 -0.03241295 1.5633409 0.73815876 -10.887628 -0.030563695 -0.030826077 0.9268808 
-0.42640412 
0.0 
