1 20 1 1 
-0.6348394 -0.12067212 0.9770511 0.21460018 -0.752673 -1.2726823 0.013030642 1.6191198 -1.0455809 -0.2501741 -0.44062018 -0.06974878 -1.8820859 0.39312148 -1.1651281 -0.83407456 -0.16241686 -0.19497314 -0.072486274 -0.0025822837 
-0.9292965 
7.1259675 
0.4073437 
-3.6503403 
-0.9142031 
-0.9929189 
0.0063483724 
0.34571078 
-0.9530733 
-1.0059487 
-1.0529162 
-0.48886773 
-0.8998285 
0.2850717 
-0.7661508 
0.058782976 
-2.6715083 
-1.2007213 
-4.5749316 
-0.005625053 
1000.0 
0.80230445 7.341455 -0.1174467 -9.945773 0.82647765 0.7576335 -1.9233611 -0.06582243 0.7796321 0.75265425 1.2461884 7.0598955 0.9326857 -3.9277809 0.82453233 -0.023549385 6.0101805 1.4097161 5.2855 -0.92094326 
-0.4309011 
0.0 
