1 20 1 1 
-0.029518872 -0.7255887 -0.55326635 -1.410519 -0.6605934 0.7584082 0.24148622 -0.11169219 1.5425442 0.33419913 -0.6511523 -0.36146137 -1.1344782 -0.8728328 -0.53363883 -0.6402806 -1.2846854 -0.4420574 -0.17978965 1.1434091 
0.059643306 
1.1617932e-09 
-0.76264775 
-0.84156805 
0.0074997074 
0.2534718 
-0.56548923 
-0.010492631 
0.42332128 
-1.9919473 
-0.77458835 
-0.7285369 
-0.72847563 
0.25569168 
-0.8289393 
5.7128605e-06 
-0.7318341 
4.7214653e-05 
-0.8326881 
0.23453246 
1000.0 
-0.0015115181 -1.2259669e-09 0.81267625 1.0398024 -0.01250534 2.4729738 -9.50828 -0.0004794118 2.4704337 -10.565813 0.8426584 0.68972576 0.69188267 -0.0036385178 0.9855484 -5.9254317e-06 0.6724584 -4.9874026e-05 0.6465732 2.120301 
2.7959816 
0.0 
