1 20 1 1 
-1.4090148 0.13233946 -0.028065357 -1.4556363 -0.70675904 -1.2815294 1.1131333 -0.3583741 0.11387229 0.10608336 -1.1346459 -0.15014333 0.26960084 0.8702178 -1.0005349 0.24110085 -1.597456 0.19473556 -1.6166071 0.03840372 
-0.8769695 
-4.175825 
0.013463542 
0.11893457 
-1.220688 
-0.8795723 
0.53946555 
-0.8717362 
6.722063 
0.5176078 
-0.8722218 
0.026577841 
-2.029963 
0.45877182 
-1.294167 
-1.205276 
-1.0617924 
0.2831508 
0.021867292 
0.13652427 
1000.0 
0.741735 -7.887103 -0.02330927 -0.025456645 1.334025 0.73531735 2.9349546 0.75711787 -8.452358 -5.319158 1.0634854 -0.015472102 -9.058305 2.9809635 1.3950483 -9.300646 1.0974197 3.5297694 -0.016969912 3.853683 
2.987021 
0.0 
