1 20 1 1 
-0.4434386 -0.46718475 -0.69714576 -0.17032175 -1.8382555 0.10473716 0.11674591 -0.87509465 0.55891657 -1.410792 -0.3727903 0.10051615 -0.73084706 0.0871202 -0.01347886 0.36739713 -0.8476704 0.24862064 -0.5812179 -0.26921496 
-0.64466435 
0.26684687 
-1.4772325 
8.3316884e-08 
-0.61661214 
-0.12730399 
0.55252695 
0.1380418 
0.38662833 
-0.6446487 
-0.7356033 
0.3778413 
-1.2247946 
0.58871967 
1.1462367 
-0.30619222 
-0.6143872 
0.35265407 
0.34422532 
-2.4015567 
1000.0 
0.72392094 -0.0308749 1.5469478 -7.882401e-08 0.50524485 -4.145364 5.5907516 -0.032931875 4.7830844 0.72383744 0.86594456 6.9203367 1.321099 6.0047364 6.825575 -4.1150455 0.52387357 6.344428 -0.03170912 8.064868 
4.2869096 
0.0 
