1 20 1 1 
1.328374 0.42683122 -0.37708744 0.5213524 -0.08512211 -0.2648953 -1.4874951 -0.9692007 -1.6281184 -1.3597018 -0.7574856 0.332823 -0.060150526 -0.12749413 -0.04544169 1.2549711 -1.7771145 -0.48371267 -0.5163651 -0.090217985 
0.3582815 
0.112679526 
-0.69983095 
0.13518202 
-2.834128 
-0.9825211 
-0.74682075 
-1.1246992 
-0.76054513 
-0.78899604 
0.20834275 
-3.4407387 
0.7413252 
5.2724395 
0.24731897 
0.59523267 
0.024357429 
-0.7721666 
-0.71643704 
-3.0816603 
1000.0 
0.22814606 0.8903865 0.5840847 -4.417563 7.1469336 1.2253661 0.46570155 1.3443975 0.92833906 1.0320766 -0.022795737 -12.059917 3.6834793 8.812512 -0.023479572 0.4257271 -0.01597528 0.9722538 0.74095774 7.6694684 
0.5498928 
0.0 
