1 20 1 
0.97352064 0.29726207 -0.07897317 0.21495081 0.3667785 0.11417907 0.7670424 0.39502323 0.7929972 0.23434795 -0.4659596 -0.57914907 0.33874905 -1.6971617 -0.79680353 0.29525304 -1.7579393 -0.51293933 -0.59696764 -0.17849182 
-0.3721049 
2.1508105 
1.3078763 
-0.10291007 
-0.600098 
0.08910221 
0.40284398 
-0.1537162 
0.4114353 
-0.20583013 
0.029270796 
-0.016173765 
-0.5504575 
-0.018223569 
1.1021929 
-0.11438403 
0.007442221 
1.6938126 
1.9891454 
-3.0377593 
-3.6828682 -5.944321 3.9495347 -2.1985035 -3.6675577 2.681732 3.32073 -3.956773 3.3265662 -2.3430617 -0.010405113 -0.004292616 -3.387197 -0.00433489 1.1035001 -2.9890776 -0.0061952304 1.7737267 2.1591609 6.6477065 
3.6027167 
