1 20 1 1 
-1.066712 -0.0653424 0.19143723 0.5425815 -0.8674801 -0.41512975 -1.248639 0.43432432 -0.10810088 -1.082953 -0.2290917 0.008756285 -0.8013387 -0.08568943 1.2652286 1.1592529 0.14266261 -0.9637626 0.51429003 0.32041368 
0.29434553 
4.8659887 
0.85211414 
-0.5965244 
-0.0020453471 
1.090606 
-4.8288577e-05 
0.5753323 
-2.884887 
0.07823085 
-4.4601275e-05 
-0.03553109 
0.11027936 
-5.499281 
0.52345985 
0.38641506 
5.1228814 
1.793958 
-0.6872822 
-3.6391656 
1000.0 
-0.028790215 7.8890796 6.8201795 -5.4272566 -0.00089124223 1.100655 -5.1885007e-05 6.587327 7.7702565 -0.031014496 -4.7766458e-05 -1.6657571 -0.032575704 7.698437 6.3447485 6.3678184 -7.1198435 1.8272991 -5.14432 -11.130897 
6.375451 
0.0 
