1 20 1 1 
0.013325718 -0.08934061 0.16701749 -0.09799054 -0.255493 -0.2000163 -1.1502274 0.08621344 -0.10969953 0.001033864 1.2624078 0.6101409 0.024127018 -0.5066754 0.083378196 -1.1536379 -0.15164575 0.91203904 -0.15846813 -0.29430676 
-0.0034935067 
6.30987e-07 
-1.971985 
2.4071755 
-0.865891 
-1.2810141 
-0.8853647 
1.5522958 
0.11499006 
-0.0055917 
0.3298452 
0.20374644 
-0.026547747 
-0.86523765 
0.8862357 
0.0634651 
0.29863566 
0.41755655 
-2.197253 
-0.9685787 
1000.0 
-1.7470516 -6.867141e-06 -8.1693735 6.9090466 0.7890631 1.4450825 0.6922451 -6.0179014 2.023005 -1.3229856 0.24741991 0.20125915 -3.2488642 0.7804741 -5.8170743 -0.020450044 2.6532638 0.33843282 6.120329 1.1570853 
0.5129347 
0.0 
