1 20 1 1 
-0.59668285 1.1604741 0.34497446 -0.13558649 -0.93682396 -0.24648103 -0.47187302 0.10746387 -0.038761463 -0.42436844 -0.13881227 -0.6395822 -1.2347097 1.1292319 -0.47495887 -1.0243907 -1.1921741 0.7697251 -1.6422752 0.62549365 
-1.2567393 
0.6182302 
0.8575771 
-8.552365 
0.20980713 
-1.4306428 
-1.3983132 
-0.75705713 
7.391455e-13 
-1.4972537 
7.503058 
-1.2847104 
0.032192003 
-0.271901 
-1.2613065 
-1.3210838 
-1.3589835 
0.27820703 
0.09672958 
0.42412195 
1000.0 
1.3316783 -5.188715 -6.8882537 4.867335 -0.009966594 1.3183293 1.315607 -5.3517475 -4.8167655e-13 1.3253094 8.422842 1.3189408 -0.004527343 5.727801 1.3285369 1.3137876 1.3134781 -4.239501 -0.008607864 -4.6297297 
-5.572691 
0.0 
