1 20 1 1 
0.80115 -0.890028 -1.1175282 0.285536 -0.18716244 -0.17972067 -1.0988319 -0.9373567 -0.58059055 -1.0041748 0.18583201 1.2121568 0.4469377 0.022842204 0.14536056 0.19613788 -0.3631988 -0.030267878 -0.85947204 -0.43152806 
0.38542426 
0.002151528 
-1.5144489 
0.6121936 
-0.8387354 
0.07038169 
-1.4439068 
0.16615427 
-0.84722614 
-0.847217 
-1.280236 
0.28912318 
0.4056318 
0.025874102 
-0.5895112 
-1.4614155 
0.044388976 
-0.1644934 
0.24560514 
-0.8510536 
1000.0 
2.811947 -0.018184403 1.6267006 3.0640457 0.81174463 -0.028377121 1.5597532 -0.02682216 0.8995766 0.74692416 -7.0240083 2.887324 3.0652194 -2.9993286 -5.67164 -7.2091703 -0.028986515 -0.012656732 -0.028295768 0.7364608 
2.3532436 
0.0 
