1 20 1 1 
-0.004052522 -0.9956129 -0.2965431 1.4313613 -0.5580364 -0.040778223 -0.58623475 0.2789807 -1.5931431 -1.5050641 0.31594676 -0.09068487 -0.17663004 0.34923956 -0.48103863 -0.454101 0.18367824 -0.11654118 -1.1301502 -0.22767982 
-0.28349158 
-1.9628792e-06 
-0.9520748 
0.29776093 
-0.1963391 
-0.25641087 
-0.3962188 
0.11341026 
-8.1129446e-07 
-6.255382e-10 
1.5686562 
6.435226 
-0.3149394 
0.19393177 
0.015451806 
0.17504717 
-0.6160445 
-0.19736582 
0.24789234 
-5.0844536 
1000.0 
3.7322872 -1.9582124e-06 1.0841167 -0.8666886 -0.011052693 -0.0005946162 -0.009662288 -0.61352056 -4.4854175e-07 -9.2249547e-10 -7.1024785 6.761651 -0.011835036 -0.6750134 -0.019319152 -0.029805494 -6.1034894 -0.012056701 -0.031216498 7.999678 
-0.81603575 
0.0 
