1 20 1 1 
0.73174876 0.017331047 -0.27020243 0.61459374 0.34742093 -0.07701732 -0.1676263 -1.3184308 -0.7648399 0.5061667 0.0071728346 -0.16131942 0.07607368 -0.6262883 1.3633536 0.011849595 -0.051696125 -0.042305876 -0.2127869 0.94925743 
0.33438954 
0.022946866 
-1.4783795 
0.12473157 
0.7907395 
-3.798971 
12.212736 
-1.4879555 
-1.486629 
0.27216217 
0.018438391 
-11.851895 
-0.003117053 
-1.9079986 
0.18812041 
0.025923684 
-0.10318986 
-0.003603579 
0.31747913 
0.11806445 
1000.0 
-3.2993429 -1.8785746 1.4715466 -3.4955337 -5.846589 9.393752 10.730408 1.3868945 1.3939568 -3.2563808 -1.5923015 6.8798165 1.2885846 2.0138974 -3.5985124 -2.536434 5.253117 4.2043157 -0.03095412 -4.304833 
-3.140986 
0.0 
