1 20 1 1 
-0.40568754 -1.8860242 -0.046582814 -1.0402408 0.74843806 -0.03386486 -0.76150125 -0.7507181 1.0166986 -0.8729415 -0.14251879 0.23975322 0.21741043 0.11259426 -0.7884729 -0.11146972 0.595979 -0.2294481 -0.16847038 -1.5597001 
-1.0302377 
-0.013320435 
-0.035250336 
-0.9888372 
0.5847634 
-0.00012805972 
-1.9101013 
-1.012074 
0.2433436 
0.029637424 
2.624195 
0.75705785 
-4.069572 
11.348781 
-1.0150517 
-2.7067316 
0.4136985 
-0.9987295 
-0.0203125 
-1.0023068 
1000.0 
0.84389013 -0.012318402 1.453269 1.0464319 -0.12854815 -6.111771e-05 2.0213878 1.1399539 0.17120911 -0.027472105 8.40144 -4.794639 -9.631798 -9.00083 1.1503788 4.238712 -0.023796048 1.0897964 -0.0031390276 1.1039288 
-0.22966318 
0.0 
