1 20 1 1 
-0.50925165 -1.4628079 0.10349908 0.13026534 0.06339426 0.6426883 0.6141652 0.83578086 -0.29254216 0.13691887 0.3690769 -1.3209763 0.12328991 0.19279958 -0.18087293 -0.16215529 0.13229805 -0.66836065 1.4848839 -0.968468 
-1.1400459 
-0.88511735 
-0.011092689 
-0.3113112 
0.23490793 
0.30272537 
0.18322413 
-0.042295463 
-1.1345978 
-0.73580706 
0.2855559 
0.044290047 
-0.13657792 
0.3874264 
-1.0004514 
-0.8312519 
0.17258708 
-1.2934113 
0.29762983 
0.11323374 
1000.0 
1.0641762 0.9048123 -3.1410708 -3.8703969 3.7754602 3.1837733 3.113321 -3.9465473 1.2579249 -4.0625443 3.256531 -0.017229713 -3.6685324 3.3766572 0.874307 3.925039 3.5058265 1.3518059 3.1089883 -0.022642829 
3.2723682 
0.0 
