1 20 1 1 
-0.9744464 -0.50662076 0.29388934 0.43568742 -0.2750805 -1.3677324 -0.6946255 0.45517567 -0.50105274 0.42368594 0.2870847 -0.75367874 0.7883644 -0.72103167 -0.4794868 -0.106598996 0.4290836 0.6448796 0.28466463 -0.46788615 
-0.029533124 
0.22527558 
0.63704395 
0.06310794 
0.02661548 
-0.0069296677 
-2.6553823e-10 
0.7105707 
-0.008987847 
0.6311583 
-3.642904 
-0.0009742345 
0.30799264 
-4.3686666 
0.102881506 
4.861993 
0.6711437 
0.83968705 
0.27536815 
-5.329566e-07 
1000.0 
-0.0028580124 -0.029642832 -2.9342422 -4.537592 -0.027149715 -0.015442162 -3.8044431e-10 -4.5471444 -0.014493442 -4.2321095 -9.054505 -0.0011689056 -7.879424 4.398994 -0.03163124 6.334348 -4.2862377 -6.4443307 -2.843289 -6.218249e-07 
-11.561485 
0.0 
