1 20 1 1 
0.16409574 0.008210964 -0.25229618 -1.1878809 1.6027259 -0.67812634 -0.74806017 -0.23220138 -0.03518492 -1.9720783 -0.33601442 -0.10620299 -0.8560048 -1.3979542 0.48276076 -0.90889144 0.26213536 -0.01812685 -0.076885164 0.106177315 
0.34644994 
0.042896032 
-2.7445195 
-0.85817295 
0.32924694 
-0.9049528 
-0.3066359 
2.0108286e-13 
0.7294685 
0.28246352 
-0.5981337 
2.0706615 
0.19949993 
1.1759522e-12 
-0.027192632 
-0.7432421 
0.4976182 
0.33782095 
-0.0501089 
2.0084605 
1000.0 
3.8563313 3.5472689 8.9168825 0.99309033 3.6405709 1.0834175 0.28251156 -1.7653885e-13 5.5104876 -0.021009853 0.5932232 7.295397 -0.021128057 -1.0604304e-12 -4.772017 0.7962806 3.8426483 -0.021611035 4.6559525 -7.4354367 
3.884104 
0.0 
