1 20 1 1 
-0.076756366 1.2054045 -0.060702097 -0.583939 -0.14023487 -0.087347575 -0.18662483 -0.19660586 -0.17877977 0.21737808 0.0026118218 -0.38643372 -0.5165733 -0.13585065 1.4618431 -1.6466743 -0.5021152 -0.4040171 -0.081097215 -0.042910997 
-1.913084 
0.24534324 
-2.0181007 
-0.20896544 
15.737853 
-9.39081 
-0.00031478045 
0.9626812 
-7.83316 
0.32564154 
-0.0018215039 
2.14202e-05 
-0.7972619 
-1.0792639 
0.30686298 
5.8456944e-06 
-1.5265069 
-0.38361403 
-4.9759707 
2.4241846e-05 
1000.0 
6.7213917 2.9085016 5.267553 -0.006015497 11.141443 7.8733277 -0.00073304103 3.4289896 6.1909328 2.9575365 -0.7312796 -2.044585e-05 -0.0076982765 -0.014412831 2.7450058 -5.859038e-06 1.64425 -0.023902094 7.106738 -6.364223e-05 
2.5774097 
0.0 
