1 20 1 1 
-0.24826503 0.39845887 0.05274963 0.006001738 -0.60274506 -0.06898407 0.017260604 -0.88297594 0.86080575 0.1424007 -1.3995378 1.5592954 -0.11899997 0.011377285 0.007875555 0.010347359 1.1679579 0.0930943 0.013593902 -0.6690601 
0.07773591 
0.14357385 
-0.018002909 
0.010485704 
-0.65113 
0.047602843 
0.015014683 
-0.63126796 
0.30171788 
-4.5537553 
-0.810941 
0.20092618 
3.6384978e-10 
0.0024107713 
0.021266518 
0.022842811 
0.24809076 
0.09055853 
0.009690332 
-1.3349936 
1000.0 
-0.031339556 1.6750318 -1.7027166 -1.5578433 0.5626155 3.0230377 -1.8644131 0.49788046 1.665341 -8.126601 0.8657717 1.5686655 -2.265591e-10 -1.8114518 -1.893783 -1.655549 1.6207583 1.7334352 -1.6994975 1.5362598 
1.7288277 
0.0 
