1 20 1 1 
0.22014706 1.0395522 -0.64245754 -1.0507118 -0.07030346 1.2397243 -0.3480151 -1.0237672 -0.5990096 -0.7121364 -0.4439255 -1.5964433 -1.3619777 -1.8519737 -0.41647834 -1.5712794 0.485155 -0.11131625 -0.23906265 -0.087389566 
-2.7296848 
0.42231768 
-0.35956907 
-0.71183115 
0.38754806 
0.47495696 
5.7180692e-08 
-0.70213616 
-0.7208745 
-0.8172672 
-0.7437707 
-0.70084673 
-0.8239025 
-0.68667006 
0.09748148 
-0.96213615 
0.41173223 
11.248028 
-0.34887755 
-12.177456 
1000.0 
-8.1270895 1.0843699 0.3774144 0.7094426 2.3036745 0.74766314 -5.797059e-08 0.7133055 0.7077578 0.7197066 0.8358741 0.7697362 0.7211618 0.73863083 -0.025574611 0.75394154 0.8540033 8.9549055 4.279017 7.8570876 
-0.30536968 
0.0 
