1 20 1 1 
-0.48077074 0.48513812 -1.4616394 0.4370238 0.78626347 0.6178428 -1.0684059 0.8048475 0.5229115 -0.10127939 -0.3553141 0.31563085 1.0752053 -1.1725756 1.4973385 -0.48943365 1.5316503 -1.0721897 0.48242065 -1.6549928 
0.07397255 
0.75063175 
-2.6215885 
0.8163611 
-0.55951166 
0.647736 
-2.5947254 
0.32467067 
0.6799518 
8.791127 
-2.5735412 
-1.1240926 
-0.8190575 
-2.5906024 
0.35558927 
-2.5952475 
0.46831742 
-2.259448 
0.6907897 
0.0024517933 
1000.0 
-0.011180178 -4.828746 2.549944 -4.3445144 7.540708 -6.1561327 2.5739381 -8.027538 -5.2036414 7.4109817 2.602361 7.773736 7.540488 2.578577 -7.7341175 2.5733795 -7.6403937 2.3005383 -4.7983527 -0.00011056223 
-7.366868 
0.0 
