1 20 1 1 
0.8051081 -0.65843415 -0.03771042 -0.08743264 0.2895195 -0.20722507 -0.63309497 0.11231154 0.60329914 0.60564494 -1.1055746 0.7835323 -0.9183026 -0.36832628 0.27460793 -0.06013297 0.07767382 0.8637782 -0.14805463 0.07834728 
-0.2735335 
-0.142127 
1.8141093 
-8.134667 
-3.783628 
1.4437858 
0.2799577 
2.7944713 
0.39828953 
0.36521998 
-0.7554808 
0.49193582 
0.29757878 
-0.6220978 
0.20260942 
5.3428636 
1.8479271 
0.21174087 
-0.43955567 
0.31219193 
1000.0 
-3.9799566 -0.008351059 4.1691337 7.80367 -11.256198 1.5750299 -0.02608407 -5.599618 3.4748497 3.456654 -0.005108997 3.474972 0.3111812 -0.006945199 3.4079018 8.085217 -5.1399736 3.2270825 -0.0065845205 3.6500874 
3.61794 
0.0 
