1 20 1 1 
-1.0449321 0.4211467 -0.7428591 1.1533164 0.120281756 -1.3782485 0.52809894 0.0012244303 -0.52822834 -0.008426801 -0.7999179 -1.6656601 0.11073425 0.25757864 -0.3317404 -0.30718705 0.524789 -0.9315052 -1.9135276 -0.09010568 
0.21367203 
0.44038928 
5.197918e-09 
0.61677295 
6.7916417 
1.2171526e-10 
0.30704966 
-0.005627056 
0.16052724 
0.01575014 
1.8547018e-08 
4.3589507e-12 
-0.5809565 
-4.0013676 
-1.1314409 
1.0879122e-08 
0.49522293 
0.036443446 
3.924832e-08 
-0.31760988 
1000.0 
-0.04007304 0.9852416 -4.1079242e-09 0.7214754 -7.1155796 -1.1705523e-10 1.5390518 -0.6602767 -0.039469525 -0.77101 -1.6680795e-08 -4.3294804e-12 -5.5327735 -8.692373 1.1319696 -9.973307e-09 0.882984 -0.03463077 -3.785059e-08 2.746626 
0.36665046 
0.0 
