1 20 1 1 
0.83550376 -0.6407388 0.055795576 -0.32958904 0.17914905 -0.6242554 -0.46795577 -0.33575246 -0.09813758 -1.9094095 -1.520805 -0.6123966 -0.19662379 -1.699181 0.058229588 1.2608826 -1.6924982 0.06595257 0.20913094 -0.24117284 
0.2632855 
-1.0703278 
0.87728345 
0.18455538 
-0.77544045 
0.03900148 
-1.1793187 
-1.0134803 
0.1746646 
-0.99558973 
-1.1236924 
0.26521927 
0.24041292 
-0.9977701 
0.8243083 
0.21605386 
0.16485102 
0.77516246 
-0.055510078 
-2.0549316 
1000.0 
4.5612164 0.7263974 5.6054506 -0.022179274 -7.03927 -0.017132265 1.4715697 0.7973206 -0.021830691 1.0486469 0.6924195 -0.024209434 -0.023704868 0.840558 5.7532744 4.499556 -0.02145345 7.105503 -2.092273 7.454201 
4.0055304 
0.0 
