1 20 1 1 
-0.8588041 -0.54636943 -0.8975654 0.0015540242 0.9005144 -0.9175694 1.1516122 -0.77594507 -0.8163021 0.5374263 0.63918984 0.24436185 0.33402804 -0.004764454 -0.07982879 0.9835161 -1.3869154 -0.5370136 -0.2925632 -0.38886675 
-1.6851867 
-1.5996913 
-1.6137673 
0.0019059393 
0.63321567 
-1.5435518 
0.28852695 
0.02862813 
-1.6238925 
0.45718595 
0.27915287 
0.2958653 
-0.324145 
-0.006150652 
4.7262087 
-0.2229003 
-1.762156 
0.250028 
0.062450103 
-1.635241 
1000.0 
1.5503172 1.6348284 1.6985339 -0.21327487 -5.7155647 1.6230515 -5.3625097 -0.026716568 1.5607747 -5.356924 -6.0239134 -2.4273973 6.0557485 -0.019494588 5.784679 5.8578434 1.5472087 -0.03454069 -0.027940536 1.5579069 
-5.763106 
0.0 
