1 20 1 1 
0.19157769 0.4814445 -1.245416 0.3635365 0.7244386 0.3147649 0.32352418 0.28150308 -1.2029539 0.3032301 -0.8360539 0.5127149 -0.017904611 -0.030157054 0.5528009 0.22598352 0.2524889 -0.613379 -0.096439525 0.627974 
0.46111953 
0.6560377 
-4.0730696 
0.5343629 
0.66427785 
1.1281816 
0.4716137 
-2.6121435 
0.13406691 
0.59841335 
-2.613872 
0.9148853 
0.016229015 
-0.030414468 
0.5256607 
0.5195019 
-4.34886 
-2.697693 
8.301862 
0.3290356 
1000.0 
-3.2442586 -4.983219 4.08019 -4.2076993 -7.7316527 -5.0999784 -4.012979 9.770485 -0.035625674 -3.7239175 2.3915377 -6.5711207 -0.7682391 -0.0024876234 -6.1226926 -3.3659203 -9.523132 2.8299522 7.5522356 -6.8688126 
-6.749938 
0.0 
