1 20 1 1 
-0.070588134 0.379376 0.63839495 -0.7322976 -0.46266976 0.13912848 -0.27444768 0.5694971 0.6745901 0.40881616 0.40913263 0.11491324 -0.49164635 -0.21249706 -0.12197254 0.3590881 -0.39975256 0.07476861 0.8732826 -1.1867647 
1.4324393 
0.41269425 
-0.112926476 
-1.0404562 
-0.7860737 
0.58707136 
-1.0691783 
-0.051510386 
0.33690277 
-0.2872512 
-0.22346075 
0.23701699 
-0.793355 
-0.9053109 
-5.7287083 
-0.10008157 
-0.79656106 
0.23090117 
0.31292623 
0.029841105 
1000.0 
9.45538 5.1227174 -3.677018 1.2684159 0.67504203 6.4075 1.0619872 -3.303453 4.818256 -4.061814 -4.065731 6.483527 0.6548527 0.537975 4.3972125 -3.5687125 0.64746594 6.347625 4.7059727 -0.018523434 
4.1226 
0.0 
