1 20 1 1 
-1.3779126 -0.12737611 0.69589895 -0.78330916 -0.64464265 -1.2404865 -0.60345954 -0.42785493 0.8905562 -0.70828325 -0.32623163 -0.039595656 -1.3471447 0.23575355 -0.3516604 -0.6994548 -0.032408144 0.59841 -0.34097165 -0.07501574 
-1.2672555 
-0.68367475 
0.5614666 
-0.92505836 
-1.3679277 
0.19952716 
0.23101288 
-1.4049916 
0.72293365 
-1.2664752 
-1.1684781 
-0.18163954 
3.8364786e-10 
-3.0899312 
0.06890545 
0.0990416 
-0.06956284 
0.43990466 
9.328828e-10 
2.496491 
1000.0 
1.2842786 -0.002070161 -3.7855754 0.9254648 1.4099468 -0.013921735 -0.014739503 1.4621444 -4.58183 1.2833753 1.1747258 -0.006455106 -3.7033984e-10 -8.970064 -0.009893823 -0.013285497 -0.028148253 -3.7439046 -9.237215e-10 6.0364876 
-5.611232 
0.0 
