1 20 1 1 
0.515884 -1.3257598 -0.22313023 -1.7277472 -1.3260037 0.67002416 1.083653 0.37248766 -0.007132764 0.121668726 -0.7536818 -0.21609788 0.47091502 0.86038756 0.52184963 -0.26546293 -0.36585423 -0.105130784 0.3619911 -1.1648196 
0.5768364 
-1.6856989 
-1.1273048 
0.17746083 
0.19460015 
0.51423377 
0.43243986 
-4.46515 
-0.0411438 
1.0558845 
-1.8508811 
-1.2034763 
-0.3173669 
0.42768487 
0.47505382 
5.4374356 
-1.698401 
-5.903146 
-0.3840513 
0.055425048 
1000.0 
5.842094 1.5784726 0.61137915 -0.032837752 -0.0331261 5.8098516 5.751368 -11.196505 -0.022720505 8.20005 2.2036242 0.61299133 -5.42333 5.894912 6.2711835 6.9283323 1.6394682 9.34895 -5.3592772 -0.033878136 
5.4067016 
0.0 
