1 20 1 1 
0.53960013 0.7393754 0.23606025 0.25700834 -0.7041959 0.5493675 0.29087594 0.71352875 -0.4786639 0.9056328 -0.25713238 -0.4350718 -0.09752635 -0.3146902 -0.4221964 0.40448165 0.890388 -0.8415811 0.37255478 0.44590074 
0.65790373 
0.4835919 
-4.098611 
0.45076835 
0.03894572 
-1.4097111 
0.50866234 
0.69691235 
0.14002919 
0.32935438 
-0.0015487069 
-3.2377012 
7.4204335 
-3.0069404 
-2.9069695 
0.6447757 
0.28704375 
-2.879982 
0.5774968 
0.54442084 
1000.0 
-5.692077 -7.948084 -8.306482 -4.219631 -0.026752785 9.465102 -4.4799585 -7.6934214 -0.031161368 -9.592254 -0.017200787 3.2708318 7.887262 2.630607 2.7825282 -4.457675 -9.680758 3.0688438 -4.4324656 -5.3571544 
-9.762874 
0.0 
