1 20 1 1 
0.3109191 0.20686202 -0.31069234 -0.60261846 1.7657043 -1.788717 -0.41654313 0.43322805 -1.5386844 -1.969445 -0.85532665 0.086748816 -0.9290099 -0.70030385 -0.07289989 -0.07924439 -0.08326016 0.29072836 -0.90811896 -0.6770001 
-3.6605303 
0.27678758 
-0.9871916 
-1.0493129e-06 
0.54884136 
-5.502258e-12 
0.100319184 
0.34835598 
-1.311447e-07 
-4.2104252e-06 
0.30334425 
0.076052 
0.04113688 
-7.909592e-06 
4.714329 
-3.585281 
0.17741711 
0.94834876 
-1.4748602e-05 
-0.16964363 
1000.0 
-11.397772 -3.2889268 0.9903906 -1.3115883e-06 -0.041708898 -6.680905e-12 -0.027200004 0.9279151 -1.7248881e-07 -4.098838e-06 -0.03244469 -1.6250533 -0.021208024 -8.138865e-06 6.408884 8.046374 -0.030320058 -5.766143 -1.1673347e-05 -0.00199127 
-0.6853426 
0.0 
