1 20 1 1 
0.22125733 -0.3465941 0.8463004 0.35591412 -0.26665145 -0.30956265 0.4673574 -0.15361343 0.19521412 -1.2782918 -0.14391199 -0.09768439 -0.44378868 -0.21921843 1.2149273 -0.66833997 -0.5001456 0.10839557 0.18394458 -0.19858806 
-0.21058345 
8.1213155e-05 
0.20790312 
0.3877935 
1.2638602e-05 
-1.2042289 
-0.28226468 
-1.210772 
0.06466641 
6.474102e-05 
-1.6797159 
0.0030058315 
0.33068871 
6.447628e-05 
0.49397108 
2.2604556e-06 
7.6413556e-07 
0.4495829 
-0.82703483 
0.00011096737 
1000.0 
-2.9228964 -8.201878e-05 3.8590136 3.9930773 -1.1557758e-05 1.2855818 -3.8218603 1.2931454 3.7386398 -7.395927e-05 4.1734133 -0.011229452 -0.02577679 -7.062878e-05 3.7172577 -4.140585e-06 -7.7403655e-07 4.570854 -5.478101 -9.88608e-05 
3.7184844 
0.0 
