1 20 1 1 
1.1586668 0.36330822 0.0325849 -1.0101954 -0.99862677 -1.075586 -1.1614168 -0.8566829 0.32323915 -0.28956264 0.84744537 -0.33969322 -0.0366419 0.92127484 -0.7268108 -1.1387736 -0.31536278 -0.72663826 -1.4232912 -1.452588 
0.534592 
0.1467202 
-0.11464741 
0.3754186 
-0.21240932 
0.33589128 
0.2873945 
-0.27635884 
-2.6156106 
0.28903863 
0.4481104 
0.0097480565 
0.042433877 
0.34414983 
-0.15394635 
-0.070100196 
0.4838025 
0.0014744552 
-0.2566651 
-0.13151745 
1000.0 
-0.29712588 1.2853566 6.8549037 0.45731726 -0.00520952 0.4041276 0.37838522 -0.0041583707 -9.999979 0.38040158 0.1651999 -0.011688027 -0.019302795 0.43978634 -0.001716652 -0.0042550387 0.6276925 -0.008550117 -0.0058258898 -0.0022608682 
-0.46428403 
0.0 
