1 20 1 1 
-0.6781142 -0.34076142 -0.094471455 0.13021109 0.10482126 0.11271745 1.2175692 0.24706279 -0.11881784 -0.70498925 -0.35566318 -0.40265766 -1.1485115 -0.89571863 -0.0055465964 -0.5883791 0.20670189 0.47430775 0.35913518 0.78114647 
0.20425253 
-0.9169868 
-1.7537364 
4.956112 
-2.6616883 
0.5654104 
0.22337076 
0.6823148 
0.18391375 
0.1714472 
-1.2008857 
-0.9200775 
-1.033997 
-0.95503044 
0.53302574 
-0.9192215 
-2.8758864 
0.30674818 
-0.2725049 
0.49578065 
1000.0 
-0.026223721 0.9891165 4.679295 -8.71362 -5.2561564 4.6094046 4.081315 -4.943588 -0.025543263 -0.025064567 1.3131487 0.8819567 0.73932856 0.7927671 4.5087895 1.0286168 -7.20304 4.3022995 -3.5875773 4.4010515 
4.585039 
0.0 
