1 20 1 1 
-0.8836796 -0.1385512 1.2810916 -0.08641924 1.2366271 0.012343084 1.0562752 -1.36081 0.061399173 -1.3174528 0.18859819 -0.98548955 -1.2263633 -1.2769585 1.0044192 -0.42799094 -1.409819 0.17661291 0.06650033 -0.15438256 
-1.2283949 
-0.9897545 
0.34535533 
0.17014551 
0.23472495 
0.57181734 
-0.18701391 
-0.9896537 
0.30846933 
-0.97624135 
-0.047059055 
-1.2642019 
-1.255875 
0.028025463 
0.2426307 
-1.0923605 
-0.9716834 
-0.3050872 
0.24296904 
-1.0962048 
1000.0 
1.3114415 1.0038003 2.9887865 -0.0352857 3.0536249 5.2559776 -2.7099094 1.0039635 3.7043896 1.0354483 -3.0555542 1.3569195 0.9173461 -0.026798168 3.06931 0.9370108 1.131064 -3.5350487 4.2848773 0.93602353 
2.8945332 
0.0 
