1 20 1 1 
0.29423696 0.11702057 -0.5111835 0.09807987 1.7571156 -0.7975008 -0.053765196 0.27942193 -1.07822925e-05 -1.2703661 0.12480142 -0.13164854 -0.24390607 -0.17282028 -0.5932375 -0.23387285 0.8787158 -0.05312458 -0.32089615 -0.0159521 
1.1155591 
0.07107936 
-0.6993638 
0.19089374 
0.3404681 
-0.7180889 
0.07568664 
-2.499287 
0.0076635317 
0.25366297 
0.18918939 
-0.678781 
-0.6784115 
-0.00015732067 
-0.7889121 
-0.81232524 
0.40159473 
-0.19750214 
-0.6886203 
0.34085977 
1000.0 
-5.870897 -2.3316188 0.6524483 3.907386 3.0260043 0.81659156 -0.027659994 -9.432506 -0.016363394 -0.02740938 4.2062554 0.69301575 0.68361706 0.00013914781 0.87771875 0.89938635 2.3196151 4.277861 0.65809286 -0.028198773 
1.1957561 
0.0 
