1 20 1 1 
0.08535939 0.40675184 0.25687572 -0.794322 -0.26274163 -0.8357445 -0.51048964 -1.9999847 -0.1018399 -1.912243 1.1421217 -0.14885728 -0.28817123 -0.37901977 -0.5388398 -0.4734212 -0.68996334 -0.038833175 0.50536656 0.7867019 
0.019456236 
0.32375166 
-3.3260489 
-1.3575879 
-1.226867 
0.34379804 
-0.0034774158 
-1.2065518 
2.8350914 
-1.2035924 
0.12650797 
0.18402494 
-1.2033963 
-1.2386289 
-1.3176374 
-1.2443631 
-1.2420093 
-2.2104956e-08 
0.65607446 
0.9765522 
1000.0 
-2.634667 -4.156429 -10.584777 1.4863472 1.2064354 -0.027703345 -0.011721542 1.3508391 6.945811 1.2830513 -4.064602 -0.025769647 1.3125304 1.1928166 1.1540924 1.4051675 1.189681 -9.357267e-10 -5.2787476 -7.9534583 
-5.2368064 
0.0 
