1 20 1 1 
-0.37855858 -0.12974302 -0.522056 -1.7397722 -0.26235905 0.052418523 0.38397232 -1.2576045 -0.3491091 -0.8829671 1.0742286 -1.2872487 0.23419538 -0.7449191 0.26660192 -0.7026015 1.2030025 0.6866518 -0.10431541 -0.14217058 
-1.0767794 
-6.9837646 
-1.4875171 
-1.1451398 
-1.1181042 
0.16951792 
1.6952964 
-1.4378816 
-1.0653442 
-1.1624948 
0.17409316 
-1.1801635 
0.96228087 
-1.2028527 
-4.1143856 
-0.023454407 
0.25638863 
0.45513213 
-5.9989796 
12.054242 
1000.0 
1.0278089 6.442316 1.6534884 0.98049694 1.1814114 1.663488 -7.67671 1.6009226 1.0607624 0.9761751 1.3545576 0.972935 -4.6810145 1.3762891 -8.599982 -0.003559117 1.3954812 1.5485245 7.963601 8.543737 
1.5915852 
0.0 
