1 20 1 1 
-0.46810135 -0.93049735 -0.7736135 -0.57680416 0.870545 0.24793434 -0.41548786 -0.892341 0.5697096 0.1381745 -0.115113504 -0.048115935 0.3768296 0.10908584 -1.0749371 -1.278959 -0.14917797 0.80367905 -0.25392115 0.3099375 
0.11115368 
-0.91560805 
-0.6326019 
-0.21214566 
0.32275295 
-2.100746 
-0.3184903 
0.14542428 
-0.29570812 
2.897333 
-4.03001 
2.3663404 
0.3110392 
0.47797385 
0.08833772 
-0.1990081 
1.9582625e-08 
0.40440613 
0.15465961 
0.21549363 
1000.0 
-0.013391063 1.0246497 0.62153554 0.19077998 5.2508883 -9.900314 0.2905518 -0.014984734 -5.687977 -6.906294 8.103602 7.9405575 5.4728575 6.490941 -0.012120217 0.17851485 -2.140935e-08 5.3050756 -0.0153249735 5.70126 
5.4327 
0.0 
