1 20 1 1 
-0.7030684 -0.47975758 0.9120867 -0.6285455 -1.2249823 -1.4988226 0.7750129 -0.180656 -0.12377325 0.36087984 -0.066573024 0.74287784 -0.40698037 -0.13939327 0.22822654 -0.59128463 -0.6591171 -0.64122695 0.139945 0.3724727 
0.10594861 
-1.5506186 
0.30254978 
-0.67462105 
0.15529218 
-1.7884352 
0.39481366 
3.283238e-11 
4.751954 
0.5225097 
-3.6377106 
0.60494024 
-0.699873 
0.14526957 
-4.368034 
0.21392493 
-1.5336747 
-0.66568476 
0.5797113 
0.19656527 
1000.0 
-0.02501309 1.5857819 -1.030628 0.6001169 -0.027081415 1.9118598 -0.9759707 -3.0261457e-11 7.4554377 -0.9700485 6.7229767 -1.1954362 0.65106124 -0.026746526 -10.095958 -0.028524775 1.6700122 0.5185932 -2.76888 -0.4589082 
-1.286368 
0.0 
