1 20 1 1 
-0.06682905 -0.16270462 -1.565208 0.8123359 -0.82731473 -0.80108416 -0.20234376 1.157541 -0.1460531 -0.28548852 -1.6916671 -0.038581654 0.18596758 -0.44742578 -0.23282382 -0.30129588 -0.13071732 -0.3745968 1.4709121 -0.34356683 
-3.5811007 
-0.82615 
-1.0257889 
0.26979622 
-0.8880938 
0.04674123 
0.14138684 
0.38793108 
0.034710765 
-0.80515915 
-0.87624866 
2.634508e-13 
-4.2942877 
-0.8162979 
0.12790662 
0.062357944 
4.1970234 
-0.9166015 
0.4390084 
0.233901 
1000.0 
6.7013364 0.81380856 0.86563486 -2.324977 1.0058626 -0.0061143385 -0.010392659 -1.5588683 -0.004505016 0.846073 0.8205064 -4.246671e-13 -8.841196 0.88813806 -0.009698456 -0.007954946 7.65834 0.8318081 -1.8068713 -0.008790333 
-2.8507059 
0.0 
