1 20 20 2 
0.199138 -0.0541119 0.509444 -0.826717 0.185327 -0.507596 0.190375 -0.46124 -0.302599 0.11219 -0.678138 0.172433 0.125408 0.128856 -0.277691 -0.588117 3.69698 0.146521 -0.072564 -0.600877 
1.81829 0.0372379 -0.0684117 -0.234752 0.0163112 0.2443 0.257422 -0.080918 0.381025 -0.109692 0.32999 0.0315748 0.102434 0.159943 -0.280607 -1.59932 -0.0177848 -0.634359 0.272971 -0.0390051 
-10.2904 1.3075 0.933306 0.318428 0.811639 -0.390558 -0.0589151 0.736575 -0.263981 0.71223 -0.110069 0.915805 0.888439 0.122203 0.500815 -2.43545 0.422195 0.393709 0.549299 0.433093 
0.95652 -0.0230045 0.11769 0.461702 0.025439 -0.027533 -0.0339492 0.0587562 -0.0159818 0.318262 -0.0245881 -0.00345814 -0.0102387 -0.000448409 -0.231931 -1.02129 -0.0146551 -0.189496 -0.0145839 -0.0332377 
-4.53611e-31 -0.539982 -0.407133 -0.236419 0.0511035 -0.0780224 -0.160347 0.312222 -0.0457453 -0.400547 -0.150903 -0.502128 -0.439729 -0.280123 -0.12867 -4.6063e-31 0.208808 -0.0939328 -0.353067 -0.467382 
5.49441 0.00200559 -0.153219 -0.282903 -0.0271002 0.413177 0.421193 -0.450473 0.31236 -0.239083 0.38991 0.00257582 0.0326821 0.201481 -0.419872 -0.857588 -0.144705 -0.579418 0.24989 -0.143863 
-2.0542e-06 -0.532852 -0.521344 -0.299118 -0.0398892 -0.137141 -0.223419 0.706964 -0.111643 -0.349934 -0.155797 -0.428174 -0.404763 -0.27137 -0.0995044 -4.61134e-31 0.700122 -0.104595 -0.332053 -0.433281 
2.49449 0.0451258 -0.11098 -0.211234 0.0257098 0.315352 0.327534 -0.126708 0.371638 -0.168909 0.323382 0.0472287 0.105769 0.287548 -0.565824 -1.52575 -0.0486768 -0.50328 0.244216 -0.0436056 
-3.24627e-07 -0.5163 -0.506049 -0.2884 0.0423202 -9.13509e-06 -0.201453 0.714718 -3.00981e-07 -0.364385 -0.162838 -0.500331 -0.407503 -0.307789 -0.137913 -4.47375e-31 0.625037 -0.136271 -0.305419 -0.445377 
-0.15741 -0.59268 -0.498112 -0.284124 -0.0673846 -0.15517 -0.114281 1.0163 -0.114122 -0.380934 -0.204689 -0.552407 -0.442325 -0.285021 -0.135996 -0.000837656 0.869509 -0.0378313 -0.297477 -0.426786 
1.29813 0.107687 -0.12016 -0.253363 0.0341959 0.685518 0.449361 -0.0598378 0.588474 -0.221822 0.475895 0.0638992 0.15904 0.196351 -0.886485 -0.609711 0.115889 -1.0846 0.0549065 -0.0140165 
-1.61867e-06 -0.554187 -0.51104 -0.239745 0.0352624 -0.0452333 -0.177658 0.843252 -0.0727361 -0.366111 -0.154194 -0.521338 -0.438254 -0.292761 -0.16794 -4.61799e-31 0.468834 -0.137818 -0.335563 -0.423337 
7.07616 -0.0788131 -0.234046 -0.295695 -0.113311 0.628966 0.366228 -0.587973 0.18481 -0.352689 0.522876 -0.0522651 0.00698212 0.468377 -0.549166 0.0975532 -0.0932648 -0.648818 0.0269808 -0.233105 
1.22183 0.365047 -0.0744991 -0.20279 0.0226011 0.544409 0.164096 0.0491268 0.239705 -0.161342 0.275486 0.0643141 0.0370662 0.0751387 -0.751863 -1.11074 -0.0136055 -0.693667 0.217847 -0.0374961 
12.548 -0.522669 -1.10125 -0.949294 -1.65997 0.927459 -0.0278409 -0.152564 0.752226 -1.04446 0.00428903 -0.859367 -0.909563 -0.741974 -0.465142 3.28182 -0.0320862 -1.3912 -0.69844 -2.60845 
-0.169397 -0.644463 -0.531929 -0.279635 0.0228886 -0.116138 -0.206747 0.953587 -0.145146 -0.414589 -0.21278 -0.512682 -0.489256 -0.270389 -0.128775 -0.00102196 0.910222 -0.130492 -0.317919 -0.430628 
-1.82518e-05 -0.489988 -0.493296 -0.231051 0.038933 -0.113866 -0.261224 1.21251 -0.150416 -0.353874 -0.191044 -0.44264 -0.39514 -0.253827 -0.149841 -4.60535e-31 0.434652 -0.117651 -0.330017 -0.436508 
6.1128 -0.0173913 0.00907925 -0.00823058 -0.0489207 -0.0233362 -0.0323894 -0.0192436 -0.0141582 -0.00102245 -0.0203553 -0.010646 -0.0139693 -0.0179582 0.176621 0.464779 -0.206184 0.199518 -0.0220525 -0.0152577 
13.5795 -0.317094 -0.811922 -0.713233 -1.32534 0.846815 0.0521137 -0.232334 0.951467 -0.777645 0.25388 -0.692821 -0.567275 -0.341303 -0.807804 3.52829 -0.0366565 -1.0532 -0.411739 -2.07256 
-1.79877 -0.717691 -0.551498 -0.366674 -0.0122708 -0.273384 -0.342848 1.05116 -0.319921 -0.525871 -0.33105 -0.543301 -0.569902 -0.351937 -0.140974 -0.0861057 0.900755 -0.149612 -0.42996 -0.985243 
-8.86995e-06 -0.477061 -0.493023 -0.310389 -0.0594491 -0.152517 -0.272916 0.817138 -0.107962 -0.391209 -0.257167 -0.495745 -0.383453 -0.241206 -0.14767 -4.5162e-31 0.763695 -0.091133 -0.343845 -0.433007 
27.6375 -0.00297437 
-0.112284 0.0888138 
-0.61975 0.0798644 
0.188523 0.0577389 
-0.000449749 -0.991838 
5.31965 0.0207992 
2.76112 0.0290412 
0.000142578 -0.715469 
4.80812 0.0287996 
-0.0627674 0.0692388 
3.21984 0.0347047 
-0.556084 0.101914 
-0.0405834 0.080695 
1.12094 0.050932 
1.28353 0.0309748 
12.0069 0.00896217 
0.000102292 -0.650935 
1.33356 0.0378523 
0.749418 0.0525333 
-2.42134 0.198049 
-1.97165 2.42909 0.48493 1.99158 -6.25926 2.03363 -3.31254 1.71923 2.01546 -0.312646 1.91144 -6.43294 0.21059 -6.06542 1.89058 2.18749 -7.93517 -6.86963 2.24613 2.12424 
-0.376323 4.08865 3.96209 2.66107 0.420305 1.09256 2.4407 -0.294275 1.15583 3.25803 2.24293 4.18366 3.6719 3.09118 0.504109 -0.473044 -0.50062 0.50212 2.92691 4.3748 
-0.00205442 16.6835 
