1 40 1 1 
-0.066327274 0.14906543 0.1605018 -0.048680916 -1.3309007 -0.046197828 -1.616653 -1.1766467 -0.024754258 0.16982172 -1.5933483 -0.040538326 -1.3632604 -0.0520948 0.5097143 0.813006 -0.31736434 -0.048293836 0.10234538 -0.04308481 -0.047544148 -1.8150758 0.7452182 0.02644432 -0.0464998 0.6708352 -1.0602355 -0.0456551 0.59837896 -0.020151773 0.90858006 -0.039513297 0.0023834787 -1.7073909 -0.18592049 -0.11181229 0.25689346 0.19534689 0.14058757 -0.10219286 
0.50180966 
0.63359237 
-2.9307022 
3.074076 
-0.1477552 
3.3454847 
-0.32622945 
-0.12004711 
0.3309396 
-0.09795546 
-0.1696937 
0.521156 
-0.12905744 
-0.113076344 
0.11987698 
0.13057835 
1.3523844 
3.1545632 
-0.7241145 
0.48997554 
3.0760791 
-0.07272834 
0.05131155 
0.0018381508 
2.7052743 
0.051702406 
-0.03057024 
3.11377 
-0.029295087 
0.6045964 
-0.053524952 
0.5512577 
0.0054191933 
-0.12204309 
-0.06426679 
-4.6903543 
1.2534368 
-0.11150543 
-1.3616589 
-4.3099933 
1000000.0 
1.2269378 -2.6886652 -5.300203 3.3083546 0.7426052 3.079202 0.62296116 0.8001729 1.5690407 -0.7899833 0.7388877 0.7369084 0.7690341 -0.0016182045 0.20227554 0.18959741 0.9095841 3.2748625 -3.6045835 0.7849277 3.186915 -0.0037910426 -0.030323487 -0.6309617 3.1012027 -0.013630148 -0.0028569114 3.0413153 -1.1325591 1.3025122 -0.83468586 0.71559674 -0.8108415 0.78942287 -0.0032890814 3.7671838 -4.474834 -0.87081194 -4.651254 3.4573276 
0.40417117 
0.0 
