1 20 20 2 
0.32319975 0.9411035 0.60544497 -0.36345574 -3.0952226e-31 -0.08875482 -0.0807962 0.32758892 0.4116158 -0.077647425 -0.16462038 1.3900083 -0.6078683 -0.100249454 -3.059446e-31 -0.15100089 0.27778158 -0.07719953 0.3074402 0.31735006 
0.2851308 -0.10614821 -1.233895 -0.102447845 0.2732138 0.13448954 -0.1209966 -0.8884334 0.33321056 0.2682789 -0.1097605 -0.04264949 -0.041377217 -1.1413336 -0.12517558 -0.027996337 -0.08351163 -0.020218438 -0.10649392 -0.090984784 
0.000391802 -0.016893301 0.14535293 -0.0023423042 -0.039896682 0.21894304 0.3622278 -0.012726548 0.024885273 0.006331584 -0.022953594 0.0044499524 0.002842481 0.18865493 0.0784993 -0.0037288303 -0.0034671216 -0.091712125 0.005128798 0.01570715 
0.21228884 -0.106477365 -0.6558994 -0.050398614 0.16294123 -0.13946715 -0.13008039 -0.028012808 0.09317737 0.10149769 -0.039387066 0.016007477 -0.008407321 0.2512838 -0.16855997 -0.011386854 -0.055530287 -0.008405493 -0.16479187 0.091188855 
-0.085581295 -3.2771285e-31 -0.09025095 3.339456e-31 3.020199e-31 3.4889726e-31 -3.1237907e-31 -3.2722436e-31 -3.4382857e-31 3.454793e-31 -0.02546181 -0.9684158 -3.537329e-31 -3.5379514e-31 0.013497799 -3.5201178e-31 -0.13928996 3.4216464e-31 0.04509323 -3.217826e-31 
-3.3506216e-31 3.378043e-31 -3.2035583e-31 -3.3375524e-31 -2.932022e-31 -3.363599e-31 3.1875062e-31 -2.7918068e-31 3.3526035e-31 -5.283783e-32 -3.3878062e-31 -3.5235065e-31 3.2762998e-31 2.7843944e-31 -2.9745915e-31 3.2509025e-31 -3.2997636e-31 2.8752044e-31 3.5324014e-31 -3.3629027e-31 
0.04451643 -0.8215208 0.39128932 -0.5509383 -1.2966955 -0.14856413 -0.6066023 -0.09901959 -0.7326524 -0.44021675 -0.49444437 0.5843132 -0.45499194 0.06535398 -0.28872165 -5.0534434 0.84148324 -0.47306722 0.5133833 -0.76287085 
-0.3075896 -1.4632616 0.19983071 -1.3106444 -1.0767037 -0.33326846 -0.8238829 -0.028346382 -0.9205904 -0.9924351 -1.2849529 -0.122564726 -0.6646612 -0.0408196 -0.36881822 -1.7827606 0.3572761 -0.80728036 -0.08636083 -1.1628029 
0.37763613 -0.16281116 -1.1791694 0.004442797 0.14575997 0.14456965 -0.1584276 -0.9812833 -0.0668278 0.27661505 -0.081826776 -0.07930552 0.21158665 -1.2489641 0.02361718 -0.047076706 -0.09516617 0.04953671 0.105202146 0.03838535 
0.24906431 -0.096012175 -0.89606583 -0.12698701 0.06725178 -0.296074 -0.021077624 0.06937679 -0.19301628 -0.03249441 0.39714527 0.021215053 0.3284456 0.23173532 -0.15423056 -0.0066333977 -0.0022903995 -0.21716648 -0.09272226 0.038750853 
-0.10249947 -0.70959634 0.52212346 -0.55238354 -0.9005087 -0.19932196 -0.5981241 -0.0847077 -0.31321096 -0.4057741 -0.34038755 0.1387858 -0.58356327 0.019433327 0.55869496 -5.8922014 0.94011617 -1.0261383 -0.32309002 -0.7453981 
0.39252546 -5.620253 -0.0037939071 -4.5468917 -2.748425 -0.26281044 -3.7776139 0.07057319 -2.4110138 -1.9639214 -4.932978 0.7083311 -0.42414856 -0.35579708 -0.40399912 -0.4297352 0.77908194 -0.6323978 0.22076392 -3.2200146 
-0.02141026 0.16735266 0.15065783 -0.016346542 -0.036513757 -0.08231834 -0.028306773 0.1882316 -0.0042501944 -0.019200277 -0.01953851 0.017619401 0.056717098 -0.009172809 -0.032792203 -0.003175701 0.0020585612 0.36524805 0.018493962 -0.009292572 
-0.08203715 3.6292095e-31 -0.2313697 -3.406671e-31 3.2684761e-31 -3.4874178e-31 -3.052017e-31 -3.3571543e-31 -3.2905964e-31 3.379968e-31 -0.024784544 -0.59973264 3.489485e-31 -3.298406e-31 -0.061114162 -3.375344e-31 -0.28315538 3.5020452e-31 0.31172672 -3.1757433e-31 
-0.14262968 -1.8214324 0.467349 -1.6191026 -1.5536642 -0.28429255 -0.9628645 -0.13358046 -0.65140885 -0.6466154 -1.0084318 0.3313657 -0.3672388 0.05838329 0.24804834 -1.8276899 1.2448783 -0.55511516 -0.2563356 -1.2040133 
3.4277648e-31 3.4807725e-31 3.3030507e-31 3.5344576e-31 -3.1626415e-31 -3.5255549e-31 -3.0034593e-31 -3.3653761e-31 3.4413293e-31 3.3822412e-31 -3.338666e-31 3.3863646e-31 3.4218095e-31 -3.5080292e-31 -3.4385086e-31 3.5137407e-31 -3.5030921e-31 3.4401014e-31 -3.534612e-31 -3.2553245e-31 
-0.080726966 3.488498e-31 -0.25341693 -3.3743195e-31 3.4214874e-31 -0.026963016 -3.435883e-31 -0.72352535 -3.5539887e-31 3.383256e-31 -0.024489123 -0.5979465 -3.4760193e-31 -0.66542083 -0.6046615 3.8402746e-22 0.28244004 -3.387544e-31 -0.17838651 -3.4821324e-31 
-0.05205206 -0.112900876 0.20785916 0.4547157 -0.0563754 -0.37253684 -0.17223145 0.012130758 0.34495246 0.011835494 -0.048610013 0.020078097 0.12482884 0.051126625 -0.09278294 -0.014104464 -0.009233901 -0.19159558 -0.119034015 -0.0031388004 
-0.23315683 -1.3962637 0.27787128 -1.0822546 -0.8807557 -0.2624921 -0.95325786 0.05395417 -0.3894513 -0.6660299 -0.87665695 0.40093848 -0.13497762 -0.18997815 0.35170132 -0.6658058 0.7893419 -0.33618367 -0.2156679 -0.79299104 
0.5076578 -0.12870166 -1.2572615 -0.02240787 0.21723665 0.18014663 -0.17260301 -0.9762517 0.03697692 0.08838092 -0.07557632 -0.13073453 0.09362222 -1.4654444 -0.09147268 -0.041243352 -0.044471808 -0.13018492 -0.20134646 0.15238608 
0.31466475 -0.24610986 -1.0052042 0.10178628 0.19657575 -0.080410436 0.01555606 -1.0198576 0.11421321 0.12249971 -0.08642948 -2.0106883 0.48297018 -0.9591855 -0.059918277 -0.14469114 0.075577386 0.33709195 -0.12555331 0.41519892 
0.09407346 -0.12095897 
0.2759737 0.22696671 
0.0021962943 -1.9586312 
0.27262682 0.066008456 
0.15622716 -0.112041116 
0.22952218 -0.008341969 
0.15303642 -0.073202945 
-0.039638806 -0.24692747 
0.10749647 -0.060133412 
0.16755192 -0.11682388 
0.31182632 0.21584633 
0.00027045287 -1.4284806 
0.08807897 -0.09231877 
-0.018116815 -0.08631492 
0.0028356104 -0.6274423 
1.5517977 1.3270758 
-0.0035705613 -1.7919089 
0.09962972 -0.0836455 
-0.010879443 -0.73355335 
0.18512516 -0.0696854 
-4.7120576 -1.4494932 -5.4102592 1.6567432 -1.3880294e-30 2.9854543 2.171613 -5.8358445 -3.7052448 2.495656 4.1398497 -2.1650977 1.444867 2.6452081 -1.3055843e-30 1.4800717 -0.7700374 1.4179262 -5.2311735 -7.663887 
-0.8297996 1.1504596 1.1232946 1.6379896 1.8027397 0.0048591415 0.12195285 -1.4897257 1.4065146 0.77745986 2.2811513 1.1739106 0.13165611 -0.2388279 -1.0708469 2.6138234 2.12102 -1.2104925 -0.6712068 1.3806777 
0.048437968 -3.0464747 
