1 40 1 1 
0.31153095 0.33484143 0.1081305 -0.06695668 -0.05694178 -0.05639892 0.21160801 1.5514413 -0.07578983 0.9016132 0.38789418 -1.9162506 1.3015393 -0.095702544 1.3471293 0.6953952 0.10196721 -0.90156543 0.75970316 -0.06404792 0.3491512 0.38694957 -1.7276063 -0.2849161 -0.07240403 -0.15692776 -0.15264107 -0.84304094 0.1927959 -0.08349403 -0.05705528 -0.08618435 -0.22566134 1.6698977 1.0155082 0.7178487 1.0343897 1.2593304 0.6472983 -1.983049 
-0.6399978 
0.7016273 
3.089261 
2.6983142 
2.9129198 
3.3691354 
-0.79247504 
0.19321293 
3.399953 
-0.21799354 
-0.47129652 
-2.006864 
0.17586902 
3.754906 
0.18531708 
-0.171965 
3.6331036 
0.1743458 
-0.3889634 
3.2100754 
0.56367797 
0.36551133 
-1.697901 
-7.124429 
3.0641465 
-0.04791149 
-0.022118725 
3.8448534 
0.93215 
2.7824376 
3.3188546 
2.7708876 
-0.08115281 
0.1933012 
0.41167313 
-0.3092656 
0.2730462 
0.1391996 
-0.34118098 
-1.6331087 
1000000.0 
5.759313 -4.677441 -7.4239745 2.4142375 2.415967 2.8000112 5.8356194 -4.6487994 2.783683 5.5485415 5.752458 1.827225 -4.451367 2.5993965 -4.3485737 5.320908 -7.0036516 -0.0005725919 5.6192307 2.829189 -4.879158 -5.415642 1.6951072 5.0844355 2.6521044 -0.00053672225 -0.0013549307 1.8274058 -5.71136 2.2697592 2.9115765 2.342704 -0.00096589245 -5.0041466 -3.655307 5.624831 -3.8057218 -4.54143 5.6461525 1.9220294 
-5.4212418 
0.0 
