1 20 20 2 
4.387218 5.8680916 -2.718574 4.100602 2.2023737 6.8071227 -6.0691414 -1.923056 2.378017 4.9713674 -5.626264 5.768942 0.8342866 -4.9572244 5.7567596 3.902128 1.1877366 4.842596 5.586643 1.1980729 
-0.53688115 -0.19855426 -0.43624514 -2.8403832e-31 -0.77357256 0.5109357 -0.07796216 -2.358366 -0.51626784 -1.2168407 -0.71724516 -0.058388527 -1.2453443 -0.2986078 0.38670093 -0.09697218 -0.67194766 0.21828568 1.4119372 -3.1554862e-31 
-0.98544174 -0.039642252 -0.46388128 -2.8516306e-31 -0.42458925 0.559428 -1.45156 -2.7331011 -0.7801925 -1.7359056 -1.0621185 -0.54220474 -1.1792909 -0.26873025 0.5380861 -0.19629224 -0.94620866 0.18622436 2.825986 -3.1000925e-31 
0.96435815 -1.4805096 0.3335116 -2.8385802e-31 -1.567846 -0.79360086 -1.3388966 -0.42411092 0.99622244 0.3298718 1.0982239 -1.3636154 0.7147944 -2.6418903 1.3702416 0.08417615 -0.78093815 -2.2149918 -0.22890599 -3.3489775e-31 
-0.651043 -0.2143592 -0.4467089 -2.9145165e-31 -0.28577316 0.40664464 0.5667007 -2.5524294 -0.75846547 -1.4793336 -0.81910145 -0.34175462 -1.3441175 -0.3892609 0.28745967 -0.09015968 -0.34508353 0.24778143 1.1304893 -3.2400492e-31 
0.2351039 -0.46507224 -0.0647054 -2.7517657e-31 -0.16177572 -0.04236708 -0.57164097 0.13928032 -0.022594491 0.07089352 0.12494464 -0.13550867 0.13725722 -0.043012317 0.050472137 -0.11600233 -0.0017820871 0.04585476 1.0647241 -3.4558354e-31 
-0.040636145 0.09026833 -0.15283008 -2.8236456e-31 -0.9176496 1.1653037 1.4293138 -3.9088895 -2.232411 -2.3128254 -0.3271246 -2.673795 -2.9682395 0.5042479 0.6681757 -2.8967664 -1.3762412 -0.53305626 4.96869 -3.0777952e-31 
0.25731125 -2.1264703 -5.2207637 -2.3487865e-31 -1.0827519 -6.1592326 -0.6488285 -1.8663656 -0.71127975 -2.1089365 0.35466287 -1.8124983 4.00966 -11.444995 -4.7506976 -0.6047083 -3.100824 -13.289036 -2.7303438 -3.0636705e-31 
0.5686373 -0.40303144 0.042935796 -3.059378e-31 -1.1178492 -0.329633 -0.95947915 0.027155047 0.5471753 0.14659083 0.59102184 -1.0230501 0.35930115 -0.6011864 0.7420254 -0.42653707 -0.50608605 -0.35659984 0.18314512 -3.213232e-31 
0.2546053 -0.5029269 -0.18280253 -2.9957224e-31 -0.18410556 -0.028579814 -0.5023104 0.16217604 -0.06253402 0.14116333 0.20356682 -0.03743514 0.14510547 -0.025199711 0.12095636 -0.12889744 -0.012174347 0.04582949 0.91723335 -3.2675668e-31 
-0.670547 0.1200994 -0.54357463 -2.593224e-31 0.05661989 0.27504414 -0.48151162 -4.1169457 -1.1477712 -2.2148411 -0.94935644 -1.341929 -5.6524506 0.1088838 -1.1935447 -0.5248416 -1.2469245 0.026251353 2.5535712 -3.0262155e-31 
0.5991864 -2.9086432 -0.04782478 -1.6364031e-31 -1.0195942 -3.2419605 -0.56078434 -1.9985881 0.6528255 -0.29822794 0.6423998 -1.0460094 2.4900608 -11.209138 -2.0493035 0.76241547 -0.48664504 -11.413815 -0.73209584 -3.326688e-31 
-0.54294795 0.4157673 -0.5781737 -2.9044129e-31 -0.44655868 0.19168143 -0.563536 -2.1320803 -1.2928895 -2.1376486 -1.0246761 -0.07352956 -7.21658 0.37688422 -1.7113092 -0.8140062 -1.4611602 -0.026114643 1.8445202 -3.0456899e-31 
0.054945014 -0.08209742 -0.05798833 -2.8269024e-31 -0.2988496 0.07356214 0.08411371 0.23117955 -0.27721474 0.256613 -0.09581506 0.009088966 -0.15922455 -0.09032449 0.099927396 -0.09018524 0.034292895 0.08447356 0.5227789 -3.2718348e-31 
0.66636705 -2.6602368 -0.8162932 -2.4680898e-31 -0.7672082 -3.73158 -0.6793302 -1.9582345 0.61423504 -0.65633816 0.80357265 -0.8756526 2.132964 -10.906956 -1.3451014 0.69173825 -1.404096 -11.613846 -1.4836771 3.3355912e-31 
-0.53941995 0.30635333 -0.65709263 -2.4901334e-31 -0.4638428 0.31838652 -0.7780444 -4.0504723 -1.0509491 -2.4618034 -0.9803255 -1.128882 -5.5732036 -0.036734026 -1.3057178 -0.37734357 -0.45039478 0.15137489 2.2788453 -3.086832e-31 
-0.90523845 -0.3481223 -0.19358397 -2.9393857e-31 -0.35310364 0.5318881 0.6543309 -2.8416672 -0.9049098 -1.3393376 -0.88957554 -0.38388732 -1.5128951 -0.23981167 0.4067325 -0.16680804 -0.75105995 0.11579699 1.4055269 -3.178342e-31 
0.11683904 -0.016494663 -0.16798651 -2.982105e-31 -0.2674373 -0.07410442 -0.63764834 0.18919456 -0.015809845 0.03939334 0.2764904 0.12105648 0.072708264 -0.07468714 0.06792559 -0.13268216 -0.13893938 0.08279753 0.67085075 -3.3141914e-31 
-1.0931196 0.024231566 -0.7587309 -2.9094804e-31 -0.58947617 0.62053114 -1.5072933 -3.134044 -0.7588784 -1.8615763 -1.1963922 -0.3065874 -1.372997 -0.15790182 0.35245866 -0.08810735 -0.74789304 0.09466273 2.5283558 -3.0967355e-31 
-0.6895092 -0.11125941 -0.26205432 -2.8542489e-31 -0.6490528 0.6473848 0.5932224 -4.520166 -0.7726699 -2.0344372 -0.9500578 -0.89584917 -3.3598306 -0.19479567 -0.3808991 -0.51212925 -1.0687376 0.17769948 2.095086 -3.2467749e-31 
0.22632782 -0.33245906 -0.10880239 -2.7003278e-31 -0.2916955 0.0098582255 -0.41934013 0.107063085 -0.0011661465 0.14321782 0.1731426 -0.03161098 0.12708434 -0.016094469 0.07881966 -0.13345194 -0.008181069 0.01935429 0.76880604 -3.3048629e-31 
0.16434214 0.6033556 
2.4278517 0.2777323 
0.09066848 1.7612783 
-3.06838e-31 3.254379e-31 
1.587426 0.007607066 
0.2110134 2.8673646 
2.7747622 -2.069275 
-10.666587 1.3283427 
0.36263955 1.0449249 
-1.0293398 2.7195024 
0.12628633 0.8199702 
3.1827154 -0.356137 
-6.646883 -2.7805872 
8.926706 -0.5676504 
-0.56894 1.7944145 
1.1362777 0.89377856 
2.011972 1.143627 
8.9897785 -0.38046795 
2.9822996 -1.3084916 
3.3601913e-31 3.266838e-31 
-48.170856 -71.39237 135.35027 -53.9246 643.3775 -179.85617 299.02963 91.44161 526.1169 -156.70343 280.09576 -180.24962 -7.449638 241.91864 -180.88184 -47.660954 228.90103 -54.145676 -149.30574 561.69324 
322.5212 1162.4376 1161.6903 -6.923738e-28 1313.8602 -110.35638 1539.0752 1462.9752 1112.0094 1108.9269 478.80185 1149.0146 1056.5913 502.73984 205.91045 932.94073 1310.3314 100.099594 4816.3345 -6.8726107e-28 
10207.862 9686.195 
