1 40 1 
0.053139403 0.055122875 -0.57554924 -0.6361935 -0.5589173 0.096759886 0.23441495 -0.3952439 -1.8059623 0.5469828 0.6818985 0.113779195 -0.6804696 1.3421227 -0.23453881 -0.026540985 -0.47684258 0.096494555 1.4870427 0.9702275 -0.011629352 1.604244 -0.45717597 0.6127436 -0.599102 -0.04389804 0.3529605 -0.6109499 -3.732713 -0.88733613 -0.4768763 0.7035939 0.6130439 -0.7996979 -0.7012283 0.80916476 0.45364422 -0.55471766 -0.539805 0.83663845 
1.7124939 
-0.004620404 
-6.0354652 
-5.863259 
-5.789756 
1.1656111 
2.7902381 
0.27151802 
0.15027751 
0.08160669 
0.23951057 
0.088908456 
-5.867585 
-0.06417686 
0.13954617 
0.6245679 
-5.2254987 
0.7623246 
0.14533229 
0.08637152 
0.004298484 
-0.18399954 
-5.275071 
0.05846269 
-5.7096014 
1.7216951 
0.15069081 
-6.067107 
6.4730587 
0.16329996 
-5.2155776 
0.071769714 
-0.08919339 
-5.987 
-5.9678917 
0.14893262 
-0.10189841 
-5.920332 
9.999451 
0.090470634 
-3.0419345 0.015087176 1.7531745 1.9372895 1.5779132 -2.905618 -7.1003423 -0.00077413756 -0.00091557816 -0.42494154 -0.34739417 -1.2201445 2.0681474 0.22388864 -0.00039381158 1.4804497 1.4592758 -2.938383 -0.38306138 -0.42883635 0.22294807 0.3781146 1.398572 -0.46671417 1.8242273 2.4992633 -0.36426058 1.8455058 6.1991353 -0.0009853813 1.4431901 -0.4445691 0.3049758 2.42584 2.004855 -0.37708977 0.32870236 1.6786377 7.788598 -0.4216643 
-0.26036534 
