1 20 20 2 
0.47825974 0.35669872 6.7529335 0.7751468 5.6482964 6.5409904 -0.0990755 7.039481 2.0110054 -5.9018946 5.549751 -5.72936 -2.448949 2.6150744 -4.364871 6.695691 -3.1438315 -3.130029 3.4138813 2.3657274 
0.013259726 0.29362348 -0.11854261 -2.3896484e-31 0.16709049 0.023310533 -0.058750466 -1.6581349e-31 -0.04738184 0.36047 -0.046886496 0.19089766 -0.13668253 -0.092364885 0.0014309168 -0.32695615 -0.27257174 0.6701922 -0.5744443 0.1371393 
-0.06513758 0.26552767 -0.059950035 -2.9855821e-31 -0.12702553 0.1718974 -0.12381355 -2.1876183e-31 -0.078340255 0.37759927 -0.023146383 -0.12924136 -0.054540757 -0.11982165 -0.009248246 -0.13141552 -0.10935791 0.749232 -0.6666768 0.16055627 
-1.3138584 0.77990043 -1.0340654 -2.6320557e-31 -1.0476493 -0.33496088 -0.6910714 2.4632484e-31 -1.3731062 -5.4877887 0.9370409 0.29565945 -0.0027775522 -1.0653893 -4.140088 -0.5813434 0.36967158 4.970805 1.561739 0.075965516 
0.06729156 0.2280016 -0.0030369668 -2.957227e-31 0.025670318 -0.081881784 -0.2536112 4.249857e-31 -0.1535838 0.3272497 -0.07940916 -0.06655749 0.21050835 -0.35554776 0.000969602 -0.26147106 -0.090209976 0.761618 -0.25053808 0.26060385 
-0.7262905 -0.012392575 -0.4279153 -1.42676e-31 -0.7014378 -0.5534648 -0.59796596 -2.0268417e-33 -0.34967294 -4.244708 0.4783536 0.24489303 -0.30443057 -0.646107 -4.002858 -0.29557794 0.1867354 3.0819738 -0.01226605 -0.23715924 
-0.94579685 0.57469296 -1.2748184 -2.779816e-31 -0.91337126 -0.30559292 -0.48499745 -1.0006993e-31 -1.1948935 -4.5433908 0.8371935 0.2728432 -0.3327413 -0.9188763 -3.8877153 -0.6176071 0.40312117 4.6032047 1.2666773 -0.17625871 
-0.0039859056 0.12179483 0.094083294 -2.758911e-31 0.06225474 -0.17188513 0.034545604 -2.3509335e-31 -0.13028617 0.30781397 -0.06663623 -0.12583096 0.1623411 -0.30140793 0.072355725 -0.22810103 -0.069219604 0.7784846 -0.6829082 0.16610597 
-0.6807758 -0.19732498 -0.7111597 -2.9981139e-31 -0.71011066 -0.7376194 -0.17750235 -2.0644798e-31 -0.5853612 -3.0406127 0.56693137 0.151808 -0.6122789 -0.6526298 -3.4536867 -0.2545106 0.5566321 3.2349873 0.09290944 -0.2781823 
-0.2672434 0.070038006 -0.19845644 -3.2027474e-31 -0.16921762 -0.19832464 -0.19186844 -1.25668e-31 -0.19436942 0.43352997 -0.14962777 0.0702884 0.03308828 0.102148615 0.45634285 -0.36139923 0.21605305 1.0588841 -0.18216784 -0.1643915 
-4.603995 -1.6930012 -4.3228855 3.0003727e-31 -3.1103032 -5.2808013 -8.8796835 -1.6990806e-31 -2.6071162 -1.2028755 -5.21059 -6.8129177 -5.722395 -4.9169607 -1.4273062 -8.352496 -7.030053 -3.840121 -5.782135 -2.6255362 
-0.5877997 -0.07383893 -0.425608 5.4427046e-32 -0.35790023 -0.46342558 -0.4432852 6.77296e-32 -0.17071863 -4.0284433 0.506049 0.1105839 -0.66437364 -0.7586657 -4.0623126 -0.3260643 0.12363981 2.8311687 -0.087989986 -0.296137 
-4.4733367 -1.7986033 -4.2814956 3.1006045e-31 -2.9925003 -2.5424428 -7.4028893 -2.239594e-31 -2.6388266 -0.47254446 -4.1623263 -3.2292807 -2.1472707 -4.7244124 -0.9170191 -7.8939247 -3.876338 -2.3641686 -4.4750214 -2.8459868 
-1.3397585 1.4696419 -1.118262 -2.8356556e-31 -0.06461205 1.212764 0.6757479 5.1030265e-31 -0.6368939 0.15089504 1.0890247 0.35407582 1.3868189 -1.0828484 -0.4316403 0.4295857 0.5646785 -0.6699893 -1.5991427 1.135328 
-0.031803742 0.092298344 -0.5309564 -3.101279e-31 0.06934759 0.013945847 -0.16079083 -1.4240582e-31 -0.070157506 0.49311072 -0.036040727 0.096550785 0.08983116 0.035033356 0.20060468 -0.36643037 -0.2448903 1.2475967 -0.7537511 0.08372375 
-4.4890366 1.1450244 -4.1733375 3.044915e-31 -2.0066614 -0.31294453 -4.349411 3.8170822e-31 -2.4831614 -0.35763216 -1.6808925 -0.795998 0.37028113 -4.6365504 -0.48727942 -6.001393 -1.9998327 -1.6361578 -4.245291 0.9929992 
-0.86674565 0.8066201 -1.0918688 -2.8166368e-31 -0.78543615 -0.58950406 -0.55317533 2.4584844e-31 -0.9939313 -4.8317914 1.0309786 0.5058642 -0.40637192 -1.0374726 -4.0389166 -0.7856527 0.39561498 4.3084416 1.6447963 0.044931903 
-1.3180543 1.5284119 -1.0260428 2.204334e-31 0.018615838 0.88566333 0.8067805 -2.5062696e-31 -0.5156045 0.13338207 1.1866322 0.4220517 1.1926637 -1.3424599 -0.42565608 0.32775855 0.34886923 -0.55791736 -1.8654377 1.2269325 
-1.2882456 1.2080802 -0.9996846 3.012003e-31 -0.34690088 0.98511374 0.6828437 -2.0869785e-31 -0.5317525 0.07293411 1.2352167 0.5073104 1.3282367 -0.9335898 -0.42041484 0.4503043 0.29204056 -0.7510172 -1.976148 1.0480679 
-0.3153782 0.057998784 -0.18760176 -3.1612995e-31 0.03507879 -0.37460175 -0.30432817 3.1369219e-31 -0.012273379 0.7451328 0.10618665 0.14734255 0.008791776 0.07687779 1.2659421 -0.45168436 -0.19684619 1.3833737 -0.5928477 0.102144904 
-0.42723268 0.08727717 0.09652523 -2.7876816e-31 -0.047157735 -0.019820292 -0.3742452 -9.882084e-32 -0.020923141 0.62047404 -0.024458094 -0.21238324 -0.25211415 -0.046154283 0.87465733 -0.24617435 0.14365807 1.1487286 -0.38331288 -0.07905015 
4.3375564 -0.8717507 
0.29556873 0.7880299 
3.8743134 -0.6852978 
3.2080214e-31 3.1748878e-31 
1.5107362 0.9831916 
0.7067281 1.0279549 
1.892256 1.8239583 
-1.5249667e-31 3.1828534e-31 
2.4215093 0.30473408 
-6.720701 -2.3743546 
0.26372412 2.4422958 
0.45231363 1.5610904 
0.68044597 1.0513937 
3.9937418 -0.6608582 
-7.6814623 -1.3316989 
2.9200246 1.1639304 
0.4736456 1.6209869 
3.6142344 -0.9427472 
1.6416827 -1.2682372 
0.36361334 0.7211898 
227.65118 288.0173 -146.61636 17.63637 -120.996635 -118.229576 373.02325 -102.23694 -2.2468715 226.73242 -98.16742 223.5873 107.581314 129.8612 172.302 -125.51214 141.36726 133.90518 -6.5311565 1.3056327 
1054.4078 -248.77496 1124.7073 -3.9512899e-28 810.9491 726.64923 772.1943 -3.3603216e-28 1011.32666 1521.8875 -380.1983 28.293144 512.9274 1078.399 735.01605 989.0821 117.468346 2787.4048 1480.5616 259.5013 
5892.155 6483.179 
