1 20 20 2 
-2.98915e-31 -0.173751 -3.08406e-31 0.0572436 0.186085 0.257708 -0.0765191 0.14086 -1.86054e-31 0.183269 -0.216521 -2.85191e-31 -0.238816 -1.12757e-31 0.164382 0.118377 -2.59302e-31 0.10929 0.100933 0.114353 
2.91452e-31 -3.11124e-31 3.1052e-31 4.42102e-31 -2.2739e-31 -2.87854e-31 -5.44602e-31 -4.16842e-33 -2.42564e-31 2.17626e-31 5.71272e-31 -4.40936e-31 -1.27629e-31 3.95098e-32 -1.74589e-31 4.18449e-31 1.88282e-31 -3.68317e-31 2.21577e-31 -1.74343e-31 
-0.262417 0.00210065 -1.30758 -3.79271e-31 -2.33999 -1.16252 -1.92664 -1.4863 -0.189763 0.0015513 -0.751077 -0.476755 -2.05793 -0.272017 -1.42736 -1.69299 -2.92227 -0.974163 -0.115429 -0.915599 
-1.36334e-31 -2.1008e-32 -5.87545e-31 4.23039e-31 1.04204e-31 5.35776e-31 3.05367e-31 -2.11294e-31 -2.88491e-31 1.43991e-31 1.74606e-31 4.23422e-31 1.14135e-31 -2.22909e-31 -2.47202e-31 -7.82966e-32 -3.68503e-31 5.76896e-31 2.94849e-31 -1.79803e-31 
-3.47965e-31 0.511138 -0.000377736 -3.11324e-31 -5.43541e-20 -8.94067e-06 -0.00349606 -0.0799139 -3.3315e-31 -3.26763e-19 -1.24699e-05 -4.32375e-20 -0.00033486 -1.3812e-20 -0.0012742 0.000932142 -0.000356258 -1.91281e-05 -3.94321e-09 -1.91385e-05 
-2.44263 0.0477762 -0.00880627 -3.43292e-31 0.0387973 0.0219196 -0.0130422 -0.0744734 -0.0340428 -0.0859434 0.0368944 0.0147062 -0.0130679 0.00453462 0.0684938 0.47973 -0.00214785 0.0580211 0.00346938 -0.317893 
-1.2149 0.0123658 -0.00400165 -3.52353e-31 0.0192769 0.251954 -0.0233761 0.4463 -0.0316122 -0.0828593 -0.0647601 0.000629164 0.0628298 0.00109191 0.00028591 -0.0598916 -0.0701162 -0.0706289 0.00569932 0.350862 
-0.062861 -10.4105 -0.639525 -3.28988e-31 -0.125899 0.547756 -0.291702 0.406108 -0.228445 -0.800771 0.250417 -0.819016 -0.215349 -1.25721 -0.440226 0.310181 1.07286 0.19619 -0.824573 0.403099 
-0.35549 0.23734 -0.257786 -3.41636e-31 0.0322726 0.169156 0.0926955 -0.218803 -2.67661 -0.0778835 0.271703 0.00620544 -0.0270792 -0.0362727 0.208151 -0.171083 -0.474486 0.39969 0.0367887 0.153188 
-1.845e-31 -2.47574e-31 2.96392e-32 -3.22731e-31 -2.87636e-31 -3.10365e-31 2.64083e-32 -8.49076e-32 -4.47093e-31 4.38378e-31 -4.89734e-31 -1.39477e-31 -5.73608e-31 3.68206e-31 3.99658e-31 1.88931e-31 3.3489e-31 2.39716e-31 5.2664e-31 -1.24505e-31 
-4.23847 0.044497 0.00808853 -3.50628e-31 -0.0157527 -0.196132 0.0471167 -0.0890103 -0.055771 0.367637 -0.0038167 -0.0287395 -0.00994041 -0.0439077 0.00512818 -0.0284869 0.355338 0.0090812 0.00214163 0.0137307 
-2.89394 -0.0118552 -0.589147 -3.58358e-31 -0.389439 -1.12839 -0.20885 -0.133987 -0.107185 -0.448248 -0.395334 -0.749911 -0.0922615 0.238038 -0.436713 -0.0925964 -2.63546 -1.0461 -0.00850554 -0.858943 
-1.2238e-31 2.71913e-31 1.89729e-31 2.01418e-31 3.45596e-31 -3.20813e-32 -5.34636e-31 5.17518e-31 2.03778e-31 -2.61984e-31 -3.07825e-31 8.3165e-32 2.23595e-31 -3.66862e-31 1.96525e-32 -1.84563e-34 -2.13174e-31 9.3878e-32 4.73977e-32 -2.26906e-31 
-3.66555 -0.02144 0.0446206 -3.63421e-31 0.842202 -0.428637 -0.0755946 -0.177063 0.0333063 0.239223 -0.171401 1.42417 -0.0831156 0.194821 -0.0266189 -0.189967 -1.13922 -0.337137 -0.00992814 -0.346042 
-1.37857e-31 -1.94562e-31 -4.54575e-31 -2.54994e-31 6.59157e-32 -2.52552e-32 -1.04161e-31 -3.8535e-31 2.77965e-31 3.0047e-31 -2.47041e-31 -2.70032e-31 1.88856e-32 -5.43179e-31 -1.75338e-31 1.14843e-31 -2.0609e-31 -5.23213e-31 4.81094e-31 -5.19885e-31 
-0.378108 0.0528849 0.210718 -3.52302e-31 -0.00146192 0.220934 0.127316 -0.202055 -2.49533 -0.0811118 0.451755 -0.0219936 -0.0903557 -0.0677022 -0.0261275 -0.0812763 -0.431342 0.566978 0.0619924 0.220665 
-0.182679 0.340666 0.207558 -3.31544e-31 0.0343024 -0.127296 -0.295387 -0.2753 -3.20522 -0.0621691 0.143805 -0.00855093 0.0171758 -0.0654751 -0.129336 -0.126791 0.684002 -0.181556 0.0525237 -0.10821 
-4.90597e-31 -5.56596e-31 4.82592e-31 -2.8311e-31 5.65373e-32 -7.83257e-32 -5.74593e-31 2.2984e-31 -1.00192e-31 4.88781e-31 -5.22733e-31 -9.35361e-32 4.76542e-31 -2.70179e-32 -2.03531e-31 3.66603e-31 -1.82527e-31 -5.31242e-31 -1.22413e-31 2.36508e-32 
-0.000589744 2.4285 -1.44025 2.82416e-31 -1.74197 -0.072432 -0.647232 -0.552439 -1.95347 -1.62444 0.358603 -1.76881 -0.969577 -1.36188 -1.37066 -0.784448 0.537224 0.115319 -9.70455 0.623877 
-0.060205 1.67717 -0.964957 -4.24286e-31 -1.81398 0.383616 -0.709746 -0.374645 -1.68543 -1.58864 0.759494 -1.97188 -0.777393 -1.50483 -1.17805 -0.58416 0.5682 0.674658 -8.67215 0.491597 
-0.024613 1.73038 -1.17314 -3.37541e-31 -2.22231 0.132581 -0.60691 -0.394615 -2.1561 -1.89012 0.814493 -2.32158 -0.8446 -1.92782 -1.19641 -0.590624 0.606247 0.440846 -8.87257 0.817749 
-4.82981 -1.60514 
0.259137 -1.56748 
0.177209 -0.33059 
3.59745e-31 3.54517e-31 
0.477074 0.325395 
0.0140173 -0.534732 
0.218894 -0.466673 
0.15206 -0.446506 
-2.68795 -2.35016 
0.547237 0.0998408 
0.0109373 -0.411291 
0.439984 0.455599 
0.4111 -0.163804 
0.537073 0.53999 
0.174289 -0.260336 
0.15934 -0.383582 
0.0136246 -1.23064 
0.0101013 -0.454895 
8.46834 0.0344651 
0.0133565 -0.406824 
-5.8884e-31 2.06341 -5.8884e-31 -3.28721 -2.01598 -2.63549 3.03798 -3.76805 -5.8884e-31 -2.01936 2.19729 -5.8884e-31 2.43764 -4.71129e-31 -4.93301 -3.62565 -5.8884e-31 -4.44446 -4.11414 -4.55085 
1.20538 -0.010975 1.85468 -7.65076e-31 0.627672 -0.593569 1.12928 -0.708956 2.83379 0.363554 0.232991 1.38837 0.87138 1.43667 1.39564 -0.387573 -0.821951 0.12159 -0.0214102 -0.417078 
11.9097 5.221 
