1 40 1 
1.517072 -0.26204035 -0.22031493 3.8241565 -1.4692715 1.2547779 4.2932515 1.2504911 1.2527499 1.213708 1.247043 1.1914521 1.5171336 -0.18781203 -0.1132842 2.9290502 1.2536466 1.5173236 1.2312477 1.083107 -0.24564585 1.2502435 1.2612404 -1.0063093 2.98388 1.2438813 1.2464865 1.2040259 1.2483562 1.240498 -0.65405357 3.5874362 3.7901096 1.5300057 1.2354256 1.5338792 -0.054848608 2.8548355 1.2571466 4.2340155 
56.193737 
33.330288 
-0.02214198 
8.509902 
0.001969989 
56.304573 
8.11909 
51.55723 
52.692448 
32.38965 
48.9469 
26.483767 
56.25807 
36.65052 
-0.004909625 
9.565801 
54.033226 
56.287064 
43.528 
11.856714 
36.39638 
51.008064 
56.130085 
0.01494145 
9.2921095 
48.595825 
49.24528 
29.812332 
60.790947 
66.22951 
-0.012872496 
9.107557 
8.540618 
48.570686 
43.554413 
47.539665 
0.019672483 
9.359164 
57.255447 
8.012249 
-90.70314 40.500534 -0.047305208 -67.55454 -0.050729584 -92.45178 -66.133484 -92.15305 -92.32226 -89.436035 -91.904915 -87.82846 -90.708305 40.6707 -0.050971903 -69.67717 -92.37005 -90.716675 -90.73902 -79.95281 40.585938 -92.11202 -92.912094 -0.044938877 -69.59117 -91.6668 -91.8613 -88.7522 -91.99931 -91.41483 -0.04572099 -67.556915 -67.965195 -91.46113 -91.04696 -91.693855 -0.18151046 -69.94632 -92.59646 -66.207375 
-83.3601 
