1 20 20 2 
0.66660804 0.45708224 -0.6319612 0.04902092 0.12987484 -0.9059749 -1.2719527 -1.1023318 0.95353866 -1.0006077 -0.8684733 -1.3367865 -1.9704762 0.32117325 0.30523047 0.5361511 -2.419066 0.21072724 0.9305837 -1.965247 
0.3118586 -0.02558715 0.020251976 -0.22451843 -0.03148555 -0.3965325 0.14181904 -0.21272543 0.47582108 0.08191271 0.3257752 0.1397793 -0.06884771 -0.11495348 -0.15256064 -0.13434894 0.19463718 -0.18778619 0.2708062 0.32514575 
-0.25095078 0.069629565 -0.13963689 -0.009098122 0.06558993 0.52904594 0.024442472 -0.15034954 -0.0939679 -0.13604268 0.025507187 0.15355031 -0.060532514 -0.1315115 0.06154864 0.0824267 0.22832866 0.09528455 0.30828446 -0.066347666 
-3.5825238e-31 -0.00032438032 -0.016525099 -3.4754445e-31 -6.4406886e-06 -0.033424 0.24980491 -0.013779621 0.00068378844 1.418811 -0.06675382 -0.0065901745 -9.6368e-09 3.3408941e-31 3.508212e-31 -8.570084e-14 -0.0015808129 -0.014511347 -0.13559385 -0.2336794 
0.18136838 0.40360087 -0.1424965 0.1133114 0.40456074 -0.10226763 0.37698793 -0.20548816 -0.2967808 -0.24547336 -0.15480648 0.09010767 -0.10477585 -0.054867513 0.11404923 -0.26067758 0.01715275 0.1723107 -0.22205387 0.06145781 
-0.19733529 0.018329328 0.24901314 -0.22297747 0.12692481 0.27439424 0.24960355 -0.30107325 0.0038691487 -0.22523087 -0.057850618 0.13509214 -0.15583089 -0.20738608 0.004043461 0.3832473 -0.22676165 0.34430742 -0.047277633 -0.1587659 
-0.024893878 -0.006823434 0.042398475 -3.5147923e-31 -0.00016632718 -0.05653235 -0.20079488 0.31434634 0.016066276 1.7983923 0.16587637 -0.014793058 -1.0091984e-05 3.4286283e-31 -3.456449e-31 -1.6299746e-08 -0.008304494 -0.02407858 -0.2169925 0.28737965 
-0.025803942 -0.0071317027 0.07194079 -3.3519826e-31 -0.00091214234 -0.05058746 -0.101225555 -0.021995407 -0.005370694 1.4175096 -0.08457683 -0.020971011 -1.4058506e-05 -3.524458e-31 -3.4968408e-31 -2.1420573e-07 -0.008680787 -0.016275331 -0.038412835 -0.17966114 
-0.027486848 -0.007973915 0.08283387 -3.5300636e-31 -0.0006963787 -0.047857206 -0.14675803 0.14790618 -0.009379143 1.4875693 -0.28691423 -9.0988937e-07 -7.393026e-05 -3.527785e-31 -3.417654e-31 -6.874739e-07 -6.596892e-12 -0.017145677 -0.0058953715 0.013164773 
0.2132592 0.19807982 -0.1869088 0.10918644 -0.022134602 -0.24977317 0.3534233 0.26038092 -0.12545452 -0.07403723 -0.09151658 -0.17621142 -0.048289675 0.01659314 -0.08703601 -0.018365579 -0.22812621 0.08533427 -0.18919955 0.42695263 
-0.025396848 -0.0005470796 0.018189356 3.6360351e-31 -3.486118e-31 -0.05983676 -0.096929565 0.123184495 -0.0040730992 1.7881308 -0.35217765 -0.003400736 -2.4950772e-05 -3.482898e-31 -3.544525e-31 -3.4551928e-31 -0.012190081 -0.0018315909 0.09586871 -0.16495681 
-0.024846358 -0.0033687542 0.023233173 3.5213936e-31 -0.000358558 -0.022613736 0.037688337 -0.056742653 0.00028687262 1.7588283 -0.11486309 -0.024947593 -3.967605e-06 3.47714e-31 -3.694433e-31 -1.6056676e-08 -0.0072467807 -0.036944687 -0.06473892 -0.21055971 
-0.026272828 -0.005132148 -0.032629237 -3.5042679e-31 -0.0007587522 -0.06961473 0.13075915 -0.16144247 -0.004762368 1.5291644 -0.10641923 -0.029715147 -3.776511e-05 -3.564932e-31 -3.321759e-31 -1.3062531e-07 -0.015621591 -0.04147559 -0.01272736 -0.19084974 
-0.027258512 -0.00086650933 -0.21087705 -3.583661e-31 -3.558408e-31 -0.067115895 -0.016812045 -0.20499945 -0.0035184287 1.684829 0.029006545 -0.0046593314 -0.00018740042 -3.5106028e-31 3.4074297e-31 -3.4072632e-31 -5.1193727e-10 -0.004941292 -0.07865937 0.21793625 
-0.21940435 -0.10407784 -0.24514799 0.050327778 -0.03781638 0.099263154 0.18933804 0.16554025 -0.26358205 0.124249496 0.011451257 0.22328773 -0.088211 -0.1723661 -0.040862508 0.15572742 0.029839564 0.14803007 -0.22144629 0.17696697 
-0.039830577 -0.074112244 -0.37052873 -0.2774704 0.13026743 0.02616455 0.052151788 -0.12692381 -0.04262184 -0.13422287 -0.10478921 0.15465762 -0.15820569 -0.14708747 -0.0058032786 0.26047194 0.11739558 0.14262128 -0.22182201 -0.3500039 
-0.09127576 -0.14372031 0.04794547 0.16762942 0.07150556 -0.3329184 -0.10719441 0.0015626723 -0.04604341 -0.07637995 0.11636678 0.05364515 -0.09756186 0.00564244 -0.05793323 0.09240465 -0.24710411 -0.082010426 -0.30854884 0.1308299 
-3.494117e-31 -0.018183554 -0.03668794 -3.6040243e-31 -0.0018999026 -0.056981962 -0.10111448 -0.19375803 -0.007074777 1.4502051 -0.10218828 -0.03996811 -0.0004112659 -3.5035567e-31 -3.552172e-31 -1.1179794e-05 -3.0613168e-09 -0.038138483 0.108148955 -0.06348607 
0.059442732 -0.00345957 -0.14380583 0.21017233 0.22673403 0.16512196 -0.15274604 0.025774704 -0.19276229 -0.052389115 -0.010164104 -0.14976668 -0.070480846 -0.1388505 -0.09310157 0.119739115 -0.059866756 -0.089856856 -0.56721246 0.003228264 
-0.06931331 0.19166672 0.15269797 0.18347634 -0.04892608 -0.28635973 -0.37957364 0.14751497 0.12484121 -0.035150897 -0.112521686 0.0039606886 0.059772678 0.40364635 -0.016434122 -0.04362222 0.24152806 0.10673096 0.07703625 -0.08389417 
-3.5232653e-31 -0.001230476 -0.060861044 -3.4687545e-31 -3.5070695e-31 -0.022197276 -0.062667 -0.16584621 -0.01607474 1.6716765 0.022085328 -0.0058457204 -0.00037834994 -3.3629332e-31 -3.4305218e-31 -3.4254528e-31 -0.020044299 -0.020386754 -0.00617392 -0.18830223 
0.37540346 0.006479367 
0.16152678 -0.0014941886 
0.010787153 -0.02100855 
0.40608138 -0.027791962 
0.56204605 0.034150053 
0.43761414 0.18761067 
0.3095763 -0.01733061 
0.14850758 0.016480384 
0.39600202 0.01676109 
-0.00020939467 -0.6267206 
0.24729297 0.09027585 
0.4305402 -0.01907395 
0.088872574 0.11505409 
0.30382675 0.03523665 
0.2892138 -0.1561467 
0.25709784 0.03192646 
0.19372074 0.011256761 
0.16067249 0.02724507 
0.04460306 -0.034197338 
0.04213046 0.006243036 
-0.56214714 -0.48836705 0.18890785 -0.94418466 -0.2845924 0.3396958 0.38517824 0.46327305 -0.8289122 0.39887428 0.36723435 0.36522728 0.44489753 -0.032494064 0.052732367 0.08258481 0.4650829 0.22946 -0.6469024 0.55835336 
-0.6013461 -1.0030568 -0.05810341 -1.3303007 -0.8396906 0.09443496 -0.32142043 -0.25413558 -0.90707123 0.040512305 -0.03736938 -1.1542064 -0.015560725 -0.65580624 -0.060008805 -1.1051872 -0.3952938 -0.2860754 -0.0371987 -0.1501064 
0.002434104 0.5600513 
