1 20 20 2 
1.6796474 2.199415 3.075801 2.895395e-31 3.7739148 -3.6816099 4.1414824 3.4342782 -7.7042894 4.0195694 4.3300776 -3.565636 3.4599466 2.5641057 -3.2434587 3.0868835 3.987945 5.698386 3.9797885 -3.8004417 
-1.1538906 -1.5797532 1.1477379 0.1140151 -0.16846956 0.1254143 -0.5129931 -0.08862002 -0.15765281 0.017924948 0.2024419 0.040311716 0.07777594 -2.9497094e-31 -0.08964166 -0.05999623 -6.859278e-06 0.04612464 -2.8581912e-31 -2.7027121e-31 
-1.2114877 -0.27816495 1.790597 -0.112494566 -0.076439425 0.09803048 -0.22685379 -0.85271287 0.30902573 -0.02470497 0.13663866 -0.07014977 -0.20881915 -3.0956782e-31 0.08633144 -0.01787363 0.16399767 0.05665746 -3.0339305e-31 -3.075919e-31 
-1.7146086 -0.89218605 1.968064 -0.14136176 -0.06875903 0.3174686 -0.20474635 -0.8449321 -0.1298538 0.008560262 -0.02786462 0.06975121 0.087128446 -3.0355465e-31 0.039770734 0.09301376 0.13209157 0.06443932 -2.9307286e-31 3.5457633e-31 
-3.0786077e-31 -3.0458204e-31 2.853461e-31 -2.995396e-31 -3.195243e-31 2.931108e-31 -3.1260535e-31 -2.8573108e-31 -3.0352545e-31 -3.2844986e-31 3.2349327e-31 3.2398463e-31 3.1564048e-31 -3.0156997e-31 -3.0151258e-31 -3.0948733e-31 -3.1056297e-31 3.0637829e-31 -3.0358425e-31 -2.8578637e-31 
-0.9922301 0.09178266 2.4944842 -0.01806707 0.10119678 -0.042762313 0.31629115 -0.6665534 0.009359041 -0.7529114 0.0049034804 -0.2201155 -0.10283015 -2.9691045e-31 -0.22967741 0.13932632 -0.019779216 -0.0488296 -3.0088612e-31 -3.2024143e-31 
0.47431225 0.027082419 -3.9080944 0.45363376 1.2399698 0.106301844 0.14789811 0.015560816 -0.09390496 -3.6468656 0.055804715 0.16875535 -0.12772103 -2.8755723e-31 -0.06038363 -0.39558965 -0.23252328 0.07570169 1.9462913e-31 -2.8356772e-31 
-0.00032591747 5.7141914 14.720671 -4.209 4.624191 -3.8867745 -0.5518337 11.081235 -2.819878 8.438678 -3.8772469 -3.2410161 -4.012706 -2.8752502e-31 -3.4302413 -1.4839402 -3.2879677 -3.927185 -3.0165106e-31 -6.457882e-32 
-1.4801357 0.09998126 2.534294 0.00761953 -0.023689406 0.04291458 0.13775828 -1.3564061 -0.1475515 -0.087389216 -0.06828983 0.0932578 0.09225768 -3.1389115e-31 0.1658514 0.8278981 0.12440584 -0.0051523834 -3.0467436e-31 -2.6613797e-32 
2.3036144 -2.6780603 -15.976943 -1.0995268 -10.5265665 -1.2300019 3.0686388 -3.9815166 -0.9580517 -2.9668748 -1.1124734 -1.0023063 -1.0872614 -3.020483e-31 -0.636339 1.8356385 -1.0161568 -0.87837917 9.8430413e-32 -3.0393399e-31 
-1.2601615 0.1689891 3.1104288 -0.30207697 0.12153038 -0.15610613 0.3921036 0.115546815 -0.027358526 -1.705632 -0.07156642 -0.18489012 -0.36626676 -3.0643899e-31 -0.15471902 0.17500341 -0.08538694 -0.31983984 3.1797616e-31 -2.3626162e-31 
-0.21906978 -1.3799858 2.6624002 1.0079143 -3.4151454 0.8828367 -1.1928048 0.40604898 0.94816774 0.5168303 0.8673773 0.8751563 0.73527664 -3.0422565e-31 1.0624748 -1.7826625 0.8153523 1.0411685 -3.0186234e-31 -1.327233e-31 
1.7642418 0.052831504 -7.154122 1.2747495 -1.3134423 0.7036569 0.5698777 0.08659035 0.64899147 -3.0703373 0.35132387 0.62736934 0.29072195 -2.970808e-31 0.6639943 -0.91615707 0.81254387 0.9442966 2.8764624e-31 -2.4352604e-31 
-0.072169445 -2.2708504 3.0900133 0.045478284 -0.33414137 0.45547304 0.23808818 -0.97559005 0.09371001 0.09234365 0.20436181 0.18165736 0.12750164 -3.0051238e-31 0.060066123 -0.2658059 0.33706203 -0.02523878 -2.9457124e-31 2.590395e-31 
-1.6011406 -0.3874156 1.8084148 0.22394575 -0.14551462 0.31658116 -0.19997461 -0.8247353 0.058904625 0.018502757 0.31666547 -0.1765591 -0.09292028 -3.1951794e-31 -0.17782009 -0.043881554 0.067905694 -0.12314632 -3.048975e-31 -2.8560918e-31 
1.502378 0.060485926 -7.2848735 0.74007636 -0.7832928 0.59056145 0.4594357 0.035527274 0.29228315 -3.1457179 0.32119706 0.55124575 0.22035588 -3.0723656e-31 0.5691645 -0.9571103 0.52321327 0.8307656 5.3701054e-31 3.2798799e-31 
-1.4706534 0.077552356 2.1397681 0.02033453 0.060447324 -0.24187864 0.29599962 0.012692904 0.11422789 -1.0970078 0.10411974 0.10186996 -0.29808494 -3.0767989e-31 -0.292348 0.056299414 -0.2137237 -0.31061587 -3.0829328e-31 -3.1352856e-31 
-0.28195804 -1.237478 2.73851 0.7555604 -3.647133 0.9792453 -1.2250223 0.7793184 0.7033772 0.3007811 0.8541579 0.9493808 0.8715324 3.0105755e-31 1.1874005 -1.9057198 0.7612618 1.030635 -2.9403644e-31 -5.045424e-31 
3.930932 -1.0430859 4.029409 -0.4540019 -0.16150405 -0.5034348 -0.98290795 -0.7703043 -0.7044436 -1.3085966 -0.7363381 -0.37722886 -0.55219626 3.1317271e-31 -0.4499128 0.55829126 -0.49071 -0.24685949 -2.9197335e-31 2.5927409e-31 
-1.0499561 0.16365539 2.4250495 -0.23894688 0.09816321 -0.34429973 0.2617178 -0.6012586 0.14553529 -0.6916204 0.09786213 -0.22242194 0.1378444 3.2737332e-31 -0.10266698 0.0837225 -0.089066096 -0.08728787 -3.1247127e-31 -3.0561052e-31 
1.6443135 0.06259329 -7.569648 0.9942203 -1.5505646 0.73456883 0.5410232 0.13146104 0.5821346 -4.0281672 0.48029396 0.7004436 0.5786437 -2.949521e-31 0.9200627 -0.7344633 0.66432756 1.2631923 -3.3596658e-31 -2.8656657e-31 
0.9266486 -5.3860183 
2.3924513 0.28373045 
5.069771 -0.7778758 
0.0053100237 1.6328218 
5.3018036 5.00933 
-0.053548258 1.3484678 
-2.2051344 -6.2192125 
8.803414 -1.1186838 
-0.07915791 0.7605019 
10.187332 -2.6496043 
-0.11264569 1.2284023 
-0.00066767173 1.0431913 
-0.30805716 1.2396468 
-2.978427e-31 -3.0884642e-31 
-0.016760143 1.1743957 
0.34727415 -4.5718675 
-0.019238181 1.0971582 
-0.002811306 1.4429377 
2.1834239e-31 -3.0882432e-31 
2.8647453e-31 3.5378943e-31 
-15.1236 -21.133917 -35.37442 -2.8294836e-28 -4.3747845 143.2707 -187.82462 9.1820345 298.95462 -2.569903 -138.2963 125.47051 -79.23899 -26.685583 115.491066 5.1508574 -134.19067 -30.676947 4.6638913 136.92372 
-180.08458 719.7249 2990.7156 191.96358 303.9519 145.73074 117.0602 879.0337 145.40976 1045.8739 123.78485 158.4812 230.14359 -3.0509171e-28 202.83653 -194.17796 129.97325 181.9231 -2.949404e-28 -3.1903193e-28 
1858.8756 6198.681 
