1 40 1 
-0.281974 -0.0970246 0.108519 -0.247596 0.208396 -0.0646135 -0.0545942 0.74426 -1.26266 0.176558 0.000797426 -0.069664 0.408226 -0.541783 0.630814 -1.31222 -0.116578 0.140637 -0.0443817 -0.38207 -0.0967397 -0.215336 0.716805 0.699023 -1.60509 0.107712 0.787792 -0.57276 0.685598 -0.0322117 -0.944863 -0.117447 -0.301923 -1.28161 0.287185 -0.400538 -0.673727 -1.2428 0.506764 -0.0579491 
-0.0875407 
15.6337 
12.8145 
1.39931 
1.14689 
-9.66541 
-6.94896 
0.579965 
0.315854 
1.87432 
-2.70622 
-12.4657 
-0.498192 
0.0230799 
0.630953 
0.294724 
15.422 
4.30039 
7.35576 
-5.37621 
15.4347 
-0.0877159 
0.655084 
0.539241 
0.321377 
16.7986 
0.56474 
-0.100673 
0.742303 
-4.34066 
-0.0784827 
-0.0352215 
-4.04689 
0.316037 
-0.608234 
-0.0887526 
0.0773219 
0.266389 
0.737574 
-7.6419 
-0.000802969 8.06581 -9.30909 1.46123 -8.36659 8.53508 8.34485 -7.5222 0.635797 -9.28105 8.06493 8.28671 7.42154 -0.000266658 -7.60388 0.598077 7.99412 -8.99541 5.28962 3.92178 8.03897 -0.000818487 -7.4726 -7.69975 0.641998 -9.23991 -7.48969 -0.00104254 -7.44523 8.19475 -0.000753774 -0.00697923 3.2528 0.636153 7.51111 -0.000909868 -0.000828722 0.542063 -7.61195 8.34045 
-7.2251 
