1 40 1 
0.13242628 0.44953585 -1.2374566 -0.7114601 0.22197524 -1.6985725 -1.4325162 -0.8411878 0.4285803 -0.44987208 1.1398743 -0.6756099 -0.58607113 0.070977636 0.91943425 0.41510284 -0.056607157 -0.43742064 1.3247948 -1.8192011 -0.39143163 0.07174865 0.26042995 0.47471106 0.53323084 -0.44344744 -0.048796695 -0.7565453 -0.31362838 0.8808814 -0.16884695 -0.7607687 -1.1441807 1.6043056 0.058800645 -0.69616526 -0.3598124 -0.55563825 0.5299621 -0.6239152 
0.85169286 
0.26613152 
0.05432447 
-0.31209752 
0.4394466 
-0.3550146 
-0.2932729 
-0.27575707 
-0.3022994 
0.0058929306 
0.13727686 
0.0019455189 
0.18563856 
5.020581 
0.4086451 
-0.28893527 
4.3947606 
-0.37999412 
0.22788009 
-0.3448256 
0.010627179 
5.8409176 
-0.3803217 
0.27432185 
-0.36006534 
-0.2522446 
4.2422857 
0.0152073875 
0.0029016358 
0.17990607 
-2.4252064 
-0.3545118 
-0.2522698 
-0.17287286 
-1.2076309 
0.033021536 
-2.5537755 
-0.17218828 
0.3520908 
-0.25124815 
-5.303242 -4.9085374 -0.007154027 0.25409946 -5.3040767 0.24731863 0.25960904 0.39869544 4.864155 -0.0042622597 -4.767166 -0.0005003192 -0.0003857115 -5.8367352 -4.507618 4.9385085 3.2356782 0.24518459 -4.5907006 0.24847618 -0.010193176 -5.902783 5.2749662 -4.821847 4.719377 0.29436752 3.1376262 -0.004276097 -0.00021215355 -4.703588 1.6630471 0.24737431 0.29430005 4.608939 5.635773 -0.003124009 1.6002729 0.3585946 -4.6383147 0.29734018 
-4.4243827 
