1 20 20 2 
-3.48402e-31 -3.69316e-31 0.653783 0.0446047 0.0435916 0.748895 0.0394355 -3.46997e-31 0.0267723 0.0651447 -2.31371e-31 -2.64979e-31 -3.18127e-31 0.0442299 0.0511664 0.0553142 -3.16102e-31 -0.0482499 -3.16981e-31 0.0480481 
3.60782e-31 -3.54039e-31 3.44178e-31 -3.54703e-31 -5.17601e-31 3.56888e-31 3.44098e-31 4.37031e-31 -3.35718e-32 1.42415e-31 -3.52596e-31 3.56929e-31 3.41395e-31 3.43359e-31 -3.50476e-31 -3.46493e-31 3.5767e-31 3.51738e-31 3.50664e-31 3.49136e-31 
3.55361e-31 3.58406e-31 3.49422e-31 3.62402e-31 3.43354e-31 3.5494e-31 -3.50666e-31 -3.53414e-31 3.64582e-31 -3.48843e-31 3.50668e-31 3.54239e-31 3.49179e-31 3.46814e-31 3.59332e-31 3.49446e-31 -3.65529e-31 3.47365e-31 3.57559e-31 -3.48719e-31 
-0.117216 -0.011866 -0.181665 -0.457131 0.030882 0.00434544 0.00365753 -0.109766 -0.0368548 -3.51737e-31 -0.131243 -0.0622736 -0.135292 -0.115422 0.0248028 -0.0106426 0.000615464 0.0357077 0.767943 -0.00344302 
0.96771 -0.046093 0.384269 -0.0594577 0.0266136 0.027186 0.0176676 -1.0507 0.000683465 -3.49454e-31 -0.220165 -0.061904 0.0652948 0.1458 -0.00034325 -0.0345173 0.00931981 -0.0320262 0.141419 -0.00446542 
0.348262 -0.0347958 0.299747 -0.000607302 -0.0951523 0.126254 0.0688438 -3.60758e-31 0.121429 -3.5195e-31 -0.204973 0.00307241 0.181132 -0.223392 -1.85622 0.00282635 -0.0282185 0.131589 -0.139186 -0.0460285 
-0.26982 -0.0035671 -0.503314 0.375918 0.00778115 0.000761204 -0.00371346 -0.00966334 -0.0125191 -3.55101e-31 0.160926 0.0781167 -0.358555 0.0427281 0.0121359 -0.0201693 -0.000772113 0.0147413 0.0162355 -0.000992905 
0.121032 0.0129318 0.246088 0.0155719 -0.100518 0.263535 0.0638862 -3.50294e-31 0.210674 -3.49169e-31 -0.094838 0.487484 0.0706321 -0.456571 -3.31428 0.0431097 -0.0216448 0.0907037 -0.325021 -0.0660088 
-3.47174e-31 -3.36172e-31 -4.43588e-31 4.79276e-31 -2.32368e-31 -3.42365e-31 2.81597e-31 -1.64967e-31 -8.21444e-32 -2.37471e-31 -3.47984e-31 -3.35104e-31 2.07874e-31 3.26863e-31 3.49142e-31 -3.31104e-31 2.83902e-31 6.7858e-32 -4.28116e-32 -3.29412e-31 
0.178074 -0.0731111 0.11195 -0.0897254 0.00942078 0.0430082 -0.00385663 -0.666231 0.0117568 -3.49343e-31 -0.207872 -0.124078 0.658861 0.128654 0.129169 -0.00463438 0.0186502 -0.0196582 0.158066 -0.0236382 
-0.587719 1.82291 -0.287677 -0.460508 -1.39341 -0.152549 -3.04058 3.497e-31 2.04893 -3.28712e-31 -0.701949 -0.529058 -0.501347 -0.84559 -0.783658 -1.12254 -7.19743 -0.818435 -2.06138 -7.23249 
-5.2695e-32 -2.77088e-31 -8.37263e-32 -1.37214e-31 9.15757e-32 5.36814e-31 1.45796e-31 -2.77295e-31 3.40865e-31 -3.1034e-31 1.17783e-32 2.17601e-31 -4.76347e-31 6.14861e-32 -5.11128e-31 5.71231e-31 2.04592e-31 -1.85077e-31 -3.75188e-31 -3.61762e-31 
-1.9673e-31 -7.57924e-32 1.21348e-31 -3.84265e-31 5.48862e-31 1.98788e-31 4.05841e-31 2.66319e-31 -3.14963e-31 4.28014e-31 2.87839e-31 3.09108e-31 -2.19055e-31 5.31861e-31 2.74084e-31 -3.29266e-31 -4.56158e-31 1.4529e-31 3.8799e-31 3.7838e-31 
-1.65454e-31 2.21669e-31 -3.35223e-31 3.64465e-31 -1.29969e-31 -2.81395e-32 -2.00889e-31 2.44792e-32 -4.67924e-31 2.1915e-31 4.53282e-32 3.42721e-32 -1.49887e-31 -6.30807e-32 -1.18176e-31 -7.39662e-32 3.93156e-31 -4.30267e-31 2.88016e-31 6.66089e-32 
0.313429 -0.0527446 0.430176 -0.0345388 -0.0792797 0.0477754 0.0148761 -4.58642e-24 0.0598616 -3.56963e-31 -0.227521 0.0533657 0.0830074 -0.113864 -1.06377 -0.0292267 0.00536082 -0.00500936 0.0370614 -0.0152387 
0.201508 -0.0697185 0.32141 -0.0192718 -0.141288 0.0876066 0.0151715 -3.46138e-31 0.09349 -3.36225e-31 -0.453228 0.329986 0.209807 -0.149831 -1.55407 -0.0237949 0.0155683 0.192535 -0.0634851 -0.0284085 
-0.684136 3.84183 -0.537019 -3.358 3.21954 3.28261 -3.44566 3.5375e-31 3.20796 -3.02477e-31 -0.613986 0.334158 -0.515948 -1.24666 -0.0633143 -4.63509 -5.51309 2.20085 -4.9468 -5.72544 
2.35023e-31 3.32056e-31 -4.34003e-31 -1.27218e-31 -1.86609e-31 -4.96018e-31 -3.1601e-31 2.13157e-31 -1.55868e-31 3.96156e-31 -3.0351e-31 3.29507e-31 -2.00204e-31 2.03682e-31 4.72363e-31 1.04085e-31 -4.50561e-31 3.74892e-31 -3.50871e-32 4.0375e-31 
-0.444383 -3.27217e-31 -0.802625 -3.18161 -1.33249 -2.59958 -5.38171 0.496565 -1.35226e-09 -3.36862e-31 -1.31957 -2.77822 -0.599782 -0.456528 6.49715 -5.6615 -8.376 -2.93358 -4.94438 -9.48399 
-2.77769e-31 3.8137e-31 2.90603e-31 1.8656e-31 -5.57899e-31 -3.2601e-31 -1.97241e-31 3.95717e-31 3.16223e-31 -1.46174e-31 7.68199e-32 -3.35588e-31 -3.37268e-31 2.79774e-32 3.2495e-31 -4.30554e-31 9.43468e-32 -4.41457e-31 2.77481e-32 3.27246e-31 
-0.0295609 -0.0374019 0.950963 -0.0606882 0.00491386 -0.0503568 0.213228 -0.924188 0.00897214 -3.50033e-31 -0.267202 -0.0989615 0.737941 0.151867 0.114956 -0.0687268 0.00320843 -0.0701709 0.109225 -0.00884195 
1.14174 -0.193453 
2.62254 -0.617646 
1.46222 -0.303375 
0.970222 -0.244564 
-0.158337 0.584082 
-0.0319064 0.115821 
0.326248 0.150224 
0.159017 -2.61315 
0.439877 0.381791 
3.5218e-31 3.5859e-31 
0.049978 0.0272512 
0.0353098 0.0543681 
1.37807 -0.323076 
0.201769 -0.0129577 
-0.107757 -0.539318 
0.797796 0.0280427 
1.15657 0.894131 
0.0122283 0.130918 
0.599107 -0.157552 
1.20614 0.753262 
-2.4195e-31 -2.21832e-31 -0.531165 -0.102759 -1.27893 0.367295 -1.51796 -1.27156e-31 -0.00757732 -2.46901 -1.81649e-31 -1.81649e-31 -1.81649e-31 -1.08187 -1.19803 -2.32496 -1.81649e-31 1.69751 -1.81649e-31 -0.0320109 
0.211496 -0.941416 0.396898 1.07081 -0.565466 0.17006 0.842372 0.319655 -0.404409 -2.25663e-31 0.22792 0.258256 0.287064 0.0818848 0.806941 1.83365 0.51853 -0.303599 1.13922 0.703591 
1.21114 3.45419 
