1 20 20 2 
-0.0648328 -0.04856045 -2.4309028e-31 -3.2147076e-31 0.84335834 -0.05304547 0.08993303 0.8720742 -1.3251776e-31 -0.069474034 -3.0953872e-31 -0.05329477 -0.05778974 -0.03804737 0.021676531 -3.08531e-31 -2.4389705e-31 -0.051487844 0.06482202 -0.06277348 
-2.7590108e-31 -0.073799506 0.03709947 -0.065367565 3.2261964e-31 -0.06063604 -2.3045626e-31 0.0001802526 -1.1910664 -0.0025445947 -0.11492143 -0.031536832 -0.31076378 0.040425118 -3.1463087e-31 -0.14771959 0.0022957243 -1.1738759 -1.8344104e-31 -3.292196e-31 
-2.9400691e-31 -0.5495067 0.13395563 -0.17606182 -1.258057 -0.046651717 0.092480205 -0.30532 -3.6155264 1.7458286 0.03874608 0.07298669 -9.398926 -0.2588236 2.579904e-31 -0.103871 -0.007376371 -2.4165373 -1.1352987e-31 0.09057807 
1.2323864e-31 2.210044e-31 3.2399048e-31 3.0824953e-31 -3.6587422e-31 1.249768e-32 -4.398675e-31 -2.1879838e-31 -2.3467132e-31 5.3652303e-31 1.5884161e-32 3.5167312e-31 -5.62074e-32 -1.3155469e-32 -2.2494782e-31 -8.9966037e-32 -3.5148696e-31 2.3239246e-31 3.2638908e-31 5.271868e-31 
-3.1697755e-31 3.2792872e-31 -3.1904057e-31 -3.0928754e-31 3.2042093e-31 -3.307095e-31 -3.059357e-31 3.3118879e-31 2.9733723e-31 -3.071964e-31 -3.2281837e-31 -3.0742208e-31 3.282018e-31 2.926169e-31 -3.3980716e-31 -3.098402e-31 -3.0849528e-31 2.877655e-31 -2.918168e-31 -2.8572934e-31 
-3.208332e-31 0.15275703 0.06448601 -0.010800714 -0.39423996 -0.032795828 -0.109816626 -0.17038648 -0.021784268 -0.02349317 -0.044237364 -0.14908408 0.30167085 -0.09312655 0.008668425 -0.06016312 0.03435403 -0.0058531263 -1.6206355e-31 0.10261238 
-3.1437856e-31 -1.6143234 -0.20778266 0.07393834 -0.014468324 0.1195584 -0.4402424 -0.015505325 1.6889044 -0.010249215 -1.5951959 -0.3588238 3.0964153 0.019331854 -0.105282545 0.09759224 0.0069564334 1.4059075 -2.6770828e-31 -0.3708419 
-3.2504598e-31 -0.009250241 0.13155024 -0.030957924 -0.0003776914 0.17940281 -0.16361402 1.2543097 -0.02594182 -0.18379277 0.012041935 -0.03683124 0.012713315 0.29264843 -0.09955366 0.6647659 0.039002046 -0.06797945 -2.608552e-31 -0.24866718 
-3.1694292e-31 -0.22085406 -0.1420196 -0.009072076 0.3462948 -0.120988265 0.07920637 -0.1991646 -0.007781274 -0.008840462 -0.008851164 0.10063017 0.24782416 -0.06693645 -0.07213478 -0.056954045 -0.11169576 -0.05481723 -2.8771494e-31 -0.1065999 
1.4446235e-31 -2.0677105e-31 -7.041463e-32 3.16902e-32 4.0861575e-31 -2.5021575e-31 -5.0693025e-31 -5.613596e-31 -1.3203552e-31 1.1100314e-31 2.0855515e-32 -5.466903e-31 2.9529944e-31 -7.31728e-32 4.292154e-31 -5.8691516e-31 3.4904715e-31 5.0145305e-31 2.68612e-31 -2.1346258e-31 
-3.1072463e-31 -1.0732285 0.023130534 -0.14288272 -1.405844 -0.025680063 -0.036852308 -0.24717155 -3.7856996 1.3919187 -0.30396083 -0.011971402 -10.679802 -0.13733895 -3.1935203e-31 -0.17869098 -0.065168075 -1.7294652 2.3157187e-31 -0.08219069 
-3.0465358e-31 -3.0309522e-31 2.898592e-31 3.0023755e-31 -3.1258033e-31 -3.1036733e-31 -3.097743e-31 -3.2507673e-31 3.120311e-31 -3.2344124e-31 -2.9966722e-31 -3.0963067e-31 -3.0415728e-31 -3.118288e-31 -3.1661588e-31 -3.0037177e-31 -2.9479746e-31 -3.0334624e-31 -2.4874878e-31 -2.9666746e-31 
-1.7744438e-31 -0.10042519 0.014661653 -0.052777093 -0.00014304598 -0.060231738 -3.306335e-31 -0.023339335 -1.1086448 0.03534488 -0.14915271 -0.031474806 -0.24493459 0.04638531 3.184134e-31 -0.07566671 0.020399857 -1.0033029 2.6617784e-31 -3.2923603e-31 
2.7285488e-31 -0.073910564 0.015438945 -0.06466486 -0.00024931214 -0.06055069 -4.3370804e-32 0.0050065704 -1.1586423 0.008115018 -0.11520099 -0.031528678 -0.2847621 0.035339046 -2.9730615e-31 -0.08664962 -0.031198572 -1.1383774 1.1688287e-31 -3.131344e-31 
-3.1192603e-31 0.21996176 -0.28985885 -0.52443403 0.16416499 -0.06988673 0.050430097 -0.09485965 0.14430739 -0.010033679 -0.22130923 0.028222805 -0.20275645 0.07341028 -0.27963978 0.023453215 0.108319804 0.31303304 -2.3239457e-31 -0.121274024 
-3.2500982e-31 -0.010258452 -0.22533493 -0.046004135 0.040402055 0.48159698 -0.2150515 0.048565067 -0.053249676 -0.41515452 -0.040144615 -0.27386132 0.021043682 0.24843973 -0.26595354 0.53071904 0.1608271 -0.042981207 -1.4037509e-31 -0.14009076 
3.333482e-31 -2.9254796e-31 3.0162172e-31 -5.4222997e-31 -3.2063254e-31 -3.092452e-31 5.230434e-32 -3.0435084e-31 8.2280543e-32 -3.386025e-31 -2.5076125e-31 -3.0044796e-31 -2.8621877e-31 -3.0733347e-31 -2.352752e-31 -4.7941183e-31 -3.1986534e-31 -9.301385e-32 2.4897323e-31 -3.3392247e-31 
5.8087335e-31 -3.1087673e-32 -2.3228856e-32 -5.0880634e-31 -1.7087898e-31 1.3047099e-31 -2.5888432e-31 8.17542e-32 9.8427163e-32 -1.0905688e-31 -2.491997e-31 -4.8608586e-31 1.9630533e-31 -3.3941997e-31 -9.3288184e-32 5.158935e-31 -5.322538e-31 2.9819447e-31 1.7598556e-31 7.436714e-32 
-2.9032964e-31 -1.782191 -0.17614587 0.117003866 -0.0944845 0.037916776 -0.48383868 -0.06923549 2.5473554 0.00040630842 -1.534616 -0.58684117 3.2687602 0.01644732 -0.13672453 -0.1221342 -0.30331796 1.4471855 2.9489345e-32 -0.32518515 
-3.124843e-31 -4.664309 0.46331215 4.343401 -0.06756477 3.7179325 0.52173656 0.97261965 3.7572372 -0.21497388 -7.4740763 -0.56752694 0.9184255 -0.0330714 3.3293257 0.6355356 0.59593713 -0.16377847 -3.5581248e-31 -0.45251587 
-3.0019215e-31 -1.5586061 0.04048881 -0.25205842 -0.6385316 -0.040774204 0.008148268 -0.26606023 -1.8422697 0.0061414223 -0.30536756 0.021335742 -4.5684705 -0.26038507 3.1290943e-31 -0.26614478 -0.20499547 -1.6072632 -5.380329e-31 0.0237213 
-3.2893802e-31 -3.2132916e-31 
0.72679186 -0.4571812 
0.0016675435 0.15463932 
0.17050812 0.20205487 
0.49616575 -0.2962577 
0.40969884 -0.24312566 
0.014848606 0.13915999 
1.5954628 -0.7509732 
0.16224688 0.49309576 
-0.03213957 -2.13436 
0.70838654 0.294592 
0.036666967 0.17993881 
0.6361981 -0.26398486 
0.8005136 -0.29429093 
0.6751268 -0.36470598 
-0.0011675213 0.118848935 
-0.0017270759 0.121435985 
-0.12144056 0.2711358 
-4.640705e-31 3.0027586e-32 
-0.007980295 0.1603264 
0.33212337 1.7726674 -5.428087e-31 -3.0114802e-31 1.9451362 2.259498 -0.17940266 -0.17526053 -5.428087e-31 2.4832385 -3.3619322e-31 0.25814867 0.31934744 1.3478005 0.028587744 -3.252676e-31 -5.428087e-31 2.1885452 -2.566903 1.3986247 
-3.1268991e-31 3.4760842 -0.14042984 -0.18465959 1.3005325 -0.33795053 0.09813743 0.71242195 0.1397316 0.4427481 1.5186528 -0.084514566 3.3201327 0.37850258 -0.5986082 0.55454904 0.22658281 1.184385 -3.1198528e-31 -0.44480583 
0.2441831 5.6662364 
