1 40 1 1 
-0.27544922 1.5035868 -0.51698005 -0.9701924 -0.22266547 -0.28847966 0.43383875 0.6270193 -0.068853356 0.78050864 -0.35304052 0.18872464 0.7072548 -0.87863415 -1.7875415 1.1651288 -0.24492626 -0.95205104 0.45640096 0.4876291 0.19263616 -0.6467786 0.7970569 0.1626211 -0.06565476 -0.79549897 -0.25559178 -0.26802343 0.79041994 -0.0632547 -0.06395677 -0.06435754 -0.6797222 1.3743457 -0.16257147 0.3923262 -0.06421126 -0.06540294 0.20343375 -0.7880764 
-0.12771301 
0.77200764 
-5.4985476 
0.073697746 
-4.7817307 
-0.14040586 
2.0478525 
1.5554644 
7.8797727 
1.1844374 
-0.02238963 
7.964104 
1.087062 
-0.023034006 
0.13488033 
0.7627294 
-4.8018856 
-0.028667577 
1.910156 
-1.7537858 
4.881016 
-0.13022345 
-1.0073867 
-6.304545 
7.4625096 
-0.17768772 
-4.785616 
-5.203268 
1.1742672 
7.1830955 
7.520008 
5.6442637 
-0.10154858 
0.7770212 
6.042575 
1.9394168 
7.374588 
7.492789 
6.9372516 
-0.09277111 
1000000.0 
-0.0009912951 -11.474186 4.282979 -0.0005983556 3.8263216 -0.0007354115 -11.800202 -11.599301 4.4547253 -11.595918 -0.00062910246 -11.884589 -12.223625 -0.00068760733 -0.0040886924 -11.6157255 4.203422 -0.0005789592 -11.803058 11.950688 -12.131382 -0.0008395882 11.466767 12.638391 4.242924 -0.0008922884 3.967382 4.1445 -11.591406 4.0728045 4.155045 4.062472 -0.000897486 -11.511749 4.0491753 -12.0643015 4.1199846 4.199188 -12.783879 -0.00082275836 
-11.288161 
0.0 
